437664
1890539
35443
244956
661800
4309
1890623
1105355
1229536
1890671
1006517
331980
950458
1605559
206688
1846337
579479
1890751
286355
18669
372882
817035
863846
1890857
1890870
74504
1890963
314272
1891033
825931
685187
1891101
826207
1891170
1685674
43011
1843321
23102
622995
3003
1891308
7727
403965
1891417
1891431
1874601
537128
910975
591681
1502779
1501415
132687
299332
445536
1891520
1891529
1656422
474381
19657
1891588
1653466
1859088
82921
1891651
1891652
9970
1891677
907784
635895
57222
57108
285320
1891741
5902
1616234
1891762
1767856
816
1453831
1517774
949476
1437134
1530940
286616
256274
72609
243680
1891851
49258
1891874
340620
706721
379042
635018
1891932
59284
1891983
1892026
98725
1188788
894957
1824919
619207
357700
1892186
410488
1892238
580615
479997
5
1892281
1892282
184469
143635
604413
19619
517544
138323
487808
324052
972647
1892442
1286255
873423
6072
518625
415461
1303341
55956
46719
235617
802
1892649
965471
29642
220473
1087867
1892739
1892755
788651
1892790
1059943
1738370
264643
1892922
753395
1837684
1867626
4958
1054089
1608963
1893086
1428792
92129
606043
597481
1893193
1731272
258418
233540
1238955
1892057
17278
1662
1893237
366236
1249504
1893204
148903
509873
1893197
102429
34250
367822
1893127
1874938
372121
2422
338832
642627
345024
592427
85177
449108
1893338
1893362
909375
351826
1893377
1300824
1787097
1369507
929952
1360397
728698
1825017
1886753
5
160144
824688
577107
14164
504993
1829451
1738840
1893509
1768323
1249688
764712
867031
1893379
1708899
1686358
1893538
1844568
1873049
640701
1449293
1893099
1893533
117658
1643262
4958
1500436
1893612
441754
1893598
1893329
91823
30057
558305
1893666
449390
1893557
542460
253739
1672603
1893554
1893686
1872891
52300
1893532
554453
1581465
629270
1890916
2341
342
572330
1893815
374359
1542431
786885
1462167
163746
1678842
1021814
1893871
493103
1893854
1893706
232863
1762967
7580
1893677
1244766
257496
441
1867508
1891705
410463
1850787
404180
506196
753594
1850974
272065
946603
1894018
526609
247854
417842
1507234
1825401
1877053
127279
1893999
911074
1894057
8978
752932
1893260
1133292
82723
1894082
170838
660355
1872987
1525631
1894086
245439
737915
1528124
298335
1894142
1657447
41541
612566
221537
476188
1894192
1894201
730084
1894105
1892489
739851
227872
1500196
6823
416114
1894261
531240
1426354
476818
1894274
1894202
46897
1894219
137160
1894279
1746423
427765
1072070
1893442
1894353
809003
1845943
1338056
1894377
1880097
122276
1870037
1857495
1829022
1894383
834937
1894423
1066493
1891087
853248
51533
105875
121956
1891816
316334
117000
1460433
1894291
181504
319334
608839
1894540
1822
1893412
36268
1016396
1894589
1894645
1894648
1825413
440649
1167486
1705613
1550144
388837
1894374
1608956
1757
472822
1894743
1894723
1894627
144945
945692
1437159
329148
1681110
797167
1894771
621252
1165788
492485
1125725
1864497
299
1762184
1894735
1894779
452708
331
1894792
527374
548199
1894498
1877113
1894746
1059939
1894856
1894853
1738513
1080195
598401
1894727
1058827
74211
19511
1315713
1632013
1139088
1894874
1632159
1842671
3028
1894983
1254215
529394
83332
419960
454599
1196051
1895030
709513
1895097
570892
822214
67496
57734
933077
1895137
1147108
363697
1894536
441398
162216
1895139
56985
827225
631126
626005
1517069
397249
1895251
1895269
1892555
1537760
1895318
1846058
1497447
1841967
1895362
504036
169536
1769075
1276284
1895397
1165971
1490111
1895386
1638228
1895447
709540
760452
1214441
259693
1895501
1505601
1895449
327516
611882
1895487
1744961
1083449
89751
1266
571953
1877138
177161
1895566
735091
13482
385003
576478
1763286
1857188
1877187
680460
615598
621776
1895635
1895638
654347
28081
679660
895055
1873591
1836485
278881
1883665
1034840
1814946
911476
897914
155908
1757259
1894982
960232
8701
23865
1895774
463201
1814762
129954
402941
1475696
1260188
1274834
39781
1725109
110759
1887852
1895854
1860458
80456
212381
87687
9970
479037
421896
1813160
1895962
1666206
1631511
1895971
65424
527428
1114552
639
1837067
90286
467827
114633
616438
1895994
1895997
1895934
1877673
646580
633561
410026
1816817
1380103
310963
135276
1896077
1896106
12013
236870
1895333
86457
1576433
676580
720092
1891675
71240
1896183
436802
1896222
25522
5
138834
1896201
1884430
106318
1896101
462022
9970
432
373025
962173
1266719
1896245
1896323
1261322
1896203
1569
586474
1093093
1023652
770
993
1896399
657611
103596
160830
1767388
1896476
79630
1896465
383214
179121
1896503
1823713
1896488
358495
1779954
624405
60261
1896557
1620530
82514
1896532
1896640
1896590
901647
1503224
881085
1238218
1896560
1896344
1896687
208428
1896696
1896702
3297
1896636
1896726
1283269
1896712
1881342
170038
321179
753853
1896752
1824150
596214
1140879
705433
1896812
1146467
1896826
639152
1493
629135
192186
1896823
1678101
1852332
1808299
1054598
858573
341679
1517424
1896332
1896877
2061
1896908
102
1266837
14832
488687
1821958
1013088
1896998
1139924
77284
921306
1080317
1894290
1840105
629484
493292
1897061
1897029
758637
537774
1731443
127321
89052
1643205
92163
1539329
1897075
422080
9286
1705613
1897076
1669157
926690
1477412
1611743
1835607
1896947
1593689
1897136
1897105
1897172
312501
1897193
247877
68081
623515
1897148
5342
87025
292543
1256738
1347712
83298
1865652
509668
346480
1823157
79910
247715
10453
1893763
1897269
54869
520175
761166
1431144
1111009
1897268
1897337
1897369
298
231
106762
414320
6952
1887561
1265097
1002429
433797
987867
1524922
729453
609364
264505
918
136181
1897489
1425804
1493
1897449
1897525
289179
908021
134609
1799490
34596
1897528
313574
1026459
1897552
60862
653974
1870813
84336
60290
1702698
1897640
1897326
38803
710302
1485764
212311
1263245
677658
1046721
1873062
68278
1088226
1897654
3621
1819700
854818
12431
1897582
1847985
339863
1884681
203593
825796
431587
1897752
1753660
1897829
1897834
1897836
1807407
1868004
60867
1854969
1897857
17440
95981
614921
257919
141729
149851
85934
263460
1806711
1225402
1897896
1897926
1452778
4958
751141
256104
1529956
1897946
1266766
309142
58756
1897993
414163
1653781
1089353
5097
1897698
151937
1898018
1898020
2871
1441196
1898042
39528
782155
1898047
1295705
1788307
11124
287810
394210
1825569
1048733
1897985
731214
1898119
929719
648888
1897933
671566
1898196
1141353
423744
1113638
525012
1838732
2061
1898236
1898238
52295
406818
128310
1898189
91737
1897690
2422
124635
1159481
578032
1898229
1898255
758635
3396
1898205
1898295
1898160
121987
1866449
1898252
1898319
1898263
418600
295491
1449962
340724
1616004
1898340
1851676
1897995
1898300
57463
414332
457455
1430714
1898388
772740
194421
1676727
1753132
1898375
1551300
620425
516520
192563
1596170
687746
1897889
1859427
213383
528441
637427
1898409
1898466
1897704
1898417
642003
960582
471707
1445453
1301967
917290
558606
1898480
369804
14404
1897996
1898481
7049
1898538
1898468
377106
1825878
1702238
28540
11337
1898573
1898583
1898521
948840
113906
71345
9361
826868
199496
749460
1898626
1816009
976261
133247
201440
681173
1045767
1840593
4099
1592952
1793166
160506
925792
1898619
1898590
253
1881500
4634
86760
1898673
1898702
1228319
1898347
1898720
231952
1652982
775831
442068
933881
67819
1002117
1832592
1831818
1898778
1898740
1014891
955047
682365
1898793
312039
1898804
592991
1898822
1893872
1803371
426665
1898368
126745
1848271
1898857
1429194
1898871
441
1898890
1898902
145844
1898905
1898910
6038
1211255
515916
1898861
826927
170464
1898942
61973
4311
785770
1898957
152977
4947
177460
184449
400918
325021
1898980
600734
463389
1899015
894710
1887537
1899000
812687
52969
457447
156459
1899026
441337
379483
523930
1386178
701
1899083
1236850
1713783
573487
1899125
318447
762978
1852157
460955
1899135
1899133
1897510
524028
666241
1606354
598784
3470
1078290
1822541
705602
22543
534027
1899227
342731
1260147
1751367
351384
1898947
1899285
1899289
1899268
1899270
1899311
1168150
669442
12897
1888142
1724530
270339
1263753
128562
6400
1899301
1899352
91713
500506
1899204
1899340
1899378
1899421
53799
1899379
126063
342186
772178
511749
879306
1894223
1869234
1442046
1837760
153689
44600
1507895
529694
899802
1872489
1036097
500966
1004749
1899517
58442
367371
82874
1702278
1125495
1899508
1899532
1899608
1567987
1899611
69613
458731
74304
1791326
1236
376954
210465
8547
4719
1899700
1792653
10948
1898122
1899734
1899735
24409
547763
203659
1899771
1899774
465176
1273928
284481
1899764
1899805
1545969
5360
518687
1723902
246657
1899811
1899857
1869115
680069
1334335
1899875
1479002
717
1487563
400238
1899766
69703
86737
169977
110139
1899957
817043
1783
1899966
1541330
305248
1883939
501639
1899999
917572
767268
562128
1023690
1900036
1886172
1876016
527741
1900056
34995
1571871
644054
570330
415566
1547516
200055
1058054
1900047
448376
491260
1900154
43296
112872
2353
234989
960869
1899904
1756923
1113461
69833
1900160
1414955
682166
1090689
9967
638059
1900201
1900055
1873940
21979
1831954
1756883
1900187
141228
697251
1900256
1889563
305226
1900204
828148
268201
125021
455954
1900083
1269632
1900314
1900318
530067
1900329
935140
1900337
1900305
1900348
1900353
987989
754541
1472530
88838
645197
8852
1900410
582130
62914
2708
1827157
235073
1866691
1900459
1900093
1900391
1900479
598699
873277
1317176
1772851
312951
609884
1900497
1900464
1578936
1900511
904132
1841516
60439
1897726
922460
1900341
1587780
180932
1900552
30368
1900575
1900613
87867
748725
1900632
89828
270086
1900635
1900570
1900590
1201009
2258
462039
564091
838106
11583
1900730
1900248
1900713
1900765
1900770
1417718
17619
1900780
1900808
550837
1366980
253151
163288
159819
1502911
566806
130911
1834232
1900791
468063
1900814
668589
1900852
1315
385333
15964
55590
1900888
368667
37061
72634
1900944
1767499
1900980
34406
1900934
1870410
291363
754483
173729
1901072
1444341
434437
1003442
55184
1898716
923782
97397
1901137
1901144
697012
1215068
1872503
205
1901092
1658435
1901187
408364
24845
1895636
436268
394335
1869621
1900771
1898138
1067753
1901197
680735
237491
197013
504930
1901013
1901227
1296016
1080658
1063290
1900684
32560
1370930
88666
289413
1866
1757191
1499270
82476
1901329
484666
453592
4184
1800185
437541
1628534
26479
1215848
876469
1405745
1901408
1901391
191880
429912
1901339
1901433
1901440
1809529
1901456
1901469
1901474
139977
1901413
1901492
1901444
1718072
1901485
1849958
1901435
1844302
1901429
441098
1901454
228788
1148333
1556290
326268
724037
1901538
1901537
1901566
895505
1901481
1901521
958354
231097
1884157
1901628
2265
1052012
1901671
1901672
1299592
297712
636014
1846438
190655
1901701
528231
1901074
1901514
678
9093
1733
32746
655690
362051
5154
940272
1612999
767138
1870656
495676
1901755
1507649
596164
1901797
851084
46094
663783
447666
1901838
223624
1826024
974533
727708
342177
1901878
12482
947814
1842095
1452377
1901754
1901906
1518560
1900186
1901965
1901993
1107282
219705
1787980
1828580
1788057
1873383
1841993
1901981
1902003
1902104
1812119
5154
407259
644606
337141
1902054
1902100
164618
1902129
498833
1902130
885566
1902145
1618834
1902060
1902040
668267
1902088
22498
1045058
1902271
50374
336061
1902279
1902109
1441356
566099
175517
47265
321122
3071
248357
1465057
1902380
556984
331
1902423
1902371
1881311
151152
1902335
1902408
1114422
1902428
257781
818707
592380
830465
1902497
96211
1902512
1902493
2440
1902373
1902532
1336174
1902443
1902526
1902533
1902602
1902432
1902604
231289
690300
1902260
752419
246155
1902474
62785
193189
467923
150133
1902661
562419
1557083
1902691
1902253
868138
561008
1902749
1902787
1902472
1632862
1902816
1154561
1902825
1902833
992031
1255298
1360126
1902820
23288
599634
649715
316415
1721244
243704
1902822
754313
124030
2870
1462476
1745536
565479
4719
1605342
355307
303723
432301
1506510
445001
1903030
84932
1597253
346728
1902664
1902630
1822360
1903092
95136
1783537
595176
1900157
1903106
1903124
465940
802
1903123
1903120
1782300
159858
1903017
188740
1903075
1902858
1903264
1616814
4184
133735
1903275
764797
1903277
662068
1803966
4039
1903326
1427991
443153
1653283
229588
514586
1903366
1728287
331335
38170
1518043
1846324
1274714
284863
1903347
50999
456336
1851188
1903462
505868
1903467
1903419
1903478
1858795
1885009
433305
98793
16110
3417
1903436
1903505
1901853
1491842
1179557
1495161
1268234
1846889
1906
2708
1723560
1903604
697981
715255
1550346
1903485
1903487
1903486
1564272
1903450
1903619
148188
1903645
733557
742225
1903668
1610898
896083
15758
1903708
183668
1846712
1903648
1903395
646164
82759
462735
1729054
754279
437135
1841498
97539
1877662
1903788
519480
1903783
818641
1903843
79091
1903476
953156
90711
1526690
1169137
5773
1903874
939528
1903702
1903853
1564670
1903929
85979
1766814
548306
1903797
1162
774485
1903820
1903463
3028
1206043
1247079
164157
270993
1828912
466176
1904030
1904036
386091
1495387
421109
1904067
1904076
1904082
1903995
672188
615543
5010
446669
50356
1521162
755892
1904148
1904149
494640
1739572
42228
941772
607961
194892
1904121
1903899
1904181
261366
4958
129986
1526617
1904259
619518
1904274
1904144
1904238
573547
1904330
1383830
1904339
140362
873630
754177
1790435
1904378
1749735
1566268
1621113
1880514
145394
1901232
1904171
760515
1392061
1737604
585625
1904461
1904441
2615
4702
328325
1904348
972805
1667825
114969
1520462
598728
100162
1325516
8701
1904492
1904048
1116860
564791
9472
742862
895047
862085
1904678
150229
120773
808310
690940
749627
383399
1904494
987922
423594
1823624
1904797
1904786
156734
1550122
1904712
1107768
1180380
743994
625779
1904812
700226
727232
1213151
1904856
222805
1904636
1904853
1904945
414697
249906
1336345
149161
77227
1452264
579916
1905039
919224
1904976
1750370
1905069
816188
115959
662159
1905022
1659730
22130
646616
989809
1556330
6919
1905008
704276
259419
1905123
1062249
1904985
4597
1840012
1625478
15410
16808
1865735
106441
716
318720
1905302
232316
1905248
1666730
1905245
1905319
45002
1905364
368324
1078192
1090101
505267
823134
602190
1905322
1905255
443711
966886
1904300
1905381
3839
1905415
296072
673847
1905231
201493
1905475
87844
1748587
281798
1293648
1783144
917975
4538
6919
1243814
180179
1905555
1247186
1905443
1895319
1862562
1848173
1009279
116160
9361
42721
1492319
977440
279324
1855542
1905410
761577
1905665
101295
356782
1905463
1905693
13572
54205
525785
1905389
1569
7709
395930
10740
37972
1793553
1905826
1905674
1788597
1905837
1247070
1905279
52214
115999
1242912
1905875
25765
1905850
159620
428358
1905798
1905714
699165
494985
655781
129903
143758
1905986
997844
650419
1504584
1607381
435579
1905735
1906021
1892814
1906038
1906039
1862395
1565373
6381
1906105
1473981
1906124
205
46347
360761
1906214
1825711
253
335247
1906256
539936
1357349
1906320
299671
1906292
65983
1906241
634524
626353
1906332
1906199
131811
1906389
984883
1364684
41301
1906488
217363
582203
75526
1906522
481817
1728285
407951
76766
11184
597364
1906555
1906620
1408579
1906636
269121
1490982
1027772
124837
78395
18387
13834
1375
1906653
1016031
1905921
138456
1906517
1906678
377527
60940
1906834
1490884
22896
1906880
465
533907
405727
1906842
155339
50581
1906984
1130316
1907007
1300723
53361
1588031
1738955
1906891
516595
112109
253675
493889
37069
1907114
375039
1533760
1907115
1606287
1561396
1000075
1907239
1429594
1661182
323945
24333
1236
1907298
1824590
402
1906568
1846351
1620528
5
1725864
163562
1166985
722791
647712
24789
86145
14164
1166701
1906154
347614
1906500
758233
1907458
1907552
1041734
131661
1907577
1829822
1459563
1907636
10183
1907568
1518405
1907588
332933
1907641
1704070
147164
230389
512498
1907640
588751
1597721
133429
1725776
841485
101209
827653
1907778
999743
419822
81941
1907782
1449453
1907780
109832
1440097
1907362
309010
224560
1860841
1907900
1654578
450973
1749698
1906886
1907887
327398
901376
1133558
1907922
277
40589
23688
659239
766457
932055
509202
1908073
1908102
470799
5367
1908170
1061469
1908101
29843
1908215
1549070
1908149
245557
1907961
1908269
1908139
144130
69623
1202
1196640
1908093
476018
1565758
929444
489565
697366
103412
352197
317652
97578
558850
1908319
893136
1908425
1908390
456067
1908347
1686763
1908408
44385
1907848
1908481
92758
924821
1873159
398097
382990
1266
926989
1868463
618347
27940
1042465
330490
1908527
1767255
1049915
124087
1249469
597440
78609
423825
1431485
907401
637594
2570
41541
1908617
1908638
1908586
38018
1290248
1698085
33161
122593
1908755
377149
1364316
85565
9809
1423106
294971
52759
1288884
525387
128286
1909002
2976
93938
1908842
1013406
1908859
1328190
1853756
1277428
698803
42376
613933
448800
457653
1909011
1909063
1775952
1908834
165157
1717293
1909206
117499
215013
1909293
118179
525021
1902418
3028
1909056
357075
843040
1909337
1909180
750714
714787
1754047
1621280
978435
1909295
1909194
13004
1552718
1612985
1474930
163967
1620391
1909571
1909570
1870855
1909596
1579094
1657358
319843
1715460
1909550
1909683
45036
1909562
1909239
292515
5112
284166
548652
161680
11540
226446
150918
1443341
72079
1909795
270444
1909712
154279
1885041
432
112469
3929
1338246
106729
1909682
571105
5116
82457
4702
733773
1909907
1909911
419757
1909880
1909953
1909536
1614119
64754
1909854
1909889
1802011
1352904
81446
410202
1909920
5097
2564
334028
675716
1909872
1910091
1910123
1695902
1722172
1910158
1910139
1908614
1909908
786172
1112019
1910162
82329
1909862
6091
59330
1910008
1845903
1910089
1848251
4597
1910138
1910251
1004371
1687019
1838249
1419367
1732833
182646
2340
138283
115881
1910352
37493
1848713
123023
409078
1910216
152314
84579
1910596
378703
1910326
1910533
1910608
76573
1909167
720698
453663
1007364
453641
589651
471107
22498
221006
957434
1615850
1831423
49223
1910622
3621
489561
42292
1910896
1910870
1889
1910830
612551
14017
1910942
261235
1910869
1817396
433131
1911010
1910817
1702272
1911045
463799
14717
1910427
799151
1911086
1911091
8852
1911136
395055
754164
130800
1078101
1911135
1911006
263599
1911104
43506
1910813
1400468
184791
1911168
1911196
1701638
1911066
1911070
1911237
1911340
1911239
275550
1381734
452453
57924
1222359
1911229
714036
1265218
1911475
1184680
1380790
1004672
1911436
317773
529982
462277
433
1300249
1911430
1911518
1890696
1803150
533281
594148
1873530
1572476
335003
126749
215249
1911526
1911546
394272
1911645
1911515
520500
1865546
1909131
1911449
1911680
1911782
943587
1862632
1031544
75881
1587820
1911372
1911893
1911823
26901
128762
622494
1052304
94425
1911664
469934
1444600
132961
346441
136187
316321
126909
423795
1863950
3114
1911923
121782
246357
1872225
1911841
1004681
1911852
1912054
703109
490397
1175240
1911605
761212
1912193
4039
876840
1468706
1867826
141502
459187
1751
1912078
1011235
22130
1912077
1600283
901044
381676
662238
1791588
1912214
1014342
557636
1732238
429047
6204
289384
1770546
13106
1912398
420196
627204
1912267
1912389
128153
412814
822508
1912513
366439
513163
1912275
35236
1718792
1912475
1912436
1912462
1273358
678581
1340765
515692
1903807
636337
57948
1912552
1664246
510122
98985
102029
1442099
1912308
409307
537751
212161
529142
1901516
1912596
773623
102724
767243
1912408
33024
1912636
4597
2945
1162
1887849
510994
1912669
1661470
1912846
1714700
55325
462165
1912785
925108
564206
1912874
3074
126302
4719
1529512
112850
2643
782281
17865
1905084
6823
13115
727567
122451
1649192
1913069
1247386
166149
100609
1912885
750588
1912883
932354
519301
1912202
1913055
1913167
477357
233509
1909445
536307
1634049
1414
327650
878485
1261017
925002
1913308
10626
1850162
6051
1913022
1913393
271873
670849
1865576
1003266
1913439
200966
263205
1848730
929195
1913373
1913527
751231
181919
1121995
1913155
1863845
1414015
140684
1511438
1913619
1877798
1884391
11184
16669
491171
67343
1353007
19132
666190
1875196
212370
1792182
542509
1913672
822970
129038
1913777
1912807
1913700
734441
1913823
1314124
1913775
1913841
1795646
58749
1910589
1913857
92259
359496
1126044
1327782
1913753
1912564
1913709
1913977
483616
1387304
1913969
1914045
996376
381297
745280
1653176
4597
15433
463758
1914070
448189
1914140
218251
1914155
1914084
1685
1899773
1125019
1161576
1847245
532257
1914199
1914307
369930
76049
4972
288094
1371264
114801
1822145
162458
369910
508062
102707
155329
318532
71164
1914449
193682
1172817
4597
478427
1914365
1832548
1104371
1914486
1265761
16031
1824966
896684
122190
1051889
1914654
1914639
1914531
60769
130109
60768
143745
1006
1914670
1073311
1313084
1914613
246531
1357869
831046
20130
277
1307448
563821
451650
399575
1773729
1738242
355500
1915013
401995
1914920
1914534
1914916
341911
54675
1915129
1845437
567862
1523266
1915071
1914972
1915191
80451
1915086
131058
400017
1915209
184442
940341
378510
603526
231784
473553
1914550
4711
1093962
66391
1915270
1915250
713053
968032
1915466
1914824
761829
1915457
1915410
1903220
1913971
1913965
1144692
1915424
1048969
213979
551895
455071
1391
1915371
1915582
1913795
1915419
26952
1260260
205657
1915543
1911240
1084218
23307
376548
371451
902879
821529
10475
142365
722763
518506
1915714
693254
1309680
1913836
1915735
1148721
628343
40505
1450133
1511273
10524
1915795
328035
489549
1074582
1340905
364541
236301
216296
99978
57168
1672719
232641
1916071
1836727
77862
175214
745010
1247070
551389
94875
383874
1916176
1115256
286067
416145
1820783
300464
68806
1916032
1916197
1916251
1767853
49647
1916167
1821088
1916283
15964
185027
1244388
47640
1916225
1846293
1916408
1915633
1916348
1667818
1916478
92661
545883
1916442
497559
486950
687308
1632916
1916218
164899
1916504
1916574
969457
253166
444306
1916466
1484550
1900571
379150
5790
1587895
1916471
1608312
14657
1892161
1916626
1916688
1316033
1602859
1916706
407020
257898
341628
1916733
1915260
1916606
1916587
1916799
1252099
441
1916720
1916779
1916811
1916817
1113216
1078162
135650
1895185
433302
761809
892905
606401
10935
46627
1831625
3435
1917001
465127
638859
1917005
895925
1917043
1697127
1128738
1916833
1917176
1916966
1165618
56823
1917234
249614
13115
4439
461414
1917268
536120
1476309
404662
486485
1904913
179496
713069
41168
1917100
812882
1140977
550989
862984
127993
1102471
971343
1917356
1498945
339708
798665
1831703
1463468
42636
294029
653217
569878
1917291
300619
683
1097291
2565
322052
1917747
1527413
1917434
1439
43946
1045571
1298240
1382614
1087266
1718716
1824144
1870169
1911914
1917585
1881907
1654993
1917714
1917800
250157
1523960
1917759
1918001
1917914
424787
1617992
667208
788207
1899128
200503
70646
355929
1629
462141
1917774
1358
1212
1578843
1204124
1481929
8427
1842745
1918270
547458
898606
1918173
1918309
2340
1918150
3302
1918255
946643
1198701
528062
24407
1696623
215435
1918349
287580
1661354
924501
14832
575255
1918388
1298605
1918523
1585280
498326
534673
1100127
648721
1918582
1910653
101772
993
1214551
942060
1611630
1918399
690808
1165390
899423
686820
1908960
342
293541
1918779
1875013
1918790
1236
1918809
1908060
4875
903392
921897
1174980
1834863
546294
368687
647982
1853259
1447415
1889686
1918663
1484076
1919057
692474
386834
290179
775998
90113
1072977
1919023
1919098
1277108
1919006
758554
1919205
1700820
1919238
471869
1919311
1919212
7708
95873
824704
129195
1919257
1131110
151483
1877732
1919508
766839
1681266
1358777
393473
565734
917798
1919379
528648
1919585
1919547
1918739
514578
1240244
537325
905670
70242
1254296
1919366
694504
1919647
1919612
1919504
139041
1919002
909672
1919537
439644
633331
933723
1919049
203692
1919434
742276
717
457810
418172
9401
1919879
294575
265844
1919977
1919944
170468
1835882
1918973
1919932
205
441
667960
415251
1337925
1920083
1919743
1919863
654516
1919956
1920107
1046292
585676
76280
539308
802
1920029
7432
277
1919934
84273
1335244
880311
1348746
1919280
1118549
750380
208969
136319
1357720
371794
121027
1705583
1030441
332877
1919609
1920356
90648
1632137
1919829
550348
81341
1074604
872572
1920454
758590
1920429
1033509
1920229
1920508
23158
1920489
17068
825991
1920599
35491
1536753
1920638
1920559
14964
1920672
1916323
1920517
196045
444066
1920752
490401
1531632
995316
1920798
1920586
983531
527520
1790468
302219
1866448
1874119
1920736
494944
1825749
339131
1635539
850348
1920830
1920813
1920888
1869836
1728538
448102
1599378
459485
1920340
371071
101953
1920969
1920959
1656058
537342
130779
1410890
5367
1556275
1920977
781766
1194188
662538
1921060
1906700
295044
1903682
16453
1921152
1921244
1478813
938813
629150
1489262
1918942
43719
692083
1921059
1921388
1129791
601305
1921224
1921447
1881235
30700
368465
2647
1492048
1921280
1912760
145717
1921341
1921520
924964
1921479
745134
143687
1921592
1748680
5279
180659
1680865
1215329
1792779
1921495
511064
499433
1921783
1921714
1921681
306295
921296
182649
521041
98874
1913650
1622319
223939
1910424
1110453
81676
563207
1921865
1921880
1921702
1921868
172450
646124
1921744
906078
1921981
993
1922040
1921927
1921925
344149
2258
173263
796978
1127186
17865
801
6823
953905
1902651
691727
1760989
512726
1393777
648547
1071351
1922063
1219697
407407
1922091
1444970
1920673
1921670
303167
1922247
1527069
1481238
342394
173028
1921775
1921698
1518276
616916
304921
1922353
128853
1390572
1919600
1252945
537456
1922184
1225808
1042070
1922397
2976
1922482
262616
1921842
1670409
128541
602717
495372
446705
103762
1016674
166936
110060
1922594
1820928
1025682
1922609
1703003
1922520
1922542
1596117
1919348
1921772
152627
438595
1210174
1393717
542335
567861
1922135
1908401
1922788
623580
1527936
140623
1922603
1872128
1586723
534973
126357
1922728
513600
105708
1922734
1922580
1922874
1922765
1922893
1745944
1641018
991912
135913
1921780
1923026
476752
1922832
1922922
1275173
1923077
530894
1487474
6038
1428944
453331
820963
1315
1511841
213542
1923159
593668
549512
1923053
1923046
33002
1923204
624255
1289290
1923262
1922524
1744119
1923278
1086158
1923235
1923095
1863
79910
1086300
1923161
1793641
1595175
1829480
1856870
478480
1768766
1923372
1919287
1923071
1923370
736569
488172
1091754
1882036
1412494
1923323
1923456
1794599
694348
1923418
225062
1517233
1014526
334981
179002
1923491
1378776
1923590
1923498
1923599
1923063
489
1841441
1923485
1923735
1856057
1923363
930006
1877613
1656233
1528476
1923778
896419
665992
1457363
132566
777828
750524
173351
1923231
173385
75912
121467
1109813
1849322
373050
1922301
1923814
1923908
1923903
1923921
651251
154157
1559121
1923884
16513
1316200
1923895
506004
28997
485410
1923947
36405
755602
20831
7489
1330682
1063867
1924058
1923933
1924030
652625
1924169
1924222
1906
1921198
1577777
415876
1924221
164715
1922915
1924152
1921355
582680
194580
641839
499068
562164
2710
1923321
1042811
1924355
1869467
466197
20566
1733756
1924311
1924224
1924374
129292
1924341
573926
415402
1889095
1924381
1832849
297520
915348
1730590
1924070
1889668
1923559
1924577
1924519
1924512
1924572
10350
457869
749786
1924112
442919
10948
1923655
1924593
1526119
1924679
1924762
259882
1924823
1085092
1924845
4947
40249
1790217
1924883
1924780
90015
498255
1788671
5641
135678
1924891
427374
1339482
76341
1007638
1843401
1349102
282487
19816
1924951
3028
1525432
90233
1383559
1912370
427984
447541
1924703
959413
1852638
37663
1229389
653339
1924895
1924529
1924987
907809
132399
1893630
231150
1554723
1925246
1925254
541073
1551960
530458
652317
604819
1800217
876873
280756
1833682
1417240
208438
1924900
1715159
1488014
1142084
459093
358134
1835789
75674
1512162
1925295
7362
1526638
44126
1061163
6177
1186917
39776
1836665
628527
1598203
1881120
1925491
1076520
440948
1048473
1229239
535765
1883255
1925502
1925394
1920384
435392
853188
1284633
1925141
774633
1283691
17770
235243
1564906
1925674
1365875
1915929
1899436
1268976
1426209
1260032
1925336
1925784
1925683
1065793
223493
1291198
1925810
1925819
1925839
1925676
319752
717355
344219
1704488
1923538
477731
1211021
1424802
1883369
952555
1925981
277
1596332
1619120
1925936
1847982
1527696
70784
378438
1926051
1926128
1523084
2725
899967
1618750
387924
10350
1250866
277517
502706
7709
1491135
23747
1926058
1926251
1926247
2564
1850161
1926331
4493
1926311
1924725
38450
465132
468576
87061
1926454
1926470
1926356
904573
1524759
896394
690802
6823
1926480
1421874
1926495
189860
11971
1926548
1054818
499710
378903
1926612
1926647
992984
1926637
2702
1212
1922903
11971
1926756
532635
1926551
379898
1926609
195958
2643
600924
1926781
392038
79259
1924740
1926627
1926798
1820
1012286
1926090
247424
1925056
1926804
1895886
90131
237381
1852525
1841394
892025
1926796
1926919
1926932
1926933
580287
765696
1590154
1926950
665240
1926281
1925316
128104
904417
1344490
1926960
1927064
559239
182164
1926953
1297379
1926556
399660
1927080
1925396
1927137
662206
775882
1913133
1265396
477225
1927160
1925724
22349
109824
1927265
756424
694286
1927231
736504
154767
399979
292131
1401353
392301
1241004
1927361
107351
1741223
653177
291342
1927399
1927294
1291137
710614
1927444
1927295
203501
603812
1178135
1927340
1798783
140568
477137
6919
164818
1927396
491648
330981
1927486
118684
403319
1927584
65746
1927607
1927615
1868036
935905
1052373
1927534
38334
539816
457973
394300
660365
1461821
1672438
346248
679218
1927653
875284
741579
18190
1927742
1557067
1927826
86622
1920897
1855310
152579
1927873
1927901
937497
1844906
355818
1927807
688796
1457180
790753
1878868
1648836
1927997
1223567
387410
9361
680554
10948
1215176
383016
1928017
1515060
1429591
297072
237840
1926561
1928154
1780955
671371
1130110
1010503
314623
1928182
1927903
1928116
1504
1126109
1927969
476139
158836
1925815
1928218
625852
274782
1606327
1928303
1928314
1928202
1928157
815438
1656495
445704
1928381
1928301
1928230
1665187
962129
386509
1928447
1613
1081401
907355
1928337
1928390
112335
1849046
148444
1928519
1928458
1928404
1928558
369455
903209
662546
1928573
1928186
1928582
271785
1172636
565294
1928512
1831
1928277
1928536
734017
1928570
1928472
1928670
1928674
1314304
97789
897947
453176
383417
1928735
516407
1927540
1928763
1928630
1480334
1928774
621805
198791
183553
1293207
1482850
527140
258690
2178
33453
5709
1531445
203514
1023927
1852703
656219
1259334
60289
14596
1928928
151656
309256
1928588
1929026
1928993
1593452
1928857
1926529
1929124
1929089
1600687
1884381
507398
691204
12500
1929095
1086950
6051
57777
1867714
551550
178197
428136
1929135
1929189
1285952
577875
519511
1929071
1140821
941427
1929196
178249
1926087
123406
1929314
1268991
516754
997426
1533171
1908706
1860526
636142
468762
1929492
1378116
510553
299445
1928969
761763
110016
928210
409912
651073
1929460
985134
9472
329826
530013
152812
1498842
405863
952
1929587
444738
570303
1929641
1078005
1929658
1563738
48988
1929224
1929530
1929622
1929583
1851529
1554731
159289
1840640
498969
278788
4597
496121
22827
1929808
1929751
757222
129047
1929747
342006
1911505
1184096
87340
1507428
1929840
473954
629858
4473
1929684
356038
2570
77584
126226
268263
1202
1038141
4184
1929899
1929877
1929882
1898086
60605
102622
1929767
262331
1929860
964271
1929938
757222
1929951
1930042
313133
147068
196363
139760
1929926
1930101
384189
1122804
1253322
1267328
7198
445010
483365
201946
1475050
1930140
1790936
1930119
1930141
624399
224488
138254
1863395
210285
145130
431702
1729152
1930181
86388
1633096
1930239
892434
1851149
775584
59802
64507
359823
1930396
692311
156248
420186
1930446
150046
1503958
783
1068389
1090346
1929279
318051
1914633
1157685
690854
1307569
4042
9775
1248403
562065
1774
813827
431768
633990
1103262
779657
1827154
1883174
1246384
2349
432513
1930598
49759
1900361
69779
259110
209454
1930698
1930714
1930713
1930776
469836
1930706
614250
1930716
1706337
238555
1402794
1930835
1555062
61402
13603
533812
504234
920931
1539897
1791013
42302
15959
558773
1930605
1783382
1665168
1930818
1930967
1142019
1930986
1930938
1630184
1874681
1550679
1484212
1931005
392270
553776
11187
1545274
1931049
782838
667344
1031346
1931035
1931053
1915087
1931040
27206
580182
83993
1931135
900691
216652
12731
1504643
1617796
157901
1930997
1931204
1931143
82675
120999
389173
62402
1066109
1931272
1931193
1062853
832949
1569292
2643
2050
602795
512257
1620373
1066403
1931305
661835
1931349
2178
1085689
1931407
627275
1931450
1931414
57643
853582
1310073
1931424
1931474
156117
1930454
1260023
1931490
50618
1237032
265548
608401
1931485
1931550
1255594
1931570
1019052
1931522
1372258
449436
1924419
628189
1931622
1696646
338687
25367
96681
285256
1053369
1931661
1482330
8701
1908954
1058034
1537995
198864
1736400
1931402
1931808
280464
516999
1637686
7008
1931881
1922776
1463724
1918651
818365
1064599
1873705
1717404
1121240
1931850
1931990
490668
1931968
1162
159835
452333
1931804
534629
463710
1931922
252329
1847623
1931813
281950
1932078
1932046
1931701
633539
1932055
1930854
554498
293015
331204
1245183
1931898
1745287
1931964
1051597
1327738
190831
701706
764512
1592847
1146600
174510
1931129
1932143
2150
1642543
4958
1932277
1162
1932283
1932151
379371
1618251
1932280
1817179
878769
1932301
836034
1932359
367567
1932253
1932353
991
1827426
604718
1292886
594389
797111
1532338
1085072
1932369
1540747
1932431
1886195
1250660
416046
1111004
950072
1932025
242661
1932536
5367
42411
1932465
9955
717
1236
1932579
461985
278795
1932476
1932597
1849792
331546
1749898
36472
1932600
1932535
82279
1932515
146795
1883765
1071041
1847803
233445
478932
436290
286827
1932783
1932707
1932722
1932642
1932766
1611739
224440
327306
433244
1932836
1932681
1932856
1932847
1932844
1930848
681764
1553169
1771659
1547169
913646
733243
1643908
34054
707731
114628
987063
662260
169963
1865986
1932927
441
1932961
1244511
1933033
1510718
97828
798100
1530021
1393584
1559901
946704
1933090
1918079
420677
277341
1299782
1870193
343572
1352039
1267044
1933098
639491
212493
640804
1332549
1933170
1933142
1933176
1617695
1059180
993528
41594
72456
647258
457591
263918
521629
62702
135662
1237659
1439221
1635399
1933215
1933323
584500
1852103
1855731
1853863
311725
1933399
1041796
1933397
812313
1679490
171614
816026
1092033
1829638
44668
1713962
353477
178484
1932891
1933484
1933478
226459
1933587
1933596
1933609
1022973
342869
1894438
1933566
314602
1315
42065
1933704
1520403
1921837
1059710
1483946
244261
1877334
26705
1880929
522197
19612
1127934
10143
1757
2378
59825
1933792
1933787
29171
1873056
980577
950800
1090695
186343
1933675
115590
155843
868447
990237
1694787
1940
1629778
1933778
297097
1933890
87986
802
1647503
212949
1934072
689332
1933764
172411
745940
958958
11087
1115756
1495341
1190441
1883058
388884
145871
829807
78491
416179
1934273
1115434
1934252
1934319
418341
1934362
1934365
253235
3071
1934409
1934422
1859536
701518
1934451
413177
46416
12544
428471
1934304
1667311
1934485
8701
1934011
1934574
890302
1934616
1052430
1934637
1934649
1934673
1933241
82710
1933312
1773924
1625721
97018
1934732
1629
447192
1934712
743654
1934774
178903
219563
1130148
1934816
1934783
722891
1825908
657406
1688121
1934803
113239
373857
1934932
1497928
1934957
115999
1934951
494017
305891
1365374
253865
1934949
7489
10524
90926
677258
540894
1935116
2402
452484
1282829
375801
1395214
1935089
1546476
1574317
1935148
92128
1935155
1935165
1887146
205
1377899
1935189
1935191
438428
1935206
921559
189002
871042
1935293
173260
1935315
634559
1935247
770
1222119
95581
1434804
1800554
97736
632229
1935427
1935413
117235
1935411
1935423
450140
1368529
1817184
1662
1557186
812530
391463
1144094
1271853
1440933
1176839
1935629
836678
1935649
302057
1056609
125284
1831599
854775
1935711
1935702
1935710
1583025
689728
1935764
1063432
725211
370586
1608748
1935754
57981
1935797
144725
730054
269923
619947
294470
1765600
97867
1935928
1293955
149237
564022
656659
1173620
967380
985898
1629992
1021756
1936019
1644592
368015
813452
30583
1936083
1935990
1769823
1936055
1936102
1927519
1936121
1935868
1498256
113479
77886
1936296
643850
133807
417700
1936351
1936333
70267
460235
125043
1936397
1936383
414648
1936446
332826
362667
433
750465
1150831
43943
1540051
1047192
334317
1936605
1936601
587465
47765
1423455
1936694
246941
1284028
292543
451379
60816
1065723
1936830
420216
1936827
456657
1936867
1936822
436216
1908766
1936858
120281
1936938
634531
95320
752936
240385
1840354
1381161
51834
1340010
1936945
408885
1937065
277122
1097506
523200
477029
1937163
1554529
1937182
1937223
1857523
283889
1886565
1937284
1937183
926962
444
16174
1431194
207689
3722
1937420
1937431
1937497
810090
1298252
309794
1890077
1937570
2871
1858205
591691
1490354
1937726
1937750
1937720
511514
139772
208438
432
380275
10183
1937874
1937831
1424670
19761
1937968
1621050
617558
6341
62102
248646
524980
616745
410813
1938052
1938029
1719573
1937770
15020
1273877
1732242
1938179
2710
893573
559261
1937468
990178
1608813
1877734
581950
39244
1938274
1938211
1498892
1144163
633136
181781
328071
111136
802
1710898
1824180
10183
584533
571364
1176303
657307
1556889
678110
917751
1050993
78929
13482
1938683
1938599
1938780
1136998
1124479
533351
279940
1554089
1938823
1938728
363984
1938910
1938253
671754
1938924
647181
1216047
120781
248404
1938955
1938922
115273
41851
1939014
1938923
1939028
1064689
1939055
1846799
662610
54153
1928536
293893
701524
128252
1939174
1939306
623420
1062277
813425
14983
1939341
1939387
466285
4634
1939424
1939320
512685
1562479
1939527
1244294
1939559
387104
10640
1939739
46959
177746
1939695
899927
1939814
820420
65752
5989
1831
1531756
1939775
288414
1939896
1939974
1939817
622409
765974
1640510
62077
1553871
1940029
870422
1939366
1818719
1940078
1053715
1940138
1482298
1940155
1761120
331
35650
1940135
4657
1569
1940343
171480
1265685
281645
7432
1832101
1455975
1563441
1351237
1800668
20476
1937402
917243
1768653
1720597
1867282
1084129
134930
1940506
1940528
93976
1940634
290056
1940598
1662
1940664
196164
1940730
1940790
1940497
11276
290931
1860801
14955
115361
1939638
1940895
131459
1651308
1940998
683458
1249128
1941131
34431
1636199
1941163
1941259
190382
1936315
917861
1941141
1941452
1263895
717848
1865334
1492265
1920537
1627456
235582
1486644
1941027
1684959
201126
129901
1775217
1812825
1941709
638143
1941657
136339
684422
436925
1877629
1941823
704773
704751
10948
460094
1941751
528401
360514
1867178
1942032
1941967
1942101
812790
1551283
1172200
1847541
1942019
1942058
1526878
1942157
1417593
1942164
1942182
1942175
1779823
1088740
1332613
708201
1020694
1912551
68236
1438054
1043261
1349393
1942336
1942343
1643982
1942429
1942390
1849364
1942470
1895065
1942311
4719
498251
1938488
609594
1941587
5902
1910813
1942662
980490
88545
1879656
1942730
388078
1397056
1288986
1269519
1195099
32418
1942771
1942410
512381
1833884
1282104
1942919
1942320
1942731
1942853
806008
1489759
442629
1577
90833
1315495
76418
1943112
277623
1315600
1942923
1045928
213158
1428100
1943235
1943277
1522234
1460361
1943424
370989
912472
1387760
1825264
671912
741436
1943457
1941518
1528402
1943087
1943609
1943703
82483
1845763
1416875
23810
483931
1601153
319079
121222
1428656
479220
1943789
1604924
895851
1236409
698105
1943810
1929762
535675
1794518
1943740
1943846
1943350
1943982
1258377
124186
98076
635383
1943932
1937283
1868676
46591
1944106
100162
525957
308650
2647
8701
755935
1330770
670737
1944061
613384
1273145
1943954
1944255
1943656
1768894
1944212
1943837
681391
1944326
168534
1944359
136106
1944050
1552614
611887
1944273
1944374
1944441
1944131
1818511
1944381
65121
1829461
1944529
1860395
812
1241981
10183
1944465
1880139
1944566
1943940
125511
63630
1133988
237310
393
1944519
784140
1944790
663555
1944365
598267
448329
1051149
1944940
1944750
1418888
1944887
1944823
1944401
1944944
394837
1788877
1944880
1093362
149843
560579
1944865
1161378
1944874
28210
154892
1774139
733433
824739
1945233
1945303
485282
1291847
810204
621604
149894
917438
749605
1945372
209018
1944719
143671
1240082
396423
1945115
925250
87283
1945377
219739
1456058
150947
1945351
116914
82945
952
1132153
2937
211654
1945462
1011799
1945650
813287
1577671
1945521
688809
1838689
1945740
521487
1945761
316802
640913
1504103
102645
422755
3417
499964
1945925
2708
39294
461814
653423
977817
4702
1751587
1945557
1681354
1946174
566377
555715
1945979
1092662
593698
964002
495192
1946302
1945428
341165
1839557
1946290
1945888
949810
203828
1443572
1835315
1945915
1551884
1946448
162509
1272213
1946425
1052776
1031510
938426
1946511
1932997
5263
1509201
1870707
1946567
281712
1945934
470833
1598269
1585280
650968
1945302
816118
940029
101686
1175
1270809
438550
2378
1946868
1946731
653171
1409565
1946952
1318486
1850863
1897598
1890834
717
1946701
86086
1372729
1947114
1947027
1930763
1549768
1946837
13482
952789
290162
1947070
941427
430592
725564
448769
4597
497783
2643
1621395
868126
1947362
392096
205044
1867955
1947497
1225038
334230
1947420
80138
1355364
20065
661919
947216
1947442
75881
1236
14350
1947356
67645
1183834
1268963
960611
1947511
1947642
1250768
570862
1947694
1946680
416996
952
1947753
3470
1634538
662226
1056419
482918
14164
1947696
240756
1063277
1544540
1947977
1947996
1947903
495767
993534
61238
657435
1798925
1948133
1917435
222857
1947955
764580
600761
1948003
1948136
991122
24877
744344
1947938
695749
467168
1256831
27186
1948270
961239
1945962
1948231
1569
1947895
1948455
157064
1749921
342
589086
1948099
1514205
619433
1948280
1253776
1948289
1255516
355924
1573796
1638880
315191
554543
1948515
33849
1948487
612255
1071850
184857
1948507
932755
1948726
1948899
1893454
1948940
1615691
134203
1948989
1182125
26883
1947562
448553
354422
1861267
1949123
133884
1949037
1285944
771867
1385041
1949098
44316
230665
1949263
992587
1487861
293694
1654681
844886
475552
867312
1949428
1700625
1949203
1367729
1395776
1949432
1949147
1512811
509707
1949559
267516
1115071
1949644
1949619
1949608
1949706
1594455
1949397
411098
1045893
443532
1353713
116740
1949716
1949720
1949755
1449756
573168
221038
1949827
674337
265026
1949835
724886
42779
474618
1950099
299273
289430
114205
374226
900983
738899
520820
1950198
1950004
1949831
649893
204066
1651147
277069
503677
1358810
509741
1320591
1839709
789761
1305443
437126
1147646
1037876
713880
731619
1892175
1949999
407240
1950327
1605185
1950491
53038
1950370
531312
1950527
988332
1950493
14164
636783
1205813
6182
1950616
680859
1698008
1950213
104451
953969
1950569
181159
47771
1950644
903298
129697
1950587
490215
1078791
1883065
1627998
1274885
1751686
1902444
1635420
1426420
1575769
260689
1369
33504
1951025
1896954
7773
1945953
41994
240792
1950027
43908
542623
89161
659726
156751
3743
53115
842727
106918
1951124
162919
438653
270657
1844581
1951288
3014
1808521
1134564
130514
918
52179
1291477
1951396
1838911
210398
1951586
1431483
234833
2870
1951601
238007
1951526
1782921
41388
13342
187871
1951535
1581767
348368
928899
281102
1475892
1950590
1951689
1951860
558413
225456
1951712
532134
340791
1951737
1896860
1952090
86018
1952129
4958
570275
1253299
52908
1883219
1952084
924978
1821571
1182580
42060
1952237
314918
108207
436730
2340
1952230
115969
662516
1952215
1952322
1952224
1950793
4958
1952253
1952049
1038255
111104
1952219
46168
1944259
1952340
661389
50770
1833682
1885996
1951783
237907
77170
1952542
948875
134099
697832
516824
1926983
1952175
9970
254931
431240
1952716
159651
172944
1376280
643242
91431
243135
1732292
1952702
1952719
1569
1952546
1520157
1952868
1952876
1147115
1594519
58848
224865
596663
1387526
35446
1162466
3074
805766
117738
1953044
774156
341156
1425218
1585346
1503759
1951951
784471
1952890
1521098
297810
1489386
532427
1312020
17734
1953200
55611
1953351
1953367
25874
1016826
1953324
1953419
357549
1953423
1895477
1953336
92929
1497784
1953504
1953180
1794504
109276
1870168
1823976
1055328
1166248
923178
1506722
717110
1953613
76985
1953722
521650
1953676
1826143
103785
1165298
1837960
548019
624272
1953597
1182935
1924177
451150
1953761
678
1629
448825
173884
88601
509739
200193
1281918
1067631
957733
24571
632799
975578
4538
1954048
1954158
1954028
1953912
1953382
1951780
279919
1350274
73733
45156
1382865
744297
5205
1527581
1954157
1953352
1954322
145666
1757
161044
1843338
1896690
447696
1924884
81785
1266
1476929
1880328
589146
944331
1954476
407677
234263
454919
1954224
1954437
950752
331519
397271
1954440
407748
726558
651720
1738317
619602
104028
606043
1293347
428648
442622
1954831
813945
1954516
1929160
1827756
1954968
487407
1569672
254957
750525
1951088
134533
75788
1287481
1955168
693091
42130
1954884
10261
1955146
1955271
5
503726
457179
1955294
560055
73942
2937
420471
1955212
1866503
1140579
82864
1113892
82661
212084
1866128
651928
538351
203827
34382
1955296
1955369
500283
297517
1900644
821826
1851509
1955446
1635906
908828
187310
410441
979348
307856
669902
803149
1823634
797184
360436
1243268
280954
1170180
1354998
103650
1955790
927596
1955697
1955528
1955881
1955969
4597
560961
12651
1955848
418513
88293
1956018
1956022
1955615
226403
373885
582142
856303
1067867
1955933
540892
15189
551554
1537260
1306517
222306
143060
1956256
1817425
1344619
448495
1949240
53093
1011411
1956265
1956271
153172
1229770
1610483
1956450
17309
455439
1956317
1956510
1956308
1176673
1956338
378105
20429
1769385
1829861
897116
1956541
1956301
1116241
414515
1949025
1956424
1956560
1521710
1956753
456972
855899
444859
1956697
660604
367039
762103
1820464
649254
617103
282800
1956878
1834402
1956896
1956775
1956652
1956521
830680
1956950
1897746
1667809
128408
1956689
28284
1813671
1950180
269649
317935
1755751
1661278
1957123
1210274
389345
1942516
1957064
1957090
365133
532070
1957094
1800646
1235823
295042
1686755
1957208
493796
1477574
226472
194119
1493
1956798
769914
1957063
1957442
1957446
812437
442002
393763
13958
352650
1933744
1405839
1861566
526258
1957458
1957544
1957411
987120
36562
1956531
1522702
1957465
217406
1866535
1870268
445053
1249505
1957600
1730075
1549012
1957124
1162
1957703
78483
1576816
1692034
1957527
1457594
167799
1957528
1957692
1957526
1191557
1293281
1957680
1956836
4323
1957665
1844716
141591
1957814
1956848
1955262
1957738
822178
1863186
1957475
432303
493618
1530048
1642241
694152
1862095
1824911
418216
315659
1956975
1957566
447718
1493916
460050
1943555
60117
627365
541455
62459
1165359
23714
1059278
684842
1616876
133442
1957925
464088
1958378
458536
1955903
1958422
1958183
1958218
375840
1851386
680608
282395
1130235
1958576
1530284
16372
1497786
1629
1958495
95075
1958212
1957949
1958002
1958817
159058
69104
652020
682354
1958863
1958866
52724
1608408
1473193
311661
2318
1319806
1958995
465
1958889
1956216
1106900
988834
1515751
1958254
1958841
1958908
1959049
911781
1959202
1824994
654348
1959108
1293579
1958917
1958974
1959305
1959259
1958685
77712
52341
859415
1203364
340349
1959213
1959505
92153
1959517
90508
437451
1959567
1842336
504623
68898
1959500
935717
45952
1649500
1959038
1580679
1959447
1165636
252507
1959703
170748
1958452
1959684
673086
1332597
1959143
3777
639981
26210
1959658
1959901
1959681
495229
477387
432
750863
46
9604
427350
687801
1960036
305687
8563
1946847
1959712
125603
1959862
735647
1959612
661416
650011
1959884
523869
1959857
260813
38420
1716311
630859
117476
676055
176449
1960160
1959900
180568
1960344
1960265
1960209
930056
1859733
1959676
1359569
1960311
1960214
64715
777341
2710
1960164
4311
1044272
1614834
1960418
165871
1670475
1173876
1384250
1921178
1112250
245914
1606969
1960491
1960237
2564
117014
1959468
203581
1953410
1960770
364401
1800683
1960638
1960523
1635046
871420
70141
151219
903255
1131621
1960995
1960693
1961002
379644
263016
1282340
783057
1960755
1961110
351999
1067506
1960676
667200
1495205
178903
595987
1960926
1960326
1477013
1873279
1961125
699294
1928699
1961277
241592
1824680
53275
1961168
434380
212392
75364
1114737
775657
1961253
1739457
1961350
709378
967429
83065
1961449
2708
1961617
1961629
1961322
1961652
1597359
1280355
1718857
530177
1961768
1961491
1961852
1961356
1825437
1961440
1961814
1961908
351128
1568651
1961795
1961763
1788189
459291
127833
3003
1661192
1961541
180058
298242
438411
552866
1961826
754628
1603157
1953512
1962195
3513
1962127
1962317
159668
1961954
1962102
237531
930489
1962350
1962340
926655
1962373
1597573
1962206
1961859
616575
1804457
1961687
1137603
1962571
1887687
1115430
1734207
1962659
1962544
726082
648972
1734857
1062491
932510
1952011
1962638
1962666
23016
1772634
1962512
1518534
120612
1962526
1733
712718
142443
1961724
982664
598773
693
1544367
981098
1960306
96989
254076
1962230
1788161
1049291
20389
516283
1023484
1186822
1963008
1963119
526334
1774184
494048
1962781
703889
1618774
684293
1963053
49360
1312961
1963041
916668
1668197
1953301
306179
1963438
1963470
328727
22723
1963106
463758
997436
750315
1639214
1520828
79168
1963540
447976
44990
1919243
1352684
604269
9092
1846188
1864233
1963367
1836516
364286
383597
1142962
1963477
1962880
1963664
1408040
1475
37809
1504
2378
42997
338051
1963934
1963365
108948
2811
1306425
1964138
1964109
901801
75353
59588
1664516
990989
17500
718291
329352
596463
449197
1964370
1964283
700416
1964195
391692
1964368
1964204
1963535
1964693
1964666
1964498
1483064
91506
1176420
424252
946838
677590
1964607
23854
479865
98334
1686376
1964244
1497747
233815
1963857
5010
1964772
1964894
1498206
1783
1672
80821
1965005
409110
1964656
1965084
346828
997744
1965109
2866
1953127
66955
1336914
952
1965374
1963597
1965144
1628082
1965117
6257
528781
291601
1213804
1964716
2393
138712
1965447
10679
1479497
1526160
1909664
46404
707185
1798288
539495
1965688
1963945
1965735
174587
1965593
1649032
289871
240887
1965761
1099179
1965179
1623510
1231
598709
87639
1965487
1824371
1965763
1966061
1245317
85099
1876602
1556749
371016
1865146
1965825
103232
1780103
1000579
1896171
1284520
1498313
1090060
993966
1966254
1965452
366960
1383130
28630
1147724
1419616
793571
1955335
1965991
1966433
1966101
1966504
1966391
717516
746755
8852
1965176
574768
714909
39
495782
1493901
617710
1966784
1823049
754440
1322498
1796217
822545
35223
633707
1966719
1966811
154085
1880303
439261
447410
1556207
45507
1966751
87299
221366
1967094
370734
356071
300661
460037
1066428
1265934
886200
243180
1966930
1967249
156701
1967173
1837882
1841344
294099
1967062
540105
275035
490166
1966894
1966940
1484878
116049
1940180
496768
8701
550072
939157
672918
1324725
134867
1953938
908623
141372
1967612
1396971
2811
1478734
907596
450867
1967664
720081
2871
1967475
527960
4059
1043823
800154
849945
1967705
1850340
556539
1968052
10524
1950614
1038066
5699
770
1145629
1967750
1968195
1968205
1250826
1968050
693134
1968059
1968213
986687
1861138
718663
1690701
1967431
1967038
1968127
162838
968514
1747526
1968204
670794
181223
1928640
1967845
81746
947760
1968520
678772
1966629
1660081
1968423
421926
47435
722349
1967991
693271
1450735
1681822
1968603
642388
1967163
78971
1849984
210305
1820
1967546
1765283
1968755
1855870
1576789
1967920
932458
1969050
1823839
451344
1667946
252084
990871
256771
1969038
841661
1676010
115872
132064
888214
1471451
83032
1787063
190128
751074
1660727
240674
154300
1968957
390004
901772
1514944
1969434
1959166
205
1969294
78368
650826
1969614
776667
1969248
783
1093086
654881
617168
644169
473102
1969736
718174
1492274
992239
913744
719656
1290726
1465814
1969726
1969565
175231
1969819
1871798
1966238
422534
1969930
1679821
10084
1765210
621968
949121
1791807
1970105
1533299
1548525
1606531
1149410
1969430
630199
1970442
1970453
585649
40253
1046860
1970186
1969787
253673
7096
1445012
1970472
107570
1513706
1044434
604609
1181405
596344
1970653
98543
1489622
1452308
525804
1851810
97292
1970629
717
1970681
488030
1969861
1910199
412148
1970658
1463758
1969085
1271282
1688846
1971182
1970190
1970481
496101
1834407
1971201
248529
1970541
31321
1971191
1971213
1971295
1033660
1021444
1971476
1049154
66611
1891656
1971471
31001
1848883
1971588
345367
468933
224117
512674
2564
8180
1970827
774414
226135
34428
1655349
1971532
1970612
2710
61451
1569
1971876
1846589
414183
1971567
1971880
1971983
613965
1825145
1971957
850790
318167
1836941
1971505
817827
1971935
782635
665123
162536
1972098
1603191
1951776
754355
1972158
291559
1865962
1972368
808663
674681
635902
1971307
369890
1954571
23199
1969173
95210
727749
1082803
564058
1972614
7580
612236
1972440
666969
434304
436785
114405
1531670
1817952
367970
358200
311051
994714
175833
1972553
3028
1236
1972582
1972212
1338991
1973139
1823186
1972854
1973245
11276
1973169
1973043
1796126
335654
1973098
775859
13834
1063053
241071
1973180
1958430
1973283
1723215
1972145
743503
1947219
1973276
1972766
3817
1973362
222146
1026372
1781946
171466
1973427
1973131
20385
924274
1973333
1905075
1973425
1971198
615272
1972794
1680776
1092541
1973621
90180
991822
275407
1972242
1970388
1973729
1972006
277119
1973394
1973878
914665
1973635
1973672
952922
96500
1973592
1973951
929063
1973818
665581
182802
1228198
686372
1974157
195536
334783
1868670
1973426
454369
1016588
311955
89004
1973233
1682581
1974190
219588
1768012
111476
672432
1972804
1974361
1974269
444269
1825262
1967382
1927877
1240795
195196
107944
164166
1974603
1974318
1974571
1243845
127258
1974810
62516
1831669
1974235
368015
460364
1745062
914198
1735477
1974831
837215
659594
1974375
4597
1974784
488719
1721817
1447841
1974741
915274
384389
1975003
1975097
595930
61418
1975072
1974982
2811
902017
69480
3038
1975253
1396547
1974899
1975148
1975263
1975209
150358
524477
1962098
363592
980052
494393
1538175
448593
1274282
419943
42733
1975149
108899
1647691
1974836
177824
788374
933445
1147887
1974613
1975593
623080
1796418
1975653
642930
1975752
1975768
1460727
1975784
685065
82343
304964
1711273
1076662
430465
1280922
1975570
1280547
583666
1974931
915013
1975243
961227
470063
896113
1736841
420351
1975930
695540
386225
345268
935142
1534712
1976149
1569919
904637
1975606
299159
1976207
1054389
1976241
1976038
1975070
4184
1976310
31707
1976145
1975451
5790
1578191
164794
1975875
503839
1976152
413077
725530
234589
1976282
672835
1976065
1789878
1451553
1976545
1976395
1449841
661705
601787
662980
1976733
139777
487438
1975672
1487777
729529
1800076
670334
923168
1976695
623545
1974234
1147692
1976414
1976775
94875
1744270
1109645
1976784
1976777
1087814
904079
1977093
1522368
356688
2046
950823
1530879
1026980
1004344
592367
1974808
246192
1977071
1977132
343711
1976466
1932984
1976139
203591
1939473
1977043
1692089
1977098
1264986
1977049
1685660
847691
1977103
3777
1977205
1841504
344136
1975842
528007
493070
904584
1058940
1951896
1977321
1976192
1977473
1829293
1108528
1171028
102176
1977638
143033
633204
1539675
97730
1977735
1514465
350220
224371
1650735
380569
1569946
1977751
1977779
1977579
334259
1649115
80623
1942357
261592
1256785
845133
1904206
765075
1941569
278131
1931531
224570
1583721
139477
820644
166570
93865
306806
66507
279693
1114178
1978135
103996
662928
194978
557547
618714
1978283
1978301
1978437
315131
407577
257209
1978565
1535377
347945
1715934
1978362
1977216
1733
1905491
581585
1978306
18298
236020
607957
83656
1903958
40593
1978754
1976665
224100
1938747
1978452
64038
1978716
1978659
1978797
1978731
1978809
1978880
633039
1854626
992567
2061
672388
451635
415381
16785
1569
573486
3743
1978480
1978255
1978914
725336
33337
223887
1716104
947263
411122
1979366
1979381
1005534
88072
100317
1279515
948335
3028
1977031
1236
36447
5
461978
665125
1262951
687541
79293
3074
638878
147167
405834
1979270
1212193
3071
1979908
1979747
1979948
1979840
1979127
52306
557748
925211
1122398
1929
1979540
1665877
1906581
1979976
1980255
1980212
1980195
488684
442107
1980370
1980161
1484775
1978699
149266
202290
1980529
1960960
976005
1979813
2976
498648
1037640
1980478
474228
42087
755629
27346
149320
1980215
9656
649787
1006350
1980405
1203696
406601
1980807
1980821
157407
663846
408811
1581603
2710
1855092
1980434
1980657
575437
1976509
1980890
1980905
1168732
1980842
1981095
1981105
50476
1980891
1981123
1980303
1980862
1980808
1974055
96086
164543
581523
435051
219214
1521765
1981154
1981217
416947
1170794
1965149
1444
837873
180470
115872
1981051
381961
1981304
421194
141849
63663
1957003
1148507
1979907
617576
237491
77034
753618
1981597
1981312
37522
341839
1046966
158680
1981479
85080
1980697
1759777
1981372
1338075
811297
655583
51696
1981713
1981227
26741
989589
933803
426588
13275
515593
1981948
972445
1982053
1981890
1982128
1981917
212009
1982218
54218
1982051
538709
344423
232590
571304
785582
231310
1982254
1209638
1981980
996352
805743
757261
849793
68170
88100
953323
3417
1982556
1869481
1982233
1041979
1789493
680449
360798
354
1982744
1340247
1982468
343743
1573554
1982455
573294
1982651
1982839
913782
1125206
1982726
1458303
1982614
401963
1982790
1954287
1982602
1982716
432221
1839307
216807
1569
1454799
1983139
359336
1870127
1112599
253
1983267
1982984
1253160
211656
1982419
789371
1968380
1479250
1982860
1835484
1983285
1044682
1372642
1615500
1830059
1983220
8547
1982995
1315
1983322
423463
221984
100218
11184
1983129
1983238
2353
1982353
1482834
1092776
1983312
1727199
1966
1983586
188385
641910
1983682
763572
1983622
1983903
322559
1983826
806584
433
1983896
1751
1983965
1983906
512483
1984094
1544775
948885
375009
191943
118334
1984062
631472
71714
239720
2258
279660
1984324
148292
1858643
55531
1532471
617237
1860367
413631
1976237
1378304
1984418
1984263
1983661
1523963
2061
342380
1984311
11540
1984478
1576562
818919
1569
1984702
736095
1324034
506917
581281
1984747
1835819
1114933
1984643
4958
1984752
1621003
3074
1984641
1610972
1980400
1505646
1914677
1006370
374332
91041
1984121
309476
1567963
978609
72337
50
71356
793666
448038
959477
11360
747363
70979
1985105
260909
1144031
356581
471230
639839
1725479
1845355
1571033
1435385
85982
1985246
1421603
296724
584926
1599479
103650
1830478
473581
1985259
24966
330065
13946
729287
1075220
225285
1007583
1985395
1985538
2811
765789
485563
53635
1484368
891278
1258189
458172
48651
161831
271975
1985628
1985814
301298
38108
494006
1391964
1985876
1985667
1366236
1514055
1985927
1607159
1986147
1985673
1601306
140198
1170770
1035734
488892
1986237
1052990
654730
951465
267880
296151
1986331
1891614
370028
68385
236936
1462055
1826235
1048262
1986564
188397
1986292
1871231
1986703
1980552
1986471
641569
1062948
1859921
1618825
1986816
620040
798061
581434
364712
706985
84121
517280
1954640
1321355
1256768
1986961
1951554
1985717
1986932
2708
1878734
1931991
1986601
1027666
107577
88277
352338
1494270
1986950
1984882
155352
517940
1986662
1602704
1896559
1353442
1604306
1949449
85328
476623
334357
1987528
5
267312
2509
792598
27367
116696
1987070
1987262
753874
1492117
1574269
2327
1965882
1987351
1163579
57564
998251
1987933
1171104
337883
1917876
984638
664507
36647
980241
388725
1988058
1054202
558666
1134158
1958490
1987985
1949347
1988065
374497
1987273
948247
2920
1988245
1987246
1561429
1067645
712718
1389397
530030
1822567
55905
1225418
226194
1450903
1857931
1674984
678847
1255246
1988479
1988531
1987415
1988405
327280
1988447
72139
1150176
69456
1988711
22443
3028
1988858
1305359
710621
1136055
51402
843801
122456
1988700
1988933
954
1988831
1989003
1989037
1132245
1988307
1988967
1988989
1583039
1989153
1736884
1988909
1988961
1048508
1989178
106075
1989103
1658692
1989173
1690629
1344238
405594
1989261
841166
156955
1139286
18261
1989429
739131
309421
45436
1989574
86457
3302
1241577
405490
1500097
1989586
1602522
1863214
425737
978196
197926
1833932
1989823
1989986
658547
1960266
1915308
1990052
1818283
1989675
82270
1990012
1990133
61426
378195
1990210
939598
341973
966117
6919
76630
30691
381104
1549825
1351373
1688924
1990425
60788
185835
689317
401184
1076641
1988781
2378
80617
1562434
96574
1305742
653865
1990608
679215
894631
1643435
1990843
388031
574916
1853242
1990003
54869
1990620
1575868
34134
1981699
724719
1990779
304176
147956
1990777
1975895
649790
1991118
1755864
161832
11184
309616
1990730
1068
1991223
1733
1991452
762292
641312
1989321
1991460
1432147
1991545
33144
474010
670690
326368
1875456
1375193
1950944
429207
1991275
12642
1991514
1301725
653244
1632681
120637
742834
1454704
1934223
649051
1991578
315084
124125
1991417
1262471
811778
1991700
1991886
1031347
893760
1905869
1072219
576818
1755446
690341
65403
1872022
1966300
173892
1458319
1991964
1988532
1992095
388009
839585
137673
707075
690922
497928
1394123
1605029
5694
1515435
483946
49200
981537
739477
696360
502719
1269379
1263
1194916
1992422
1926899
1784101
257415
1992392
26432
1066512
1992421
30013
1407100
1606108
1992593
1992583
1992660
1725805
1844555
755518
424796
755325
484422
1992887
1992896
1071893
1992785
1650288
1992797
1992868
1992979
1993065
678
1673680
1993056
526182
1992528
646579
175983
17168
73691
423149
522247
668736
1071007
1992965
43349
49686
1992671
1584193
1925816
526307
1753121
462015
1993286
941456
1984653
997504
1717118
7489
727113
38791
1729714
1873913
317523
217040
1993809
235812
181179
87746
1680968
604652
1993835
388956
1993890
1993975
867935
1993992
1993703
308773
1751113
77676
1495875
62007
1994132
1868063
1990068
1994093
951199
1994142
508244
1190908
1993972
2710
423698
1558020
1994241
1993227
261037
1435236
250300
321687
1992400
1486047
1992758
1994508
1959626
1505901
900442
1994604
1994201
6952
829500
98422
1746715
341561
1068740
1993275
942079
1994761
145016
1430024
1829907
653047
1994834
1992728
1342324
1286779
74279
1994948
1731166
1393695
1163494
64026
1992696
1945577
1852834
1995011
230029
784818
1107961
400207
1995313
641960
863285
1995130
1902617
67266
1808905
768660
1774945
1766071
2393
120405
1635176
1995463
1939223
891893
1995320
1994439
1995482
1195470
1995068
1331116
145164
1956360
1995556
356759
241202
1994572
1995210
1995640
1995581
6348
1995856
1995608
511748
1295133
1995713
1995439
1995714
998262
265063
1961529
5405
127338
840122
1996069
158759
700179
1675354
207533
1751137
1995901
1716573
408398
1995983
10524
1996140
421791
104573
897658
1995927
1996213
431811
446948
1996080
1996137
1082614
1996210
370604
103536
758221
1995096
1602933
1764867
918
708432
1013249
2150
1996535
1996569
1996370
906642
1996501
1833025
1832457
427108
341705
1588452
1996819
1087175
1996450
1996815
1996771
1076175
1925467
452906
1997004
1986736
10948
1996860
1996999
1977135
692208
1995102
392433
1964379
860636
439418
189858
1997054
205
1330398
72409
1536602
1997323
1540675
1997261
1997429
954110
1038851
1343672
1815160
1922856
1077551
611591
1997258
1990139
1535396
1624681
1996540
1913242
347298
5061
1943138
854428
2319
1622242
598193
1294243
609026
1947735
1542530
1041716
1997692
547373
872234
539859
362014
1352262
663010
2178
1569
1997896
1998013
1997820
1729393
242870
2353
1414773
294501
691120
1998177
1159668
726691
1998027
1998081
791267
937223
1997982
1989606
1998353
86710
487893
1164831
1998458
159283
1997839
259916
1998508
1998091
1997608
1998617
1998267
9775
312840
705948
53049
1214041
292010
1512023
454344
401610
1375
275320
1116022
1998750
1616960
1854594
162877
163885
1046207
1998676
176820
600142
1998757
1383583
331
127969
1998929
74503
1996290
789336
1869214
1887609
1999070
842340
222070
1134012
586826
168116
1997739
1999086
604569
1911971
8547
1351844
14955
1999203
1999033
1999171
9910
25522
1997477
627468
1940
35957
24252
1828605
1998421
172623
1999305
1998963
899816
1999377
1999558
1999495
768046
1112910
444670
1074457
1999721
1999725
95852
1995989
1998919
82277
23747
145669
3777
1392147
1927152
1902185
1092587
1999871
1825285
1390876
71219
203580
1613
912450
1520424
1999515
2000035
1999879
1909191
1999700
1076766
2353
1657727
1712181
1996164
6257
635886
1057979
2000159
110139
3045
975738
764692
2000386
921442
1462391
1246470
2000092
2000466
1999222
952206
1969560
2000452
1323007
843247
228538
1126404
686265
1370254
1343312
354276
2000708
1948324
998482
248303
2000547
2000884
2000820
2000988
1310716
2000651
86979
2318
343656
1191400
2001110
2001070
2001089
1348518
216887
2000834
732760
2001305
143035
2001002
183178
1725029
2001080
702957
931633
1610726
2001365
629871
315036
598377
235920
2001533
2001267
684716
2001478
87172
2001573
1713798
867772
2001517
134662
1234660
2001516
651486
51513
422224
2001381
46405
1408884
1721958
414278
1212
1238184
2001873
2001383
1904744
93794
2002002
2001752
684908
293343
2001775
265811
2000645
391017
1853822
981953
1819922
1764989
220249
2002161
1626287
1791599
877188
597561
1834376
2001902
358196
1397853
1540421
5367
1429992
312068
2002261
2000507
1046286
1885405
1621131
420332
2002041
454844
2002179
656142
76919
1205674
105766
902159
615120
2002433
3365
559185
2001297
1070672
1500737
2002534
910086
404059
1107706
1835960
1674226
1877888
420124
608
1974127
1601113
669796
1998677
399821
812798
339883
697459
2002561
764130
2002756
1446459
1763534
2001411
2002704
217899
2002676
13370
2002766
519769
2002075
2002763
2003056
2003090
159072
2003039
404336
1085720
367247
2002712
1713869
2002557
2002912
2002788
2002806
2003128
2003111
1844160
499400
471204
2003042
2003009
1682007
2003365
2003101
1269679
2003254
601126
284323
1720695
2003513
597281
2003629
2002577
194022
63804
861097
2003696
52794
426378
830935
26900
345088
2003477
101807
43328
1847324
2003780
2002317
2003440
622153
2003735
2003376
2003233
631984
1251436
1320815
155600
147896
2003877
2003199
2003563
2003416
2003887
1884549
717
1545713
690313
2003890
450528
1390986
1657097
843654
1850360
107023
690087
2003881
2004147
2004130
233343
59609
1643951
101553
1422717
387814
1930177
53669
2003990
1850676
982228
2004198
308450
2626
783344
1869240
1880851
649760
86067
289847
172498
164035
789737
2004326
2004216
2004315
622834
1546081
1591317
2003252
1631924
2004515
150411
1050932
350473
2004595
1489681
1977891
617255
1932192
1246069
2004717
290884
1329135
2004748
1490811
293501
1102854
145952
1841411
1827289
101987
1555146
2004948
110446
345744
829743
2004890
2004965
378564
2004913
183963
2004997
2004069
183603
1353235
2004896
1977441
1629
1401178
1988884
2005023
372228
2004781
1468108
1997493
159456
2004859
461996
14844
628376
195055
1246332
608698
1541412
2004723
101109
635851
916338
2005193
59545
2005092
262368
527128
2005331
2005391
1641734
2004518
2005454
590141
561936
2005427
1364859
2002356
48483
240245
473001
1051836
148654
53216
850817
628083
440920
382755
2005631
2005737
2005674
741981
279460
206096
1935210
2005672
1902163
407960
2005702
695445
821360
3038
28181
949201
1952834
660475
2005650
2006019
3041
166450
451
338109
2006178
2006061
109920
594384
1580803
1440369
1169294
1236
510694
1514245
2006234
4972
1915011
12946
11918
921987
2006462
1820
1769358
33578
418463
2006453
1330414
2002035
2006366
2006508
1140705
451304
1134134
143220
1137702
46824
2006581
1298080
604869
430790
1898907
2004737
559674
2006523
1486559
213449
2006737
1849893
678
2006633
2006772
1972176
2050
1146116
690680
1051497
732309
282255
471204
326511
2006920
394773
2006187
2006050
1385106
2006926
391821
1607070
2006994
1525253
1770866
2006992
1789448
1790377
1579002
2006970
2007036
1862073
2007076
1303716
1596111
2007072
597987
785585
2007071
2007001
427585
504332
2007022
2006884
2006858
389565
1484424
432637
217188
933067
1389937
1056321
388809
716044
105355
2007362
1882078
659528
720653
1099669
695410
2007361
64401
538183
7657
2007384
2007501
2007505
1937423
2007470
2007142
2007310
2007453
2007462
2007418
1171538
839985
10948
1738508
63567
303660
352930
2007773
19109
515626
10524
738751
1655225
1107817
80617
1837
2008037
1430248
2007965
2007891
944907
815633
2003980
883046
621752
454847
107144
1812006
2007834
499085
1045596
329780
986732
757582
9464
1833031
177361
470230
1330286
56527
2008269
836776
253
2008230
1461747
2008325
57087
2008388
431641
1819242
1528
1787044
845838
665613
1201784
298992
1044819
2008445
2008527
369812
160047
105087
42385
446530
912279
2008581
147108
128376
2008593
1557570
2008120
2008674
636533
1775391
1582109
2008247
2008671
750539
1302877
474307
181146
78942
1783601
172571
2008853
2008852
2008900
693
2008893
710870
519424
1441531
2008963
1493957
225046
381268
1852921
1776034
1747193
1519428
2008969
1759405
1639814
2008783
2009038
697420
2009089
1847956
677495
1853766
1132755
1006691
2009140
148411
850883
226560
218879
431100
2009233
578517
2009176
891870
2009336
2009304
2009247
228347
1869660
2009120
3550
302135
914372
2009390
21201
690836
957432
1362746
2009477
18060
2009540
1299266
1381391
412449
1614569
1028061
29769
383813
2009732
2009737
1506566
1519750
475264
1887045
1395351
1417620
164153
383783
1728222
2009326
393153
604090
2009906
1295169
79340
424747
1929835
1435195
1047622
240350
676
2009998
1455629
1458080
1189847
1521371
2006544
798528
1852051
4446
499816
1887858
746873
592731
2010311
2010319
1134482
1696153
1132467
1888768
594645
89479
2010406
852283
2010103
329248
938806
1433301
444601
33291
668186
2010604
2010635
1244850
2010573
159963
922752
575042
7432
675104
552450
2010719
1020
1632883
175616
1307381
2010778
2010767
735968
2010722
2010827
1613
2010839
1829665
237257
1543170
2010925
2010836
2010897
292637
2010950
359169
2010988
2011051
105302
496289
666321
1541851
22543
1202
1065642
594816
259839
107396
744797
2011122
1498034
149783
458224
385895
2011326
2011305
257746
1497829
86175
2011389
2011520
1661465
440312
2011642
146857
2011639
2011648
2011677
656075
116243
2011656
2011674
2011747
1881287
2011792
3944
1183944
616847
543702
916545
513138
979372
948877
1838165
1532736
340150
767095
2012057
2012183
147875
232857
277
1449514
86830
621140
418692
227089
584519
2012356
257850
994392
2012323
141323
2012263
1404739
1053628
2012706
182246
2012472
255192
2012728
1714298
672353
2012756
517105
2012867
2012725
379358
2012831
1923871
42274
2012928
2012938
1177351
892238
106245
821156
2012948
2013153
2013275
140614
799567
2013152
683
1311369
1793310
426098
71774
2013480
2013346
607199
2013424
399494
2564
75541
112143
2013713
2013697
2013712
615023
106004
553163
533041
1867056
2013861
701980
2013704
371171
177140
247901
1886107
510879
2013960
1239419
1135945
2248
185383
2013949
2014161
1857194
85271
2014153
191998
1359952
2014297
556423
1338175
5205
2014398
2014450
11710
489722
194808
1606025
1511439
1921715
892830
1454292
2014556
527413
841838
1700341
2005434
559283
2014721
2013981
1323354
2014609
2012888
1022044
675693
99490
120417
415040
1469857
2015021
5356
1938939
2014760
1509826
1045725
1593924
2015254
1768904
2015186
2015131
1462628
1471
1503922
1675749
1532640
820579
799647
164231
1940720
1072001
1852914
1789699
2013923
1571657
1807551
508370
2015547
1992022
574369
2015784
2015787
2015331
2015307
2015713
773629
1979388
452664
504572
39628
623056
2015039
1915329
760256
2015402
1924638
353809
204319
2016128
302649
2016094
273773
5902
3980
966020
2016027
2016379
1250468
1629
1865477
1178675
840898
2016250
113697
2016426
2016311
2013487
1262637
2016295
150323
2015845
1413219
291298
1908770
117577
449479
2016252
1517152
1619103
1996989
10582
1471
1477159
1998946
2016610
41433
136285
2015964
152064
2016513
1325176
116684
4311
1337928
997014
138966
500255
37415
2016724
493801
348352
2017014
1356523
256771
775993
1988853
1663084
2016900
2016324
1767122
920211
662224
2017036
952
604606
916273
2016944
999556
2017201
183096
4039
2016790
545552
1964687
2017009
365399
1176340
1171604
592216
2016853
1361405
202840
948470
191156
1319497
16122
437966
858582
2017346
2001114
2017572
1074791
1596341
1186096
1064958
2017168
1406610
1393995
541935
2017616
1567944
2017477
1768011
2017733
484889
1091365
1907927
819385
686820
919233
2017581
1959778
2017706
49251
2687
100558
2017886
592012
1482955
68581
1820982
437301
1959493
937249
156500
1417124
2015479
981469
1119040
182122
689262
75261
2018222
2017971
1828845
178004
1732895
1882621
746258
2018314
1878626
28998
674075
437772
2017468
285233
1762542
683
1650032
2018492
818899
1058394
1906939
2018866
254117
1961501
5097
1822196
2018978
2014188
1950037
2861
172008
2018635
1985748
1687324
1920954
1082645
40130
1252488
116575
2019002
676
334181
28094
205844
508080
598632
2019223
2019363
1793373
1803
527288
464760
2019160
1988513
1054372
210730
1732578
783874
2019473
1142409
1790595
956305
2019482
1822803
1667495
1707323
745137
2019442
715272
344347
1491646
45747
363957
1698077
2019844
112330
897142
610978
594072
53645
2019966
2046
1150409
852295
898917
972265
741807
1672736
1569
1430433
2019812
2019905
5635
1143067
1692340
1936044
2937
2020036
2020122
360960
2018777
230748
10367
2020356
260301
2019804
13275
630523
1064779
1882548
233350
195539
867671
2020140
561211
200186
4597
677576
602848
892667
1978665
2020602
132463
1056574
924212
842120
3777
2020024
41017
2020558
2020361
580483
441315
2020711
2020649
904003
122536
901413
1614286
1568678
1776050
234209
2020575
449004
2020893
1986873
2020774
2020981
47035
763756
929506
1784647
1960691
351337
516705
5989
846930
1857173
772902
2021169
2021132
949858
1259159
2565
2021121
2020007
2019628
454949
151610
2021343
932449
1209716
1390915
2021342
905825
158158
2021454
2021556
1147336
1935335
1442805
492025
2021642
351573
1114986
2021708
2020885
131903
2021724
1472205
2021817
2021017
237083
634517
843859
2021715
1715261
1849636
2021867
1945542
2021691
2021885
935191
2021658
2422
2021719
2022026
34964
2021727
117764
754120
293152
2022186
2022197
1117717
618104
1829759
853054
1359821
1920238
2022095
2022371
1526355
1718371
20426
398870
1146556
42281
2022499
2022400
1346746
38170
2022454
666011
905833
1976401
432
1963491
2022691
2021722
1965469
682966
356711
2022450
99557
752962
2022766
427473
381502
1271553
1790297
2005622
482096
2022773
2022486
2870
541456
128184
2023048
578302
478603
440464
2023017
1662
318539
53997
762671
367140
2023022
4538
2023361
2023240
102860
174507
2023390
1940
272494
2023463
2023489
1810735
2023298
18052
2023648
431411
2023730
245911
640381
2023325
2022727
1091376
2023968
381071
2023805
42751
52957
2549
2023655
2023959
1052103
993483
1409548
2024204
2022507
901165
2023780
76009
637158
1875902
1331977
3513
1240137
2023638
1960535
934566
2023994
875498
506107
822640
2024125
1900230
363305
203839
73134
1066538
117102
2024459
898636
191674
402
2024688
27638
2023911
1972251
16031
1729390
2023524
763267
9612
2024769
2024458
719105
1885270
636603
