259738
1569374
223291
1890760
1071075
1903138
1903184
1903202
1903261
1903278
13370
507048
1903408
1903518
1572322
1903669
734765
1903858
1903861
1794186
1903911
3743
1903581
1904178
1904182
297763
93317
1119026
1904704
13275
112189
36150
1905217
1905398
636986
1335764
1906293
851531
1153561
2061
1906746
17068
1907405
1814595
1907514
1907583
1907775
1907819
1523807
744696
608758
2353
410058
1908392
1526539
1908745
1582664
441
1625561
353021
109910
922315
14955
1594770
1005557
1910370
258530
1911144
1911264
2178
1355825
1912421
1661
1569
1914029
1914098
718339
1115327
1914457
1633738
723122
144764
47230
219859
1752647
1916959
1614807
1917716
1918027
23306
1918838
1919350
8701
1919727
1919806
1897808
1920930
1921598
1922541
557940
1923906
1606354
1282997
1925482
158684
311933
184879
1927486
1166282
1928099
1928272
796851
770
4875
360617
1929696
1930285
564962
1930825
85596
72776
1932344
43691
41503
1934172
144431
3302
2570
1401846
1934303
264047
1934351
1934369
1934375
16483
1934385
1270853
1934386
1934391
1300334
1821240
691129
1934462
236883
1162385
1934513
1645571
1934520
1934526
1934535
928070
1487185
1558012
1933927
1444708
1934575
1934581
741367
1934593
9406
1386155
1934604
1934613
1934616
1505189
1168739
1934627
108760
1934630
9826
679371
1934634
381463
1934657
1569
653851
465
1331236
1140772
727721
1366570
1934703
1934704
1934188
559570
276888
1281260
1346419
1934740
140120
1548827
207067
1934756
1934757
330935
1934387
4657
1726073
1384617
1761430
1934767
1940
1934768
1817553
1347679
1325961
178903
1933599
701
1934798
1919784
326832
466667
1934815
1934783
1934820
1934796
2710
997905
654938
722891
1475610
1934834
635790
1934839
1934840
1294052
113239
1934709
1934849
1934850
714725
1497260
1934853
1013224
642668
815269
1934864
1934866
900928
6400
1934868
5367
1934871
1934874
1104772
1934881
1934882
14785
1934886
460706
402
1933369
1934901
1934913
87039
1521410
21182
1566473
14943
1772640
1934925
1934927
1497928
1934929
1492777
1934936
440870
1914759
1430260
453567
1934947
1934951
554205
419191
1642438
1645736
555366
1924683
1120771
1934960
468974
1604706
1934940
1934989
1934991
300958
1935007
1935013
341151
253865
1935023
1934883
1935029
1935026
1935031
380375
687855
807329
1935047
1935054
1587992
1935059
1935060
1935063
7489
74661
1333383
983156
1935091
16948
1935096
1935050
1377722
1875969
1572353
1935112
154059
1935120
1935130
263932
693
1935088
1935137
1294818
857667
1395214
1935145
1935149
1933141
1935164
655282
4311
1238810
1935168
129772
867434
1757448
1556330
1935174
1935179
1557122
191141
1019906
662248
1935186
1282960
1935189
1308049
1579763
1935196
341328
1935197
1935208
556137
989210
1862350
1934668
677924
1935215
1935216
1935218
1935224
1935227
16513
1820
1381445
1935246
1935249
189002
1935250
1935251
1935233
934730
808424
770624
1930035
1935256
662713
509673
1735264
1253285
324042
1326732
220469
1935271
1935273
1935277
1933819
1590906
1628540
1799594
1935289
4947
3028
1777137
1356208
272633
1586264
532955
1935306
1165999
1935293
186470
1935312
1935318
526754
1219534
1267023
1935321
1264813
1935155
1935332
544436
9472
208450
6919
1935347
1015561
1935350
1650622
40593
1935357
443193
1935367
1800554
1935374
215583
891563
1935378
1658326
1935388
62260
1935394
1935395
244843
1935402
66705
1031005
1935404
73707
1935414
227107
336198
1363221
1935417
1935079
604606
1935422
1935424
1368775
1437557
1935427
570756
1935436
1935437
1935442
1935443
1935445
1372980
1935450
132730
1935451
1935453
640596
1393111
1935452
1935463
2870
1735172
233720
117235
1935467
106673
1368529
391463
1935471
188679
1935477
1935485
1935483
1935486
523240
1935489
1935492
1935494
1935411
1935496
540958
1935502
1935503
1935504
58622
735602
1935512
1365806
433057
1935516
1935519
1935524
1935525
520286
1391936
1935527
966434
1935530
553497
1935533
1383230
742807
275915
1935545
922126
1935547
1935522
990265
130920
536231
239914
1006760
3777
1935554
1935557
1935558
5010
1935561
1350466
307052
1935568
618341
1769919
625705
1048080
1348501
1935579
1459436
806948
1935582
1269374
1935587
1935588
1456330
134689
1772760
1628045
960810
1935459
21348
1935595
1935597
847230
1935599
1928541
1717154
1935603
1935606
1935609
1912364
1935613
1935614
1935615
1935617
1274255
1935623
593540
1382074
1935630
268363
1935635
1935637
420455
1935638
1935639
950992
5154
148235
337673
1935649
393
420797
1935655
836678
302057
189114
1935660
952
1439466
1935664
1935666
1935669
1935670
1935672
96456
410299
253431
1935679
292488
204738
1935683
1935687
1618536
1486101
1400556
1630525
1935695
1935696
152551
1935698
1935703
1935705
1935707
370454
1935709
1322556
859768
1935712
497606
1730848
281838
1156123
141876
793461
1935720
1935721
53222
193230
1935724
1935726
1461847
1935729
1439
1108370
1935739
1935740
1935743
1935744
1935747
1040441
991087
1935752
203692
1935754
1935741
1738218
1935757
1107117
1935758
572000
1935768
1935769
1935770
1935771
1935773
1935774
1935777
1468478
1486
1388796
788623
1555641
192622
1935779
1935780
1481212
446011
1935783
1376609
1607973
1935473
987716
1887987
1935791
108264
762924
1935798
1935800
1935801
1906257
260806
1608748
1897038
1935805
1935806
1399418
1291692
1935811
1508418
30640
1935813
1935814
1935816
205929
781616
1935819
1935822
1277819
67786
1466585
1935833
1935834
1935835
1090475
1935837
1170998
1935797
809397
71119
1935841
1462106
1935842
40276
18497
1935846
1935847
1935848
1935849
1935850
1935851
1935852
1935853
161831
1498626
1935855
355639
1702413
1935864
1935865
630990
1494929
1894982
5585
2422
59374
1343273
1935877
668751
1935882
368113
1935886
1935888
16483
1304821
1493331
1935893
1935894
1935896
86436
1935897
1854854
1935899
1707015
1935901
1471835
1935904
340848
1935907
306985
1935909
1935911
1935915
7560
1762150
1397685
1935920
1935921
1723995
1935924
1935925
1306767
722138
95912
1537221
1935935
1935936
219727
667106
102641
1881473
1935946
634025
564022
1935948
1935952
584095
1935954
1935916
146262
619947
1935957
1894091
1419123
1935967
1935972
1935974
1935977
1222265
1935978
576316
1935980
1935981
618134
1935986
1935987
1887375
1935991
292681
1935992
1935993
1935994
1935995
1935996
788369
1763155
8846
1704019
14983
439497
1322502
81843
1936002
684122
1936004
1837625
590233
1482397
1936007
13106
1936013
1936014
465393
1724985
1936018
88006
1936023
1936025
1936026
1540051
777858
1522595
1936031
1936033
1936035
1936040
441
1936044
1936045
1936046
640392
6418
4039
1936053
68101
1305559
685507
1394987
1936055
1936056
1936059
1936054
1415299
1936061
1751670
270069
1936066
1936067
1443517
1769823
1936069
646019
1936070
233048
1936072
1936073
1343593
1467892
1936077
1936078
1293423
125336
283297
1936082
1936085
1936089
1936091
1936092
1936094
1936083
1936096
358885
783
1936097
1936098
1475429
788646
1635113
1936101
1929492
1892523
1663220
1936105
1265098
1936109
685619
1390871
1618467
1062174
1936110
1331051
15496
1936113
1855815
1936117
1936119
1267057
206533
1661
1537518
1936124
1936123
1936126
78533
1936127
93976
131672
789952
1936131
1786780
1882238
78996
1936132
1936134
1927519
1936135
1936136
601242
1936138
103360
2341
1451810
1888230
1910551
1936146
982547
1936149
14832
1936151
694279
1936153
1936155
1936157
1936158
1936159
1608718
417700
1411354
1936162
1936164
1462421
1936169
1936170
1461746
1408887
136079
1936172
1936173
1936175
1607206
1498256
1936180
1936182
1675823
1936184
1936186
395380
1936197
1364109
1936202
1936203
1618473
470386
1936204
75475
1936210
604531
1112683
674400
1092644
1936216
1396707
1936217
1538716
1936218
196585
1936221
1936222
1603982
1338759
1936225
75881
441
1936229
1336283
1936232
1936233
1936234
1936235
1936238
1801620
6507
1039363
773911
1909528
1936250
1936251
1936252
1936255
1936254
1341704
543700
1558748
1936258
1372063
939749
840938
541173
1936259
1503939
639888
1936269
1936270
1936271
1936273
245011
6257
1936277
165143
1061234
1936280
1050115
1518003
1936281
2870
1936283
1936284
1936285
1936288
1486126
1936290
1936291
2647
1642922
1936297
10127
631667
1936301
1936304
1936305
675179
6400
1635435
1936311
1531794
1936313
56069
1936314
1936317
1139864
5263
1333875
132114
1936321
1239119
217348
239056
1800585
1936324
1902908
1936326
1936327
170179
1617976
1936330
1936332
121452
1936334
1936335
3552
1296936
1936336
462933
1936338
1595988
1936344
37993
1936345
1936346
312289
16778
1936347
1936352
1936353
1936355
1936360
1292110
162902
99961
691393
1614467
1354152
441
1936364
125043
1936368
301375
1117803
1936371
1936372
1936373
1936374
1936375
103649
1929299
1547571
199506
326821
735920
544559
1936385
1936386
160402
1936393
1936399
1918857
1696748
1936401
36836
1936403
1936362
236338
148025
51935
1182906
1404823
1608247
15443
1659271
1909234
22528
1936415
3
1936417
1475
1403663
1336711
1936420
1341231
3028
1936424
1000192
452474
1936429
608714
1936435
1168558
643922
1936438
1936439
1201779
1378473
1936441
12642
89555
611690
1936442
267620
1936447
1254997
619903
913452
1936449
1936451
1936453
343901
1936454
1936455
741212
634453
1936456
1936457
1936458
1936460
1936461
1822681
1936463
2945
1936465
1936466
1353861
1597514
1936469
1936470
1936471
689831
1291077
1936474
1273773
664625
1936477
1538469
820128
1936479
1936482
1936484
673103
517520
1936487
1936486
1467025
1046901
1936491
1818901
1936494
1936476
1936495
1936498
312294
1936501
1613347
1936503
1936504
994402
1936505
204667
501703
986834
1550793
1936513
1936515
1936519
1025496
659609
1936520
1936521
1936518
1398064
1936523
587896
1936524
2422
1589635
7219
62459
1936528
1719755
1936529
836053
1936532
1936536
1936538
1936540
1118674
1711179
1934809
1936543
465
1522446
1936550
1936551
1936549
1936553
1936555
1807811
1936557
1936558
10811
1936563
52037
1506748
1936568
308878
187885
1936570
1285568
1936571
1307334
1936573
694023
173501
1613135
1740598
1586257
1936579
1916569
1936580
1936581
1936585
1936587
1936589
1936590
1704970
1935590
506352
1936596
1668741
1936598
343416
1936602
1936603
1936605
10261
1936609
1936610
76208
1629
1259399
1936618
24219
1936620
1595267
1936623
1936624
1936626
1936628
931616
326182
1042185
1259629
699782
1936632
1421848
1936635
1936636
1936638
1681350
1936640
1936641
1936643
287965
1936648
1936650
237257
2601
1936654
1936653
1936655
1936656
1542502
1936657
1936659
1936661
302504
1473071
12487
1782580
1625397
1936664
1936671
1936672
1936675
1936676
1642515
220003
755789
1936679
1903271
1936681
1936303
184427
1936683
842151
31632
1936690
314446
1640249
1936692
1936693
1873581
1423455
29205
1936695
1936706
1936707
1309236
1936709
12996
552594
809958
1936716
469728
1559124
1936717
136668
1936721
1936722
1469979
403345
1936723
1936728
1774
647001
1936730
1936731
1936705
1344543
1936734
410492
597943
1936736
1936737
1936738
1936739
652732
11276
1936744
1620417
2061
1936749
488312
1834002
1936726
1936755
33015
1936756
1936757
1936758
567932
1936760
1936761
489857
1936763
1229525
1936767
76831
1308988
1936768
1111902
1936769
1936770
1936773
1936775
1936779
1662867
1936785
1936786
1936787
1936788
1936790
1936791
1936794
992174
1936796
989947
602001
1936800
1936801
1936804
1936805
1936806
1936807
1135066
1936809
1531498
1936816
962808
1936817
1423527
1936819
1936820
896345
1891056
946362
1936824
1936825
1936826
1887935
87103
351359
168837
1936831
1936833
1382645
1936837
1936841
1083029
1936843
1671828
227366
1936848
666741
194239
1936851
929237
1393099
1936852
1936853
1936854
1936858
1936857
800440
1337380
1936822
1330722
1936860
1494021
1936861
1936862
1936863
1936865
1936866
927424
1680707
1936869
1936870
1936871
1280783
1936874
680183
1936883
1936884
1936885
514245
2061
1936888
1936891
436216
414987
1936895
733800
1936896
1936898
1936899
1936902
777203
1302505
1936903
1936905
1936906
1936908
1114438
1936909
489
1936913
1936915
1936916
1936917
1936919
447392
1936920
1447891
1936923
256388
1936927
322973
1936929
1862208
1936935
1262756
1403000
1936937
1936939
1936942
1936945
351982
1936946
1936947
1936948
250272
1916958
634531
1202770
1936952
1148317
1936956
22723
332383
1936960
291459
1638769
1823164
1936964
826630
1936967
1126159
1936969
1936970
967342
1936972
1936949
8852
68870
165867
1936981
451558
1374410
1936990
1936995
1617326
1936997
341536
1369467
1618582
925250
1937002
1017051
1937004
1937005
1937006
1937007
1937009
1937011
1937013
1937016
375125
22498
1937018
1937023
1937024
1937026
996315
1890293
454814
1937030
1937032
1937033
1427944
271910
1937036
1937038
1403669
28670
1937042
1333235
820065
1937043
1937045
9905
1302591
5010
1937048
693507
1737977
1038629
1937019
368215
1937053
1937054
1937055
1478448
1937056
496988
775872
640123
1937062
1937063
604087
614593
1937065
1047913
1340010
9280
1937069
757055
1937070
1937071
591827
1937073
1937076
1561886
1404290
653622
1545812
1651452
1937082
1014410
356552
1937084
1515553
1937085
1937086
1937092
1937093
1937094
1937096
1540873
1937102
1937103
1937105
107909
45186
1937107
1937109
987253
1937112
1937113
646483
1937115
2061
1398132
1487816
1937118
530691
1401217
1937119
44459
1937120
592014
97866
1937123
1937124
1476434
484898
1665514
1642749
88821
1504606
1937132
1937133
1720834
1577980
1937136
416870
2047
1937142
1937143
1937144
234409
1937145
1937147
770
1937148
1937149
1875597
1937152
1554529
50048
1937155
1937156
519154
1365556
337141
9967
1937158
1937159
1937160
1937161
1890233
7432
1036250
1751489
1937164
75244
3038
1937166
1937171
1163665
2318
1937174
1336233
1753980
6051
1937178
22130
1326138
1937181
1504963
1937182
1937186
13482
1532143
23879
1937187
930007
27797
943927
196441
1072024
1937190
1937193
1937195
1937194
1937196
1937198
1304182
1937203
1937204
1937206
1937205
1937208
252562
442538
1937185
325482
1612690
559321
262542
4597
1937219
1937220
1937221
1870953
1937222
1685740
1174940
1615150
1937227
194602
1937229
351855
1937230
494835
1937237
103441
1186847
1937241
1937243
1937245
1937246
1937247
1937248
612877
1058638
44301
1937253
1937254
1937255
1503973
260699
1431194
1937257
1937260
1937259
1937262
1766745
1174323
94414
1197921
1937264
1887668
1937272
1937273
1255097
1937275
1727641
1937276
1305981
69532
1937280
1937285
730442
677095
1937288
1351032
1500479
1205447
1510276
1937292
1937295
1347186
1546326
14955
1937300
1937301
1937302
1937303
1937304
1937305
1937306
1937307
212845
1937309
1937310
1937311
61485
2378
1937316
1499331
1937321
23102
223840
903592
1937323
1937326
849946
1279618
1937330
1629
1112316
1297483
1672
1937333
1380412
1937294
1164160
1937335
1937336
34054
1370364
1937338
1230642
1132814
949080
1937342
1937344
663
512418
4184
1937349
1937350
1937351
41329
750209
1937352
1937354
463566
1937355
1937356
1937183
1937357
1937359
1937360
1490324
680340
376188
179897
1937362
1937364
1937365
6012
1937367
326406
1937369
1937371
1937374
6830
1368624
1937377
154761
1937378
1937381
1937380
1937383
1937382
181704
1937384
1937386
192734
1937385
138372
1937387
1937388
1937390
1937391
1937392
124828
1368164
525472
58828
1937393
37872
1937394
1789304
1937398
1937399
361947
1937400
6051
588886
1609169
1202
1937406
501579
1448841
1937407
1937408
1328804
1937409
22989
1937413
3439
5811
1937414
1401045
1937416
1937417
1546056
1408640
1937418
647734
1937421
1937422
143186
1937423
126772
1418054
1937426
1937428
1937429
1937430
1937432
851082
1937434
3003
721817
498374
1937437
1937442
1937444
1937445
1937447
263079
1011885
1937451
512256
1389236
1660281
1937456
1937457
1298252
753623
1937460
1178109
1224306
1937465
1937467
1057592
1937470
257101
1937471
1937476
525922
1937477
1937459
1937483
1310285
122970
1937486
1937485
1259159
4647
1454164
1937487
1937488
1937491
808242
1398953
1937495
1448516
1937498
1455583
1937502
1505808
1862372
1937507
1937510
5320
419928
1318732
872424
1937512
718859
503539
3751
1937513
1937515
729924
494793
1937522
1276290
1937524
1937525
1466466
1426995
325677
1937529
1937530
1937531
1601056
1937536
517494
1937540
1937541
1296037
1937545
1937546
1937549
1937550
1937552
1937553
587054
1937556
1937557
135950
192852
1937559
1400025
1937561
1804016
1250422
17619
1920227
1937563
1877955
818599
1937566
530790
351173
237494
1937571
168943
746634
1937575
93489
1300046
356607
2327
1937583
65273
1937586
1937587
39392
1114719
1827635
1937590
1937592
723938
1937594
1937595
1202127
511925
1937597
440949
1937601
1937603
1937605
1937606
1908079
1937610
1937611
1937612
1937614
279551
1937618
1937619
230996
3003
191565
1937623
1937626
1937627
1937628
1937629
414308
1937630
354826
346899
306563
123003
1937635
1937233
1937637
1937639
1937638
1937641
1937640
4039
1937642
1937643
1937645
1616608
1937646
1348126
1333724
1937648
925729
1937651
711206
80809
1364449
1937653
1511891
1937656
1937657
176006
204080
1136729
1937663
1937664
1937665
1297016
1731939
1287238
1937668
1937670
1937673
451112
1937679
1937674
1937680
1937682
1499154
1937683
50824
1937686
1937687
1937689
1937691
3417
893388
930944
1937696
1524406
444708
1937700
1635769
1937703
620331
2565
1937706
1142324
1409575
930160
1937712
1197764
1937719
337208
1316646
2258
1937728
1521207
1937729
674506
643509
1784458
1937735
1937736
936349
1266916
1931240
1937742
682669
1937743
166470
1937745
1937747
863578
1937748
1937751
1937753
1937752
1937755
380275
1477931
305786
662139
1937758
50348
1937762
1929239
1937763
1856974
1937764
1937768
1937775
988545
1937779
1937781
1937784
1322400
1937785
249833
1377204
1893680
1937790
1937789
60937
1937795
1937794
90215
1531949
1472962
1937799
1937804
1937805
1937786
695525
946023
1522681
373050
365598
1937809
1937810
1589804
1937814
1937816
1937820
1424670
486696
1895645
1937826
1606654
1937829
1825450
1937832
1937833
1937835
1937834
1937836
1937837
1937839
1937840
352282
1937841
1937842
899591
173931
45002
872960
1937844
423785
1937845
1317834
1937847
1125238
280849
1937848
1937851
12139
1937853
1937855
1937688
1019163
1937859
1937860
1937862
23235
1086189
1673861
1937867
1937868
264983
1784387
400918
1937875
481392
98354
198700
1937882
1937883
224739
1607357
56285
1937885
654881
1937886
1937888
1937889
1937890
1805704
1937892
1937894
1237052
1326831
1937898
1937899
739295
1937901
1936286
1937903
1621050
40083
1347518
1937907
1937908
1937910
781326
1937915
1368263
1937918
1937919
927059
725269
98354
1784769
1937920
257427
1937922
1937923
1937924
1937928
60643
1937933
1937934
913951
1937939
693
249455
585098
1748886
1937944
219852
6823
1937946
1937947
1937948
1937951
1937952
1937955
1937957
1567615
1937960
1937961
630448
678
6341
1937964
1937965
85022
1937967
11710
1931800
1311519
857699
1937940
70397
1439911
155114
1937975
1306475
1937976
1471886
1937977
1937978
1678473
1327669
15964
1937982
1937983
386288
1475
1560625
1277312
1937987
1473570
593182
1937988
1659419
1937992
1937990
207167
1937994
1937995
1306070
18253
1558641
1938002
1938003
1938004
1938005
1938006
1938008
1938007
402
1938010
1938011
1938012
1485117
1924435
1938016
2393
1938017
1938018
1938020
1844994
1938022
1336301
1938025
1905733
1938026
248646
319784
1938036
1938037
1448717
1938038
398643
1938040
238705
1938042
1938041
1938043
1433389
1938046
1938047
1376407
1938049
1938050
333166
1306425
1717820
74878
1505812
2708
1938061
1280109
1604054
1938063
1938066
1938067
2870
1938068
1938070
1267382
1938071
1938072
1938073
1801251
1938076
1938077
19109
133109
352236
1938081
1938082
647372
1938085
1938086
1538682
1837170
248393
1938093
1938094
996175
1938095
1938096
22696
1938098
7170
1938101
1719573
1938102
171071
337957
1938105
1938108
1938109
1938111
1938113
4879
1938114
1445618
168863
706340
330900
2258
1938127
18669
1938128
1938130
51303
7170
1938132
1938133
446929
1938134
1938136
146823
1559213
1937941
1820
1938138
1938139
1938141
1938145
389107
4972
1909533
1938149
1090967
1273877
193650
1285336
1890282
80617
264927
1938158
1938160
663930
233494
1938163
1938164
1938165
1938167
1938168
1938169
2710
1335492
1428175
1938177
1938179
1938178
271496
905542
518656
1938180
1938181
346685
1938185
653481
394470
1031884
1803776
1425551
1938189
1938190
1938191
1938193
1938196
277
1938197
1938198
329435
1938200
1938201
1938205
1938206
1938207
1938208
1938212
1938215
161749
1142824
913125
1938217
2258
1373662
520201
1117745
1938218
1938220
1352748
1938221
1938223
1764807
1938225
361900
1938228
1938230
2708
1938231
1109255
1938233
1597362
1510348
1938236
1938239
1938240
1380377
331113
1288635
263765
1938244
1938243
391603
1938245
7198
4875
1383286
990178
1849732
767302
1460450
1938256
1938255
1938257
1302697
454373
207650
1662
242718
39244
1938262
1938264
1938263
1914882
1938267
1938266
445973
1938270
1938271
1938273
1938274
1938275
1938277
1938276
2061
1938279
1346466
1938281
1471
1938285
1014799
465717
1938287
1222291
1389563
1938288
1938289
1938293
380074
1938298
1938183
385367
1938299
1765563
812526
407547
1143050
548249
514974
1938306
1373695
1938307
1938308
1938309
1938311
1938312
1938314
1938313
1339364
1504091
1938315
1298097
1938317
433
1494588
1001815
16031
1938320
1428759
437294
1938324
114803
54638
1938326
1579364
746802
1869718
784143
245723
1938328
1008055
1938329
409331
178415
1938332
431631
1938333
1938336
1938335
882623
785575
1938340
1220668
1938346
1333688
6467
1938348
1938351
1251380
79181
1938356
1938357
1346635
1938361
1938360
1938362
1307849
1938363
1669889
1938364
1938365
1938366
1876578
1078498
1938370
1938371
500698
410373
1789724
1938374
1938377
3038
1938379
683
1938381
1938383
1938386
414247
1309231
1328316
1938387
1489494
2340
1938389
371940
1938390
1320671
138763
11184
1938394
1938397
1938398
1938341
1938400
1013246
9186
1938403
1938404
967344
149542
1938405
1266779
988468
1938408
1896692
302066
1938412
1536456
1938420
58407
598519
315024
1938422
1938423
9229
1938426
414000
1585256
1938429
762303
1919589
1938433
41655
1938437
986443
1938438
1937985
1938440
161983
72457
558008
609956
1898533
1938445
1290560
988313
1014920
1938449
1393793
1938452
108881
1891216
1938454
1314321
344390
1938458
1938460
1653847
1938461
1938462
1938463
1938464
447185
1202707
1938465
1938466
1938467
1938468
1938470
905581
1465107
1938472
1938473
1938474
1938478
1938479
747333
1938480
1938483
1938484
1938485
1938487
1938492
1938494
1938495
1569
215993
1938496
1938497
1938499
12914
1938502
1938503
1938504
1938505
441
1938509
1938510
10183
26428
1847525
1938514
1462940
1389292
1938518
1938522
1938523
436083
39211
334227
1138728
1597876
71650
675578
1938529
1168661
1938533
1938535
1938538
1938539
1938540
101779
1831065
1938547
1938548
3302
1938550
1938549
1938552
1938551
211244
1938554
1938557
1938559
1051781
1938566
1938567
1358897
13264
1165917
1195188
1938570
393
1938573
622219
1342875
1938578
1475998
1938579
696767
1938580
1938581
780347
2258
3071
1938582
1938584
1938585
1938537
1938589
1435267
1748036
2071
1938591
92280
542036
1938592
1938593
678110
1440706
1246245
1938599
1938600
717
1369185
746674
315757
1938603
1931226
1938608
998452
1938614
156906
1938616
1938617
1868301
1938619
1938621
1434774
502509
1920975
1938624
333009
965571
1938629
1569
1938631
490033
1938632
1938380
1938636
1938639
1938638
1938641
1938642
1938644
96635
1085343
1938646
482857
1355566
1499777
178624
1938648
1806905
1938651
1938653
1938654
1938655
1938657
1586608
249867
1938661
478922
1044175
1938662
1938664
3743
1938666
19177
1938669
1938670
712218
1715355
218840
1938673
209827
459067
1938679
1310658
7945
1938681
1938682
1938683
1938684
1938687
1191404
1938690
1527143
1938692
931091
1938695
638090
1938698
1862308
1476296
1301824
348888
1070991
1938706
1667041
1938707
1938708
1938714
1938713
1938717
1938719
1938720
1938721
1742970
34605
1324899
1938727
1844607
1203123
1404354
1046822
330554
1938732
1655874
433388
1938737
1938738
1365992
1938740
1511299
1938743
248582
1938745
1455836
1938749
1938751
1367272
1938753
22855
1843250
420488
1938756
1938757
1204018
287017
1938759
634982
5585
1938761
1938765
1938764
1938766
192397
1938767
1938768
1938770
1938771
13106
1188195
1938773
143450
1938777
1938778
25677
1308411
1938782
1938783
1062591
1938785
1938786
1540478
225296
1938788
1938731
533351
1448585
1938796
1938798
1938797
1515411
1938799
1938804
1938806
1938807
681578
21297
355145
1938811
1938810
1268439
1095492
1276081
1836832
1938813
1938814
648089
1938516
1938817
1938820
18635
1938822
1147000
1938825
1938826
1938828
205
1589420
1938830
1938832
1827007
1161267
89275
1938835
1938833
1938837
1938836
1938842
453937
1337124
1938844
1559391
1938847
1938849
1938852
1938855
1938854
1938856
1938857
1327627
2327
1938864
1938863
764318
1938865
1938867
1938868
1938870
1938874
617456
1674044
1775750
360812
1938879
1938880
6823
1938882
1416143
1938885
1938886
1938888
1938890
1368110
537173
1938893
239499
1938809
1938897
1504782
1500488
1503802
1938900
179937
281346
12487
113995
1938906
4719
1938914
1938919
524139
123127
1022849
1938927
1938928
1435552
1469790
1938929
1938931
1605323
1938933
1938935
1938936
1740577
1938939
1938940
1938941
545161
1938943
1938945
11762
1938946
1938947
597786
1938949
1938952
316351
1938953
913766
1938957
1787364
1938960
1278270
1938961
1938963
1332701
1938923
1938968
318593
108080
1021465
1293669
293384
553475
1385273
305030
1246534
1777172
1751050
7191
1290527
1938980
1259588
1016595
1277469
783
1938985
485
1938988
49247
588439
1938991
412173
1354269
98397
1938999
1939001
1064817
1939003
752359
1846799
1591053
1939005
1939006
42993
1939008
1939009
1444
1837
1939011
1067938
1939013
1939014
1178413
534282
285466
1939019
1725729
1939022
261556
1939023
1939024
1939025
405853
1507839
1939030
1939031
1939034
25045
1939036
1939039
1939040
1939041
1939042
1939044
1938974
1939046
13232
114380
1939048
1939051
1939054
1615389
313902
181160
1383042
35018
2318
309432
1939058
1939061
651342
435003
1939064
1637887
1492341
720741
1939066
1878300
1939069
942120
1939070
1939072
1939073
1939076
44348
1939080
1939082
197067
1375603
1734763
1288813
1939088
309938
1939092
1939094
1939093
1589275
1939097
1628823
904135
553278
422571
1940
41215
161564
1460353
1939103
1939104
1939106
1292982
1939109
1553636
411681
1195245
367076
1678979
72153
309857
1939122
1756267
1939124
1939126
391455
1604803
1939129
395152
1939135
1939139
1939141
1939142
1939143
216828
1359290
1939148
24413
1939154
1939156
359933
1939159
1939101
1939161
6823
1939167
1939168
1855323
470828
1939170
1939172
610078
1568716
1939178
1442929
1939181
463271
1939182
994547
1939184
139043
770
1939185
492921
1328441
1939187
1298242
1939188
1939189
1939191
180302
433197
1939166
1939192
1939193
443637
1939194
1939195
1939196
1371896
1300638
1939202
1939204
1507326
108181
1939206
1939205
1822671
7251
1793984
1939210
4446
1592309
1771214
1007377
1939214
1939216
1939217
869664
1939221
552704
1939222
93219
1939225
413891
1939229
10640
605572
1939236
1939235
545535
1939237
1400059
1939239
367340
1414234
169014
1553018
592940
29376
1176930
119967
1648616
1939248
46402
1939247
337867
1791927
1939253
1209313
648106
1939255
1939257
15964
1939260
1392918
726687
411567
1546559
1236
11762
1939267
1939268
1939270
1758061
1939272
1939273
1939275
1939274
1130109
1939277
1939282
1939284
283756
1939287
1415719
1939290
1499869
1939292
733582
1939294
596350
1939293
1939263
1939295
1939297
1939113
1939301
1691913
1515406
1939308
1939309
95922
1939311
997840
1939315
487122
1939320
1938962
2564
1939323
1347403
1939330
1115867
375913
1939334
1833527
738703
1939337
655042
768924
1939341
1939342
1939344
912347
1939347
775993
1939348
1939352
1865146
1939356
57626
1471023
133305
1939357
1939358
1939359
1939362
1939365
1939367
1939370
102055
579225
222447
1939371
322414
39
1939377
618770
1939378
1609969
619844
1939384
1939388
892218
1107693
1939393
1939396
418897
1939397
1939398
517224
1938769
1590808
1939350
1939402
1814951
1939407
1939408
1939411
1939413
1939414
1939419
1939422
457110
1939423
1939424
1621505
802
854001
1344801
1939427
988632
1939431
1939433
1939434
1477021
164918
1939436
1939437
1939438
1939387
1939439
1939441
1272834
1939442
1939445
1939446
609847
1939449
1939450
1935226
1939098
1939452
440912
1939457
1939458
1939459
629810
480673
1939463
742523
1939465
214109
1939466
1367669
168030
1939430
1939469
1365555
1144091
108107
1939474
1939476
1939478
1939486
1558707
1939488
1939489
1939492
1239868
1939493
1939495
291002
1939499
307482
323464
89871
129222
1280846
440417
1939509
2318
1939511
4042
179913
1335242
1732613
1939512
333154
1939515
1045980
1939517
1939519
1304588
2248
586808
452543
614113
1623940
113160
1397919
1151274
1437876
1939529
1939531
1939532
4184
977825
1731392
1939534
1939536
1939535
1939537
1411992
1445086
1939541
1407196
1339541
1434951
1939545
1939508
1939546
831570
21963
1939549
1939550
434171
1939548
1939553
1939552
577418
8547
107051
1939558
1939559
1939564
1939563
712897
1573422
1939569
137051
5585
1422229
1939574
1339735
1939580
1939582
1939585
1939586
236409
1939588
211853
1355034
1939591
17777
1939592
683
12946
363491
1592002
1939597
1165233
1939599
375091
1939602
1939605
1939607
1707575
1939608
1939609
2318
136446
1939611
2378
9809
1335660
90006
687617
1939624
1269460
927093
1939625
1939628
1136105
393484
1310289
1513685
686990
1939632
1939633
1425123
1939636
1939640
1364106
1939642
1939643
1323124
416162
1939649
109706
690
93778
2050
1939651
1939652
1729511
1939658
1939660
1939661
1939662
1288681
1939665
1399510
1939667
1176412
173029
1939670
1306189
1797709
1939671
1550080
1939674
638718
1939680
1939681
1939682
1939684
1939689
1939690
1526930
1939692
1939693
1273696
1939696
361747
606090
9775
1939703
1939704
252674
554625
1939709
1939711
1939713
1939714
1939715
288202
1939716
1855889
1939719
985701
760405
165171
1939725
1939726
1939727
1618505
1939729
1323868
114652
1939730
1939733
1806459
1939735
1939736
1939737
46959
929414
1460935
1284979
1332515
1939746
1939747
1939748
1939750
361488
1939755
1939756
1939758
1939757
1939759
790114
1939761
893389
1939764
1939765
1913827
1636165
1939769
1939768
1939773
1939774
1939777
1279347
1571748
651938
1439604
1908507
1939784
1939785
1939787
1939791
1363208
1939793
22130
1939796
1939797
1939798
1504765
1939801
1939802
1394708
1321647
1514971
1554724
1259604
1939810
1939808
1291862
1939811
1856808
1939812
1939813
1639260
1939814
2870
262431
247188
756112
1323738
727337
1575046
1643550
1452070
3038
1939826
1939827
606557
1939828
1939830
1311067
854006
149890
1939834
1939837
1939838
1939839
229828
1939840
1939842
209191
1939844
1939845
1939847
1939848
1560354
1571017
1939850
1786804
1939853
310770
1939858
1058321
724983
1939859
644283
1939860
1292585
1939861
1831
1939862
1939863
1939866
1939867
1939865
1560693
1939870
204802
1939877
1500399
1128273
418823
1939885
6823
1939887
1939888
30691
1585330
1939893
1939892
1175
1939896
1939898
1939900
1939902
1939903
13275
1225377
1289537
1939904
1438405
1939905
1939908
1939910
1939909
1939911
1939915
693
1939916
1939917
1312147
1939919
1939921
1939920
629004
4985
1939925
1939926
1318209
1939782
1052015
269120
1939929
1939935
1561374
1448990
1939942
1053715
1699018
1687833
73264
114738
483508
1292645
363180
1939947
1939951
693464
329580
1939961
1939963
1939962
1566305
1939914
4958
1939965
121806
843303
1113530
1939966
1939967
1606930
1939970
1939969
1939972
1939973
3028
1720267
333032
1521633
1939980
523955
1939979
1472303
1939984
1939986
1939990
1939991
1390253
1939995
235909
1939997
1939998
1939999
1682530
362675
1886149
1940000
1940002
1940003
1940007
790286
1609283
1424560
66150
660142
169848
1940016
1940019
3071
1873559
1940
1810618
62077
30122
767289
1500303
1808235
78069
1940031
1940032
1940033
1940035
1940038
882463
1940039
327717
1940041
1940046
3003
801
1310936
1560309
274982
1057447
1940054
18456
1148505
1140977
1940055
1940057
518402
1940059
1940060
55614
1940061
1714384
1720597
1940062
1939981
1549763
1940065
236325
1940068
8401
1844575
1940069
1940072
1023988
1940073
1940074
1940075
897202
1940076
1940077
1940079
690
1280215
653189
49083
195631
1940084
1940013
1940087
744425
1940091
1940093
2318
259373
1398744
1280589
400498
1940107
1940109
1940110
512481
1940115
1308743
889950
1940123
1940125
769343
1940128
1940127
1332110
1940130
1874169
1313513
1429106
1308245
1564944
1940135
1877725
1940136
1940142
1940144
1858946
703893
1940147
1940148
1940150
10064
178741
395403
1940152
1940154
518843
1940155
1940158
917306
1940159
1940161
331
49077
430266
18599
3929
1605724
27000
1043545
740586
1352015
1039858
1940170
1940171
1598042
1940176
1940178
1940182
1940183
517527
1940187
640512
6823
1940192
1940198
770
93976
1940201
1939738
1234075
13787
1636890
1094007
1940207
575230
1940209
1940211
320519
146240
1940214
211099
1940216
1940220
1436299
1940222
1940223
1073922
1940224
1571358
210247
1259783
1940231
1940230
1940235
1940234
1504752
1940238
39889
1940243
1940247
1940251
277
683110
1940253
1940257
1940259
1940260
150162
1788569
15964
1940263
1317719
1455764
1940267
416850
1940268
1940269
1940271
493078
1940274
153065
5
1940275
1543845
1940277
1940276
186566
1940282
700555
505957
1940283
1590058
1940284
379111
545533
1540477
1940292
1940294
5585
1940295
1297289
949990
631009
1940297
1940299
1940304
1940307
1450730
1940310
1940311
528452
281645
1940314
1940315
1665245
1602649
1865675
1940316
598838
308025
1940321
1940320
1940322
952
1429265
1940325
1940327
1940328
1411233
1940330
1411521
1940335
3297
1940273
894740
1446938
1940350
1940352
1061830
405027
1940359
1605709
1940361
1940362
386783
1940353
1437154
1940365
1940366
1940367
1940369
4039
2871
737527
1940374
1940375
1728980
492921
1940376
1940379
1940378
1940380
690506
1940383
1940382
1262761
1940387
1940392
1940393
1940395
1692706
2937
1940398
1940399
344416
365795
1940400
1940402
1940403
856407
1940405
1940406
1940408
1758229
1937402
445456
1940411
1940413
1361373
1566495
1940417
474056
173287
1940421
1940423
1023376
1940428
1940430
468821
1940433
1940435
1000455
1625773
912078
1939547
40297
1940441
4870
1940447
1940451
1940454
1940453
124811
1314525
378414
1940461
2061
1940462
901677
128238
1940467
151797
1940469
1940472
3038
1208846
346035
396554
298963
1273637
129176
1940481
1940485
1940488
1940489
1940490
1940493
1940494
1940495
279966
1940500
959734
1940502
278717
1050923
1940504
1940505
642813
1940508
1940509
5554
1940513
1940514
1006052
1940516
131647
1940518
248322
1356151
260821
207762
622322
1940522
1940523
75419
1940525
1703960
1940527
469809
1940529
1584732
329690
74664
1733
1672
18622
1403638
1940536
1940537
1166269
1940540
516389
109966
1940543
1940424
1940546
520341
1940549
424446
1940551
1940552
1458882
1940557
1940558
1940562
1940561
1940560
951564
1768653
1940567
1940568
1940572
1940574
1643978
1050449
1940578
1940580
1940581
1940559
367859
521820
1940583
666149
1940584
42576
1940480
590447
1940586
1940589
1940588
1940590
1345190
1940593
305559
1230
1940599
232564
1940601
176112
968580
953144
1940602
1940604
1939739
1924192
2708
1940606
1940607
99524
701
1940612
1940613
1940617
1940621
1940622
1940625
1940624
1940626
318786
1334703
2061
1940631
1940633
1940634
1655732
257877
1940639
1612794
1940641
1940642
1289078
1277193
1940646
3038
1940651
1748647
48483
1940653
1854395
651579
1389563
1940656
1710704
1940657
1940660
1655278
1940661
1648753
1940609
16512
1940666
1940667
334023
1940671
1568870
1940673
418920
527201
1940676
2945
1369467
1308720
1940678
1293955
1940680
1453764
95913
1643819
1940684
1148468
1940686
255277
1940688
5554
1604198
1940696
1940697
1620094
1940702
1940704
1940705
137124
807131
1478443
1367468
1940709
1546
1940710
336614
69691
1692464
1940714
1940717
634867
1940720
1940722
1712795
207762
1940724
1940725
1940727
1940728
866568
1940732
1940733
1940497
1527044
1940736
1940737
1751841
1940739
107852
1940740
1940741
818872
2708
1940747
1940748
1940749
1213092
888653
1940752
867865
1940753
870516
1922382
1940756
1376877
1611982
264003
1328387
1391775
1940759
1940762
1940763
1044297
1940766
1381957
1940769
1940773
1432248
1667001
1940777
1499418
1940779
1940780
1856755
1940782
1940785
1744898
1452723
959619
1940799
1940798
1940801
1940802
1940804
1531889
1940810
1940811
264758
123541
1940812
1940815
1940816
1940818
1939789
1940668
453413
1312859
1940824
457956
32054
1940830
1940832
1940833
1940834
1940835
270439
1940836
1940838
1531551
14955
557817
1673237
1940840
1940842
339665
1940844
1940849
1940850
951768
1451691
1940854
1940855
1139286
1940856
1304810
1940809
1940861
1940862
913531
1940863
1940864
166769
1940867
1940874
1940876
1287093
400449
1940879
7432
991686
758987
1940883
1940885
1940884
513639
632173
1940890
118660
3003
951662
1940896
716986
1921188
146987
1940901
1307160
1940902
1940903
1520034
132292
619666
1940907
1297577
1581806
1150428
1162
1940912
1940915
1162821
1940922
1940923
1940925
69169
1382017
1940926
726200
1364025
1940927
1400701
957340
1940930
1940933
1864215
721380
1354271
1940934
92814
1805399
1476097
1787453
214219
202148
502558
7258
341234
683458
1940941
1940942
936285
1940943
1940948
682349
1940956
1940959
2549
1525132
1940967
1458647
1923609
1940972
1940973
1038306
1940975
1940976
3302
1940979
1940981
1940984
13275
1146997
1940991
1940990
1940993
419691
1068675
1940998
410219
1941000
478881
1389750
1941001
1941003
669103
1941005
1941006
1941007
1651308
1940937
1941011
625904
1057691
1941016
1941015
7432
1941018
1839681
1589562
1941022
402646
17770
498791
1941030
52307
131719
600563
1941037
1541255
485532
322959
1941041
1941044
1174523
1332311
972357
1941050
604444
1929874
1941053
1941057
1941064
1941066
654520
1941069
826753
1941070
9967
1941073
1941056
1941076
1941078
724199
5554
1941086
1463286
666414
1941091
49912
1811355
1278080
1941096
110464
635219
1724720
750587
517254
1147348
1842166
808915
1941103
569540
165942
1941105
174520
66336
1941112
1941116
1941122
1653871
1941126
390104
1564061
10713
1941136
1766488
3513
292689
1531658
1941142
1941146
1941038
1941151
197902
1941152
1751540
1941155
541165
1941156
900039
19509
1400327
391591
1924410
1405811
1308071
1941164
1329526
1941171
261019
303230
1941173
1941174
1941178
34431
1941181
1941182
36381
1941193
1803447
374191
227157
1326042
87546
227887
248647
168079
1941199
1750730
1941200
1941201
1941204
1941205
986994
573044
1941208
1112559
1554574
1941212
13269
1941217
1941219
1941223
1941222
1941224
511015
1941226
1941231
1941234
7390
1941237
1941241
469563
619150
1941247
1624479
1941249
1941251
1941250
285367
1941254
1941256
20757
1941261
126112
28120
1370757
276584
1941264
202028
111386
1941266
1625707
1941268
1941271
704387
1941276
1941280
1621905
1305584
494109
1582492
1941284
1571747
602737
1897225
1941286
1941287
1941288
1941289
534039
1506863
1941294
1941293
1403492
1941296
1820
1636735
1471809
941312
378119
1941298
1941299
202553
1941301
1378303
1372222
95969
1941303
1716030
1463499
269360
1941309
1529296
1320060
1941314
489166
1941316
1349451
1941319
1941326
1941329
1941327
1940994
1333652
1941335
1941336
724128
1941339
1941342
1941341
86735
1069297
571678
1356163
236352
1418524
35786
1941353
1941354
402
1941356
1195287
827464
3
1007340
28143
1941368
1941370
61431
1941373
1941371
1941375
1483909
560377
238906
1941379
1558222
1941382
1621149
1941384
1941385
205292
4958
1941388
1941099
1844429
1941391
386607
4042
1941402
1941401
1699696
1328338
1941405
1165991
716817
1434129
596730
1941414
1871621
1941415
1941417
1229557
1941416
1941420
1240655
1665590
1472
1941422
1941427
1941428
560142
1344951
1783
372989
983571
1627456
5554
1941435
1363631
170114
378892
541357
1941441
1941443
1710876
379094
2870
1372456
21067
2422
1941450
1196828
1941454
1448280
1941458
1514872
1941463
1294653
1339826
1554072
131796
1316035
526048
1941471
699847
1941472
1941478
989783
443987
287341
1511692
1941483
1941485
733165
1665328
1613472
2643
1023245
1941490
1941492
1941494
1941493
1941499
1941502
1501906
4184
1585671
1842522
1941489
560778
1941508
1941510
1941512
195310
1941514
1941515
1115809
1941516
1666432
1599241
1044224
1941521
1941522
1657508
280233
1687796
1486778
1021778
1941527
137892
282302
1674287
1603017
1941540
1941541
1137223
1941542
1941545
1398625
1941546
1941549
1142346
1941551
1941552
1941553
1042180
1267283
519144
1620754
208191
1891627
411866
840618
1451832
1941561
1941562
1572413
1085491
1532908
1941572
147234
1941574
1566243
16620
1097195
1568885
165294
1400993
1368696
1941583
1941585
1941590
1941597
80956
1384139
1941600
92381
1801991
1941604
1941605
1941606
460094
1941609
1941612
1941614
1941616
1440818
1941623
1941624
1605583
1941630
65095
1941633
666086
1307626
581439
1375339
26006
351879
1921958
1941642
1941644
1941645
1941649
541047
1941654
1941655
1941656
678
1343312
1941658
1080901
579965
1941659
1941074
169066
155240
1941661
639694
1792867
1700268
5902
1941669
1941672
1348658
363441
1336564
1732200
1941674
495536
4947
721272
1941680
1941681
1941686
1941689
1640359
650679
1941695
1941698
2687
1941697
1941700
153147
1941702
1941710
398471
21896
462446
1941713
1941718
1454544
1941719
14832
1941720
1941721
547458
1941726
1708255
1941727
1141974
1775217
1941735
967162
10331
1941737
1941729
1941742
1941743
1319303
1941748
1941750
1089564
1328543
433
1941754
1941756
1786654
427845
1941761
530897
1313084
1941763
1941765
312636
174124
719010
1941768
356092
1941687
1470447
1941772
521258
1941777
1055271
1941780
1941781
114150
1941783
278660
1941790
1941794
1941799
1941800
1941803
232193
1270778
1941475
1941808
1428817
1941813
1287282
1827684
1941818
1941821
1941822
1280516
1428140
567111
1941828
1941827
630500
1941835
1941836
676186
361598
1941840
1941843
1941844
1512864
1281209
1750139
1941847
290193
1941849
1629
506130
1941853
704751
1941855
1123941
700235
1941859
735761
1050333
5989
1941871
1940470
1941874
1941876
1941878
1877629
1940460
1666924
376991
1941881
601146
1941884
883473
403042
1941889
1941890
1941893
1941902
1941907
1941909
1941911
239809
1941916
702985
1941919
1941920
1941925
1941926
2265
1277691
1941934
5154
1108503
1941940
595594
42475
524671
1616809
1425785
263940
1333340
930372
1941953
1941954
1941955
618161
1941961
1941960
1941963
1941962
1941964
326152
1941967
48431
1941971
520765
885537
1941973
1286539
1941976
1941977
1941978
1507813
1941980
1941981
1290290
1941983
225927
1328253
1459687
801
1941989
1941993
1941992
1941994
1276885
1617343
612747
1135111
1359777
1942001
1942002
1501000
1942004
1123797
9259
1942010
1942011
1371525
1942016
4309
704773
1942023
1942022
896758
1942029
925667
96482
1066862
1273435
1305367
1942031
141322
1291691
1942036
17459
3496
1942040
1231541
1493535
1941529
812790
1942044
1942042
1942045
646956
1438054
296107
1552612
1942050
1942051
1941984
46793
1942054
1942055
1941974
1662322
1942057
1051430
1942061
1552483
1942067
671690
1942071
741310
2050
1942009
1942073
1942074
1942075
1671949
1494348
1942077
1578323
42247
1942081
497394
1942086
1942085
1942091
356765
1942093
1942095
1942096
1942099
1942100
1942103
1214138
1942104
636284
461010
1942106
118265
382670
148483
118553
1376476
1942113
1942116
1942118
1942120
646430
1499034
1942123
1942122
1827593
1942130
1942132
1309971
1942131
1942133
1492524
1942136
2318
1942137
1046518
1942140
1942139
1438443
1942145
1020694
1942147
1942148
1942149
1422623
9790
1942156
1508723
1942158
1942159
1942165
261703
1942167
944037
911517
1942169
1942174
1942176
1050638
3513
177892
1942177
240858
1942180
1610795
1942183
1942181
1942186
1942191
1942194
1536467
438148
1942196
1942198
1808129
1942199
1942205
1942206
1942207
1942112
1942209
1942210
1539773
1361897
1510764
1942212
1942213
1942215
283604
1942218
732913
1913411
1942222
1942226
1580373
1942227
1165532
1942230
1942231
1318024
1672
1942242
918560
231482
1400064
1608271
1942246
956529
1942250
1942252
825391
1756711
1942253
1942254
1942255
114558
1808915
1942258
956918
1942266
1550546
1001167
1942234
1942268
441664
1942269
958773
28700
127279
1763178
1942275
1942276
1942278
1942280
124374
1942281
1942282
1942284
103667
1942285
286515
1673604
1569
182788
1295805
1942295
1060816
1108896
46764
1343018
1942301
6113
1942302
1942303
1942305
1942306
215187
1735267
1942307
2318
1942309
4902
1942313
1942314
315591
7432
1720570
1942322
1942325
1420174
1942328
1312655
1942329
1057045
227738
1270884
1942337
18622
1942338
225738
1509187
1942341
1942344
1942347
1942348
1349393
1942349
1172303
1942355
1726296
1942356
1942361
1942368
18635
1942370
51336
5635
1784449
1942310
1721060
1942377
1271026
1482404
1826466
1942381
1942383
383491
1461011
1942385
1751
1942388
104644
1942391
1942393
960869
1942397
1942396
1942399
1145693
1451729
1270715
1942406
10475
1637426
1126418
1942411
1942413
1412895
1942416
1539182
3929
1418141
1942421
1942420
1942390
1542445
416614
1942427
839656
269790
1563191
1888107
165695
1942431
1293886
1234660
732781
1942437
221748
1942449
1942451
1647489
988251
1942365
683
1942465
1942467
1410015
3817
1234586
1942475
1942476
1291566
703322
109509
1942482
602650
127242
1942424
71855
521526
725846
1324719
1942491
1766095
1627476
1054950
688186
1942493
1444
1942494
1942495
69544
1542892
1942500
1942501
1942503
1732331
461866
1942506
1942512
2061
1942518
1942519
770
1942521
1942523
79499
1306904
1942531
911862
106962
685179
1942537
1521138
1425220
45282
1942545
248854
1942547
1544927
1942551
1942554
1524435
1942556
1942557
1942558
1291234
1942564
1942567
117651
987641
1318850
77160
1942577
1381311
1942578
676
1942580
1942581
802
357997
1942588
1479962
1942587
594725
679184
1942596
1942594
114938
1942600
1677210
1113680
1942603
1405198
1579121
1942608
1942609
1942610
1942611
252594
1942616
2422
1942615
1032446
1506264
1942621
1942625
1942624
1942623
1942626
4597
1942628
941737
1942633
1942631
1942632
1404020
1942634
1942635
918534
1942643
5010
1942644
1942646
1942648
1942647
11332
600459
388078
1942654
1942659
1736174
1087691
1942664
37006
1942665
584908
1942668
282056
1942324
1981
1942675
1534287
163550
132644
355929
1942688
1942692
1015668
1942693
1474098
2265
1942694
514554
1317464
1942702
1942703
1942705
1942708
1942715
1942716
1351504
317970
1942720
803087
1559992
1942724
1942730
555456
1942733
1397056
1281515
673958
1942663
133160
1474351
723461
88545
1775206
385800
1942741
1942744
1942746
1108061
1942289
1942751
1942750
631923
1942754
1942756
1942757
1925487
1916124
1117213
286375
1942762
176240
1942769
1942770
1942773
1942778
382525
1942780
4634
396866
62788
1942784
1942785
1942791
1942793
1942797
1942801
1942803
1374236
1092202
1942807
1942808
19177
1341872
1942811
396861
1942814
1942816
18599
1942818
1349738
1942822
208203
345171
385617
1860942
749562
1942829
1775799
666535
530298
1942833
1942835
5548
1942837
1927898
1866927
1325913
1026028
1534482
169893
1942844
1323512
1942845
447444
1942846
1385421
1721669
1781574
1793483
142830
1942853
1309567
1942859
799422
1942861
1290258
1520979
54916
988592
1942877
1942883
1942881
1942884
60733
1498481
1942889
464800
1942893
1942895
828893
339544
1942902
1942903
1892208
1480474
1942906
233058
1942907
1027234
1942913
1942911
1462201
1524040
1489864
602193
1942924
678467
1560475
1429650
507224
131260
324643
1942929
1942931
224771
1942933
1942938
693125
1942939
1619883
277248
1546612
264977
1005822
1942945
1257486
1942949
19080
1942951
1942952
1942953
14350
10524
272901
1942957
1401309
1927290
359007
1942959
1929984
1120848
1942965
1942966
1942967
1942968
1942954
292553
683410
134075
902491
1942974
1942975
1942978
1942976
1942980
1942981
472732
153544
15547
708439
1942982
52424
1942986
220520
1942989
1139956
1942992
1942995
1942997
1757477
1942999
1943003
1943001
1943002
630122
1943006
1851131
1943012
4706
1672
676751
1943017
1943019
76418
1943022
1943023
1941139
1943026
1129794
1943030
1943035
1943036
1640180
1943038
1943037
637021
1057594
1943051
1294150
1448650
1943058
935981
1943063
1943064
885412
90833
4039
1943067
1943070
1943069
1943073
936432
1495567
402
1943078
1943077
1437395
1943081
1943083
1696746
1943085
2050
274110
1943090
1943095
514535
1943099
1943101
401069
1942727
78673
1407017
1048664
1943109
441
433
474583
6012
1943114
3108
837038
1656437
1315600
1943131
1943136
1943135
1943138
1943139
1943141
53294
1493
2976
231675
906006
1569
1943149
1943151
1943153
1169958
1943156
1609105
1943157
1943160
1545552
1460519
1943161
1943163
1943166
1943167
1577492
1943170
1596055
1943174
1078639
1375
1943177
1943183
543653
1943187
1943189
1943188
1943192
1943195
1613
674089
1943196
1260050
274046
1943203
1943207
1389287
482247
210211
1943216
1943217
1943221
1943222
1943227
520288
194820
379216
237664
1943021
1389692
1943242
1943244
1943247
1943250
1943249
1337089
1943255
731475
1943267
1943272
1943274
1943275
1212
88302
1943276
1409524
93054
147352
1943284
1854748
79596
13834
57454
503039
179995
622713
1863589
1061077
669939
1943296
1943297
1943298
475104
1943300
162528
1943302
1943305
1943308
1943309
1943313
1378887
1943316
218045
1943318
812
1286266
1943320
590518
441
1943331
1943332
1943339
1825264
912472
2900
1230
1943355
19903
1509582
3297
1943362
1943364
1943366
1943372
1943376
1943377
245461
1943382
1683462
1284936
785039
478450
1943398
1943407
1943411
10948
582528
1943416
904032
1943420
1943422
1943421
838739
1943426
1943428
1943429
958571
1943431
861144
1943433
1943434
1003236
473750
303619
1943440
1943441
1726913
1943446
1943448
1449886
1346247
1199661
3513
1943450
1943454
1943456
1943458
1943460
1334070
1943461
1943462
1943464
1943467
1943468
1943470
1943474
80751
1119522
1943478
1943482
1943489
1943492
1943494
1017346
1943503
1943501
1943511
336708
1082058
1943520
1943521
1943525
1943526
1943527
1943529
386170
741436
1943219
1943534
1943533
1007858
1943536
435856
9315
1603567
342
1943543
1943544
1319575
1352966
462996
1552418
1943548
438733
147164
838663
294654
1943564
1943566
1269771
1943574
1943573
1922747
1943576
361152
1003026
1943580
1943581
1943584
1478621
495591
1943588
1943590
1943591
1943593
1943595
1943596
628923
1546748
1943607
83408
1943611
1943612
1943589
1943614
1816361
1943622
1943087
1943623
453908
1943629
1685
1540135
1943631
1943635
1943640
1943641
1943644
545635
352841
1943647
501325
1943651
1943652
1943653
1943654
739422
1333018
1943658
1579553
1943661
1379164
421082
661482
1609444
71175
367425
1499364
1318132
98110
1943680
1507234
1943682
1943687
1943688
1943695
1943696
996795
1528402
231613
3872
1274417
1943701
249298
1740297
1943706
90849
1943705
511083
1585269
1381372
1943708
1281490
108347
1943720
1943725
1604924
1943731
107432
1943735
1943739
952
1943746
1764958
230486
1943752
139167
1257798
1943757
1384816
1943760
1720777
1943762
1943764
1943766
1943768
1943778
1409285
1943779
1824324
494258
616850
895851
1943785
1879814
1413254
1943792
1943790
1943617
1943795
1943794
1943797
418922
1943799
1943767
1472943
1943802
1943804
1943805
1943807
1370495
362904
1943815
1943814
1496565
1943818
1943819
1672900
1943824
1552614
1733196
1943350
1943828
1943832
1943835
1943837
1943838
1943839
1943840
717
4702
1943844
568658
15947
1943863
1943866
1943846
1943870
1943781
1943872
1872017
3371
1943879
1943808
1943884
1943886
1504250
1650654
1943888
66777
614984
1943893
1416660
1943898
1943899
161048
1943902
1943905
1850969
1943906
1908844
1894821
1463138
637158
1943912
43911
516949
653223
5635
1943917
1943919
1943920
14785
1943535
210434
986392
1983
33074
743372
1140855
1943929
1844990
1943931
1943930
1943936
1943938
583842
1377709
716693
1943941
489423
1943943
595892
1943946
1943949
1541965
1943950
1943952
616811
1939114
986031
1943956
579358
1943961
1943966
1417655
1943970
1146434
1943971
1943974
283264
4446
21122
293692
1943977
1450239
1943978
1330770
1943981
1943983
1943984
570718
1943987
1943998
1535027
1944004
1927280
1746116
1944005
286781
561637
1310235
1944009
1944010
1754862
1944011
505550
1944015
715428
1944016
177012
4439
859374
500394
1944018
252529
1944023
563853
530620
561904
1400180
1609393
120033
1944031
495844
1830292
735734
1944040
1944038
589211
174798
993573
319468
8701
19839
1943738
1944043
678
1944049
1944051
1501923
4059
1943796
1672
1944059
4538
1944058
1944070
1747644
1944069
174205
1944081
1944087
1944088
1944094
24278
485911
1329792
1944102
1944103
1944104
1943885
1944105
1173729
1944115
1944114
772408
242450
1944124
1541153
1944127
640270
1944128
1058357
1944141
125465
1944143
1944145
1944147
76805
1447379
1944152
1944153
1944155
1423965
5
1944160
1944159
1944162
497358
1944163
1944167
1944168
1944171
1944173
1944172
1472117
1821231
1777877
415223
272078
1944181
124609
1113647
1071905
1944154
1133893
1762154
1944195
1944197
1541137
1677336
748617
1944203
622260
1944205
1944211
1944213
853304
1673296
1165292
1944220
869036
1915560
1944223
107897
1944225
1944230
1944228
1912916
1363373
1944236
1944238
672612
1380075
1944246
1944247
1944250
1004386
1323029
1944144
1944260
1944264
157606
1944265
810266
289904
1331519
1944270
5010
1944272
1398086
819854
1172022
4311
1944282
1944280
1495960
1944287
1696011
1944295
1944297
566487
1944299
676496
1944268
1944303
1944304
1944217
1944305
1944307
319733
1944313
1944317
49202
2564
513047
1513524
454989
1944319
1944324
1944325
244679
1944331
1944337
36868
812
11492
126892
206662
1944352
188253
61426
1650051
1944362
1944364
842493
1172998
177803
1944372
1944374
1944375
1574098
1944377
1944380
1944383
1944384
181393
1506256
1944397
1944398
136106
1944400
1751
1944402
1547960
1944406
1944404
328781
1493
733100
1944413
679613
925700
923119
10064
1944422
1944425
1944424
195938
1944428
1944431
17566
1944429
15682
1944436
1944442
503744
520246
1301597
1944450
1944451
35018
1944456
1944461
1944462
1944465
1944468
416829
690
1944475
571153
1944478
1439
1944480
1292421
1944486
1944488
1944499
1944501
1642396
1944503
1493
432117
622864
1944513
1944516
191117
1944520
743085
1944525
1944530
1944528
1944527
1569
1944533
155067
1944440
6257
4184
866684
1944563
1622223
1944565
1944567
1944569
1351186
1944573
1944575
1032581
1944576
272812
181681
1944583
1635673
1944585
356262
1944586
1944587
1620080
1944588
1944590
913958
1944596
8701
1412345
1944604
1944605
30175
1584581
180546
17734
1204680
1944612
1070493
1934054
1592477
1944619
1944628
1140879
18148
1944635
1944638
2327
24820
1944643
746384
1944650
764418
1567585
435238
385212
779271
863775
516508
1944657
1411696
1944660
1799584
410492
836838
940047
1944664
1612383
342
1555323
1507557
1467177
1944680
1007483
1944681
1944683
1944684
1944685
506338
1125000
1944688
1944690
1944691
470179
1944693
1944696
1944699
197597
722451
1045033
1944706
180609
117379
1518885
1944715
32624
1944720
1944723
1944727
1944726
1944731
1944736
1944741
1353535
810845
470850
1944744
536836
1944745
1944750
1327222
331
385801
3743
1904998
1354181
533335
1944759
1126338
91646
1944764
197940
837443
663555
1347588
577471
1944770
1944772
1071673
1944779
1584525
1944780
1944781
1733
1944787
1687847
991992
1944730
1383492
1944796
1944799
1944797
494885
1944800
51058
1944805
1315916
1944803
1944806
1944807
27129
1944808
1944810
1439158
1693090
1944814
1944813
44906
1944820
1488476
445181
1944821
205490
1618479
1944829
205621
197180
1305112
1944837
17658
441
1711919
1944843
755183
1641497
1944857
1944853
1944860
1410293
1944867
3071
1944869
1944872
738025
1944875
277
222480
276813
1944877
323518
1944882
1944889
1944891
1944892
3
1944898
238534
1751
1944902
1944904
1944908
1944907
122248
1944910
1944911
396170
1944913
1539778
1944743
1530027
1944925
662992
1944930
1944929
1944932
433
1939097
1944933
1161378
109910
1658857
49200
1944943
1944946
1944947
1944836
1944822
87283
16138
1944955
1944956
1849458
1944957
1085477
4538
1878032
1944971
1944960
1944977
1944978
1944979
197990
1109481
1358871
1944984
1944986
1944994
1944997
94725
110987
4563
1945007
1669577
590430
1945014
1945017
1945019
1945021
1790210
1751
1945025
1945027
1945028
1945033
1945032
1356812
485
351043
1945038
1099676
1945043
1944421
1945048
1945050
1945051
1945056
1945059
309734
686932
1945063
677227
208758
1335820
1369974
1945070
1945072
1945075
1945076
1619604
1945080
1945082
1945081
353776
1653244
1347019
1945084
509816
1945087
14164
467627
1945091
1945090
1328088
1945093
468817
770
809690
946014
1838014
360179
1945110
1769741
1272171
995948
181552
1715212
1477799
1945119
1945120
931047
1604662
1945132
1133481
1945134
1945135
4184
68220
1358240
1926818
1945149
1945150
867052
1547609
13347
1945155
1503406
1945160
395405
1945170
682313
1945173
436417
1945175
1777907
1396418
1945179
1528353
1295036
1945182
1707123
1521966
1945187
1945186
1945169
1945188
948120
1838689
1945192
1877820
1287169
516749
1945197
1943312
1945202
1945205
1945208
1945210
1346543
844046
1377519
1945215
1002068
1945217
907870
1945218
1945220
1945224
1945226
231622
416339
1802532
1945118
682565
1945234
1945238
1945240
1945241
1945252
1945255
424508
810204
1945257
1945258
1943138
1945260
1945265
107085
1945269
1945271
333797
1945274
1945280
1038531
990594
1945282
1945284
1945286
119940
1945290
1945292
1945298
1945296
1945304
1945307
1843759
1945306
1945310
1945312
1945311
1945314
1292493
129568
1326854
149894
1781582
1945323
1441748
1750376
1161341
1945328
1945329
1945331
570996
603158
961805
4657
1460760
1945341
1945342
1942518
1113155
2870
1945344
558595
5
1945356
1945353
1422782
1945358
1945362
1912810
987205
1945368
5367
1945376
1945380
1945384
1185081
1342331
484492
1945389
1945394
989538
769679
1334516
103412
1945401
204525
1945403
242172
980339
588031
166491
1945409
1945415
1945416
812
285926
1400137
1945419
1431298
1508421
614638
1945420
1945422
1945424
1945427
1945429
1175004
1945435
683
895039
1945439
1493939
1429833
1945448
687299
1945454
30385
491934
1945466
1421859
1945474
251210
265980
1945370
1945485
941285
1945488
420048
1945486
1945490
924220
1945499
650145
1945500
1945511
1945351
1945515
1945517
479239
1210672
1945526
846757
324487
1945529
788955
1740389
1945534
5
1079092
1770406
1945547
1945550
1945553
1426219
256935
1945558
1945560
759837
1945561
1410511
266823
1945564
9472
1276039
517555
1945565
1945567
1011799
1945569
259195
1945572
1945574
1945577
1945579
1945581
1504973
108891
1945585
602731
1945587
1772975
1945592
1945599
1624149
9778
1945610
1945612
1945614
1945618
71587
1945620
1945625
1945629
1945626
375666
1945637
1945636
245679
682992
1945643
1945644
553009
1945647
1945649
1002095
1945652
1945653
314174
1945656
1945657
513956
753806
1402620
1945669
62199
1945674
1945676
1945681
1348164
1945685
996241
1646589
1945689
53791
1589364
1945696
1307100
1945699
1361084
1945702
1945704
45293
1908542
1945709
1945712
1945711
1529820
1945714
1945715
1945713
987117
26733
9604
1945721
1937475
1395577
1288405
1945728
1945730
679810
1945735
1412569
1820790
620935
2567
232673
1945741
712910
10261
1473956
1945746
1945751
1945754
29633
867671
129464
1945761
389235
3086
917966
5773
364886
1021621
1304570
1945783
1002219
1884997
423349
1945789
1025142
1945788
1945792
815363
441
1945795
1945794
1363079
1945802
417375
1396426
1945805
1589593
1945809
1945811
1945812
1945814
1945815
1945816
32726
310869
1945819
1945822
164420
387530
76117
1002853
1945831
1945833
518301
1945836
561143
1945848
1945854
1945852
1945860
172799
1945866
1478306
1945877
15650
1516997
1945881
1945880
506874
721175
1945883
1945889
1158528
114052
1640693
1945900
1945901
437126
1756480
1945906
1945907
1945911
1945915
1945916
1945919
1945920
1945922
1416080
1141836
1945925
1358035
1945927
1945929
6430
587313
643991
636086
1945938
1945939
1945940
1013647
1945946
1945948
1945949
1945953
1945598
2708
1945964
1945967
1762780
566377
1505526
802383
1945990
1482278
327631
1374350
1945998
1946002
11087
1946005
1946007
945433
1946010
1946011
422755
1946016
1946015
1946019
777021
1946022
339282
1946027
136762
1023600
1946029
1837
1946036
1937048
1946037
1946040
1863127
1946041
344114
1377498
1399479
1946050
1946051
1946053
1904865
1448569
1946055
1797758
399199
1946063
1571657
1946064
1945172
1946067
1946069
1946071
334507
1946072
1946044
1946075
1946077
1946086
1903555
1275789
1946088
1812576
1946089
674394
1946092
1946093
302300
1154473
782860
1946098
1946100
986451
1436769
1297876
796964
1946103
640113
1946104
1946106
502932
1946109
1258960
1797277
1946113
1946115
1946117
1651538
1946120
1946119
1946121
1890028
1946123
1010254
1251790
604471
259625
1946136
1946137
1946141
1463959
1946145
1946144
1504671
1946146
1755954
1946149
254937
355011
536984
1946156
1946157
1800467
560450
1148745
88534
1946169
1529887
1463564
627434
1946179
1946181
1946182
1946190
451317
318868
1946197
1946200
395753
62342
1341989
1946207
1420594
617820
4826
1946220
1946221
1946223
856906
139043
1494602
1399250
1946233
333296
1946234
1946237
1946248
1946251
1946258
1946259
1946216
1946264
1325002
1492551
1946270
1946272
1276964
1946276
844354
1946279
1946280
1946285
679660
1791826
290769
1946287
1946289
766700
405576
1946273
15947
812
1264291
1435234
227936
2687
14648
584583
1946307
1868302
1946314
1946318
1946320
1609011
1946326
5154
650496
1946331
1946332
1369
1946340
1946342
1319147
1443572
1946344
1240082
378742
22638
1946349
1356141
1031510
178808
1946353
1494256
446486
1946358
1562469
1946369
1946367
1911685
1946370
1946384
1946383
1946391
1531949
818193
14017
1946394
569884
1001426
13472
1946404
484458
1946409
1946416
1163542
1946419
1940
1946421
243989
1089733
1946426
1946177
1946215
1946429
750355
1946431
1325072
1946432
304017
314322
1946437
1946436
1946438
1946439
1946441
1946443
5263
573716
206080
1946453
1946455
1946466
1946471
1944323
1733
1946476
1946479
75024
1946484
1946486
1590221
1946490
70238
1126828
473658
1561587
1946495
1333839
6323
1946501
1355553
1946507
1870707
1357049
1345221
1420252
988666
1946520
1544156
1946428
1946522
1946524
1010394
1131822
1946527
1946531
1946536
1236797
1946538
1946540
56574
10713
1571657
669437
1946553
1411171
1459138
1113906
1946555
383786
1946561
1946563
1374317
1946568
419181
1446624
1946570
1387496
1565943
1946573
1946574
1946581
717
1702973
57340
450285
1946591
662702
1926125
844408
1141513
2708
61211
1946598
646715
1946602
637048
4311
1757517
1946613
1946614
1323927
1257027
633639
1946621
1946620
2811
32619
758625
1946575
74728
1946633
1946634
1946638
1946641
463765
1274381
1946646
745100
1946648
1449324
1591652
1946658
447501
438550
1946660
1946576
1946663
668894
1946662
986513
1946661
1946664
1338175
1946667
96699
1946673
1946675
1884934
14164
1946681
1946684
1946685
1946687
874169
918
1329458
1946692
650968
1946696
1946697
1946699
661423
671
1946709
1946720
1946722
1946721
1946725
1946732
1946733
1946734
671676
1335886
1946747
317693
1946750
1619187
1820335
1718058
521176
446979
1475
1422438
1539881
1319041
1946764
1946766
1946768
1946770
490722
126351
1946776
1359360
1946779
1946780
1087880
1917240
1787689
1712463
1311409
1946788
1946791
1946797
1573066
867131
1643134
352448
1345311
1946804
1335230
1591919
1399784
4597
1946808
1690543
1946597
36874
1946814
305220
484203
305591
1946822
1285700
1946825
1946826
446105
1946789
1946830
1946832
1946835
1946837
1946840
1671850
1023702
1946844
1946809
1946845
282588
1669477
2178
1073155
417113
758608
2647
1946860
1946861
785284
304383
1946869
1806622
1946874
1946875
1946878
13743
1359062
10183
586655
1661175
1511496
1946892
4998
737507
1946899
1946903
14164
1946907
1459365
1946911
1900244
1791296
87461
1946914
496020
1330588
6400
1946927
491763
753899
25267
371290
1946947
1946948
1010946
952377
1325482
1717587
1946953
1946954
1946955
1946958
1333153
1578924
1946968
1946604
1946969
1946864
1142956
1818879
1946980
731606
97142
647225
978872
1387997
172526
1946988
1946990
1946994
1946996
17440
1557944
1947007
1947008
781312
1947009
1947014
1790241
422686
923794
1947022
1947026
4702
1947024
1947031
2976
1947032
1877267
1947033
11466
1947034
1947037
1947042
1947043
1947046
1947048
1947051
1947052
1336842
1947054
1947055
1947068
1947067
1947069
394425
680041
1138352
1947078
1947076
1355219
7008
1402794
1251587
1947088
314591
1947090
2708
1947089
1947092
1947094
1947100
1947103
1947105
1947104
1947106
1947108
1461170
1947110
1847711
1947113
17619
4538
1947116
1947119
1757
1374763
1675161
1947126
930270
518411
968243
1821687
1417124
1908736
1947140
1728131
1947143
1947147
766413
1947152
1947156
1947158
1947164
1947165
205
1307994
1947167
333576
1638113
1947170
1014440
1274124
1687264
915708
684075
1947179
800972
1947184
412393
1947190
1399533
139954
1947194
1947193
1547795
1947205
868126
1947216
1947215
1947217
1947219
713
1946592
1648663
1947229
1579755
492880
1285955
1947238
1449331
1947240
1947241
4597
838472
1923954
905372
199290
1947248
1447394
1947250
1059877
1947251
169708
1947253
1947254
1597311
648488
1947258
1947260
1947261
881311
111803
360338
6228
1947274
1056419
1494057
35018
1889541
525741
944676
15960
1947291
1947293
1947304
1947308
1947306
1947310
1947309
1581144
192825
1947314
688604
43231
632574
1947322
1111726
1947324
1947325
1947331
391206
1947336
1947341
1947343
2393
1774928
1947353
977957
1608156
557855
1947362
1947364
1947366
1646823
1266
599873
1576354
1947378
404931
399587
1353672
1946885
1947384
334230
1947391
1947395
1588665
975578
1947398
1947400
185563
1276526
1608246
1947405
1947407
1430248
743771
1161392
676
1947414
1394582
1183834
348942
1947422
1027281
697136
1947428
784287
1377975
1947430
1940874
1947434
1947246
1947435
1147749
1060088
1947440
1947439
1947444
1947446
116820
1947452
1947457
1947456
952
1947460
166297
1947467
279265
1411316
1947475
103383
1947477
1947482
1947485
1504748
1388334
434727
1947489
1259070
1947494
402
1947493
1157657
1947498
1947501
1947504
583671
1136985
1947509
503676
14350
1947513
1506853
1947514
1947515
580745
1947520
1250768
1940
501158
1619167
1947524
185364
1947530
1566050
1947532
952
1947537
163326
541352
1384941
257376
7362
1947551
1947552
220453
1947554
1947555
1947559
1947560
1947563
74807
1043546
1591436
1803
1947576
180892
1321916
1947578
1266306
1947587
172570
1947595
94091
1947597
1076645
401611
1454840
1512039
1142080
1306594
1947616
1947618
146500
1947626
1947628
120058
820594
1947629
617057
1947632
1947633
1947635
1001367
1947636
1947638
1947641
1947642
838134
926935
366036
1772462
1417464
1947654
1947653
986686
1943086
419438
1947667
1947669
1947671
1947672
3302
18622
672779
304532
1947676
4597
999891
1947694
1947699
269148
1947703
4972
1946898
1947705
1947709
1615417
1947715
1947718
1947717
1947716
1947720
1947721
1423721
27532
1947725
1946414
505515
80274
1947732
1947739
1947744
1340672
1947749
1947465
510010
1911539
1947757
1947759
1394818
1947762
1947764
1947619
655372
1391824
545038
141072
1947773
1646589
1818921
372036
1063277
1947776
1947780
1947781
1947784
48807
1947787
1947789
1947791
1366307
472025
1947797
1947610
1947799
275982
1311951
879891
1121473
1359522
1947809
1947811
1947814
734237
1947821
1947822
441
249026
320901
1493
13115
690
101029
1524068
1741530
1413725
566367
601575
1947847
757472
938112
334334
1947852
282067
693
12329
1947859
1947858
1947860
1947861
1947864
1250294
1947869
1947871
1947870
1947877
1062531
1947885
1947889
508160
1947894
1580421
228746
1947896
1947897
360745
1629116
1947907
1884718
391092
1947910
1947911
1947914
607703
1947918
1947925
1947927
338954
6515
1947929
1161417
1947931
195733
1167233
423558
1966
514396
1947937
1947940
1947938
1947793
1947949
1947952
1947917
296222
1274568
143818
512418
1947961
1947960
573414
495767
1947966
76573
1947968
991205
125809
1947974
1947976
17777
1238895
1947979
1947983
1947988
1947992
1947994
1947997
1948003
1424334
651410
1948015
1948018
1698711
1948019
1948022
1948033
1948037
288194
1948038
1394565
1948044
949431
1948051
1372112
1948059
1610993
1947955
1948061
435407
1948068
1948075
1948081
1164917
1948085
225791
180002
1948090
1948093
5989
1948100
1361444
1948104
1948064
1114030
1928473
1183949
971853
1358
1948121
1038080
1567822
722676
1948131
1948142
1948143
524321
25522
870039
1948148
185388
1948149
53489
1406262
1948153
1266
185615
714326
1800787
1948167
212474
1624054
24877
1948126
663709
722676
1948170
1948176
1116217
1287351
1948181
1948124
1947212
1948198
1948207
1948205
413873
1509344
657072
510713
226593
1749921
1834759
1948223
1948225
952
460215
1288617
1948229
502134
1948232
1948233
1948235
1047544
1948240
1539720
360451
144334
1618732
732778
1405383
1948252
1948255
832751
1948259
1948257
1948261
836415
1948262
1203549
826074
1237154
1604094
69642
276813
1948282
691040
562225
1948290
1948293
1948292
1948295
1948301
1948302
1948304
1944058
770
563145
1948307
1948310
1220096
1948315
1948316
1948320
1948325
1254918
1948335
1948336
809883
710346
1948354
1948357
9809
1514205
1948361
1948363
1948370
1948373
1948376
1948379
597748
1948378
1295656
1948389
1948371
713511
333381
1948412
772971
1948417
1948420
1426521
76900
5367
1083216
1948427
1626002
282053
1948441
1883370
1743323
1948385
1948447
2061
25267
10261
1948453
447951
811554
1948460
1803
424346
1586854
1696787
1948465
1732468
1948468
312381
1948473
1948485
931982
1392708
1948488
492481
1370048
1345357
902752
886217
1948508
1254935
1120343
1948510
1947885
1948511
223806
1948514
346495
1948513
1948515
1498841
1948520
1427051
104063
1797911
1948528
1948529
785078
585690
1948533
659193
415130
1792569
2178
1948562
301854
1934164
19307
1948565
216261
1948566
151934
1948570
1948334
196051
1412908
1486053
1948579
6860
1948586
105874
1941053
82220
1947866
1288692
1948597
63229
1881379
1948599
1470745
1277234
233676
5796
1948541
913361
1948614
157433
1948613
1948615
1948618
952
1948620
656380
880635
1948624
825106
1461631
200299
1851638
1948138
1358
1948634
1948633
1948635
1948636
77101
1237842
1948640
1948643
1948646
1547736
1629
1508358
701117
1337143
75298
1948653
1948654
1948659
238949
757106
1948666
1948669
432
391452
1948675
1883262
1904118
1948682
110554
1948687
1948691
1471974
1948693
159431
1948695
1383216
1948699
1948700
1529268
422716
1948710
1687978
1546262
1246174
84916
1948727
1948732
1948734
1948739
1948737
370626
1948742
1705267
1948746
1948556
1946982
1507963
1948701
1948755
1525983
1948758
53326
790208
1948642
680143
1000528
1948765
1948762
1948766
1948767
111000
1948771
1712793
48345
1948776
1948777
1819768
1948785
1948787
1948789
1948791
788131
410160
1948796
1948749
1658547
1948802
328845
6051
1948807
1948811
1389930
566068
1948826
1893454
151595
1718247
1948778
857666
477822
1948800
1948834
1818324
427088
1948842
1948846
1948856
1948855
1365784
1600345
1948864
1948866
1948873
1459391
1948878
1948880
101851
1948882
425666
1948888
1948890
2643
1948896
1948895
1948897
433
1948905
1948903
1093599
657626
1948911
774907
717
44611
1948917
1517944
228387
49327
723959
1635012
1948922
1948923
519302
1078705
1303127
1264969
1268237
1948926
418138
799503
11809
430037
1065569
1884611
1948946
221645
1948956
55755
1948966
1948968
1948969
12946
1867753
186271
1948975
1948977
1828277
1948982
1740579
1948984
1683827
970484
803791
60899
1949002
853539
1949005
36725
1949011
1869593
1606158
15410
316473
285457
1949020
1508876
161464
1949024
10261
11894
1949027
1949029
427188
1949030
1949033
1948891
1949035
11184
1949043
564946
979933
826801
5356
127084
1538312
517703
1949074
1382020
580693
884923
1519039
1949089
1431268
1312796
1949095
486179
1949096
1757
1759811
1949101
1949109
1949111
1357608
1949114
1949119
1949115
1949118
1519380
1949131
1268618
1941614
1949134
1949146
1064580
952
1695928
1949151
1065833
1949155
967544
1949159
1949163
58759
1949172
1949171
1949175
581418
1821364
1759413
1667569
1949179
418289
1949181
1949065
1949184
814748
1507332
1721319
1949202
1949207
662395
1949210
1422281
1949209
1889251
1949215
465
58342
1949224
1391277
200957
214278
1949235
1809971
1949237
1949238
1136985
1949247
44316
336061
1949249
1949252
1949256
1949258
1949259
1083877
1949263
996711
490025
173636
1490953
1259350
1949282
1949287
1843503
125981
464065
1491978
1934276
152198
1949300
5642
35117
1949312
1949314
1949316
1949315
94924
1949320
671458
1949328
1949331
1949330
1949335
1949336
1949339
645610
422749
1949342
724449
1949344
1949346
1947895
1949354
771610
1949356
1949358
1475578
1949365
1949368
1949371
789557
142758
1779925
441
494915
1949385
1411107
1949387
1949389
1949390
451
157983
1945129
1949401
1949402
1949406
1949408
1949409
1949410
1949412
54425
2871
1949414
1949415
4538
579293
1730103
1949420
1949277
1949430
1207327
1949386
1427852
265026
1366930
84888
1779925
463861
1949449
328462
1348729
1932739
1949457
1942898
1949421
1086414
1352563
1949460
163093
296640
1949290
1949129
1949465
489372
1949403
1949469
1949471
1949473
632722
1460771
1949478
1949480
218411
1948296
1949484
741544
882800
1544085
1893239
3621
1949494
1949500
1949497
1949506
299107
1949511
1949521
931658
1949527
1949529
952272
1949534
1949542
680089
1949550
1949555
1949560
1949562
1949561
374967
1949569
361014
635475
1933682
1949577
106542
1949580
1949583
1949587
1478338
1949594
1949546
74151
340658
1949601
615263
1141746
698174
1241353
1949617
1949619
435550
76578
1057524
1735892
602267
1949602
1837
1949640
42960
11634
1949645
1295250
746785
1949650
1629
105578
85038
1949654
1949655
1442757
1949659
1949660
1949665
278331
1533975
69433
101517
456519
1949670
1156437
2708
1949678
1949685
1949682
8701
1949689
1949690
1112644
1268358
393887
1949695
1646474
1949699
1949698
1949700
1601707
23415
1949712
1262739
1949713
1918825
6823
1949719
1929594
407695
106987
1921715
1690625
1949727
486987
364004
1322369
1763122
1949730
1949738
1949747
1949746
1705182
1745894
1409469
1583920
1292047
1949756
85155
1371292
1949758
1648482
1353713
1606160
1949716
928473
1611565
5
9967
1545775
1949771
1949773
297218
1949776
1295759
1949782
1376743
783780
704827
296005
1949792
618773
1949794
1949796
1949801
1949807
1949814
662649
1949818
1949824
1949825
10183
593408
814879
1949829
1949830
1347864
1024765
1949841
1949842
1949852
1949855
1949860
1421285
142178
1949863
1949867
775842
1949868
1949872
1949875
1474710
1949859
1949883
1949887
1949886
1949888
1949889
1949894
1949897
1949831
1949906
1443646
1949909
1949913
1269865
1949917
1949915
1949919
1372389
1340373
608148
689855
1949926
244235
1434747
1949937
1949944
1949947
85346
1949949
900983
1949953
1949954
204066
138259
1949958
1949961
1492292
1949835
149699
29434
1824857
1853891
1030152
1188837
1512604
457691
1949994
1950000
1263302
388871
678
435909
1950007
1950012
975579
54702
1950017
1950025
1605429
15983
1950029
1291229
1950034
1950037
1950040
1950042
1950041
1173104
288133
1950046
1950055
1950060
1950067
1537937
1949736
1950069
9790
1950074
1205813
1560447
1711150
1950004
209139
1950089
1950090
1950091
1950095
1950098
1538142
1950100
685074
1950026
1950106
902767
952
146293
1950110
119519
7217
196416
1950075
1950119
630555
1950084
536604
1357008
1950131
1950133
205475
967206
1388496
1950136
466791
1950140
1431515
1950145
1816354
34596
1894218
1950159
72022
1514596
403659
699202
75574
1950179
1950178
1512863
1147217
1950182
3074
552550
1950194
1950196
1950201
1950204
1950203
1950205
430904
1950209
1950214
1950215
1386568
281995
8547
1950218
1950222
613709
1950233
1791317
2871
1378323
1950247
1950251
1950253
470067
1950268
7170
1950272
650894
1950278
1950282
1485132
1950285
1950291
1950293
1950292
1294872
1950071
213886
1439
1950303
128057
1950309
220112
238965
1950316
1950315
1950317
21009
777002
1950329
1950333
6400
1536081
1950334
1554686
202696
260042
1950344
221038
731619
1260754
424482
1950351
1583895
784850
1950356
364816
179642
1950359
1811695
1950360
1950364
1950362
1950367
1797681
1284031
1950372
577403
198896
303105
405003
1950391
1950397
49883
15433
104665
1950402
1950407
1950419
1950420
1950421
1950208
1458082
1435636
1950435
174881
2705
1950443
1949459
1950447
1005914
511487
1950451
1950449
1443229
391353
1345062
1950467
1950469
1950473
1800218
1950479
353
4538
547801
1267563
1950495
1376985
1950499
1394868
274618
1950502
1950507
1950506
204568
317999
1517698
1950520
1950522
1458531
1950531
1950535
1950543
1950554
1950552
355508
1950555
1950565
494144
1950574
684542
417213
1950581
99849
1950586
331
1950592
354934
1950596
3821
1950598
1164789
1950601
1950599
1950602
632182
1365598
1828913
1330308
335046
1511098
1512126
587884
1279810
1908547
8401
773871
680859
414774
1950637
763964
1950644
1560221
1950643
1400004
1950650
1950649
1950651
228591
1365833
1950659
918
1950663
224
1818923
1950666
758521
1142942
1591284
738392
1950683
1950685
1950687
1950689
1950698
136459
1335140
1950701
1950704
370623
1307309
1950713
1121694
1950716
332609
1950715
1660629
410789
1950724
402948
1577731
1950737
1950740
1950739
1950738
1950743
1950744
1950742
1950745
558484
1950747
139239
1933039
1950748
126531
495988
1950750
635322
91552
700537
1627998
