1925617
1933299
1921837
1933698
1934048
1544591
1935697
1928305
1938776
1940306
1940484
1941696
1941899
1941988
258120
1942584
1942842
1038
1484279
1944403
1945066
1945470
1479606
95115
1946414
1946469
1947093
1479606
1947454
520097
255035
1948916
1949396
1950717
153074
205
1604183
1952489
1953672
1954981
1955772
1961662
1964741
1965549
1965554
1965592
1146099
1965734
1965934
1965988
1013313
673804
1966472
1966617
1967592
1967711
1899863
1969312
1969765
1971465
1971490
1971516
441
1946414
1975396
614425
1339936
1978087
1979380
1979855
1933289
193781
702140
1985149
3470
1662
1987758
1989404
1990075
1991202
1926076
1994457
1994986
1910642
1998334
2000057
360971
2001153
2001217
10907
1021072
2002012
1139024
2004767
2005548
687833
623311
38820
2006892
2007031
2016445
2016538
916273
1568904
2016999
2017258
29529
376526
2018600
2018675
2019173
2019637
2019678
2019704
1109811
2020221
322321
398589
2022307
140158
1024298
95115
2026307
2026758
1280167
304193
1606207
2031412
2032464
2035728
2037551
2037596
2037929
1538376
1973764
829126
2040135
2040416
2041116
2041156
2043191
2043458
2258
2045168
660971
2046569
2047160
1259002
2047771
2047776
532337
825106
2047754
1465955
1866044
1304421
2047830
416248
717
2047870
1930335
1459365
1839742
1637085
2047614
2046970
671482
1990836
2047848
312147
34596
911443
1441000
2047995
2046986
165747
2048020
2870
2047592
233278
1902331
29523
2048048
748761
2048121
682894
2048124
912765
2005776
2048177
1402794
1379540
2048223
259881
338660
2048244
413478
1652862
1310409
398540
1498856
2048295
2014895
1348383
2048309
2048210
1991122
2048467
2048479
1866691
2048502
2048508
113589
1455627
2048537
574812
1896482
2048567
2037811
2048587
694899
1335853
253481
1800337
2048578
1904864
537500
1474986
1354161
308145
2048669
2003587
11184
379442
2048756
2048806
2048701
2048805
118401
801054
1346864
2048873
1557331
1170407
2048724
2048938
4972
1300249
790437
2048924
2564
1862798
1395677
1927343
2048976
2049005
1444842
1294287
2049085
1728296
456600
2049087
1794300
2049124
2049101
578003
1015423
1873814
253
1492891
2049242
95105
2035967
831441
2049277
1310458
2049285
1307042
1978630
2049165
719775
2049308
919491
2049358
2032695
1819792
1608748
1801335
2041853
927256
2049418
1847623
2049061
1149588
319014
522840
2049485
2049493
1739258
393
2049394
454847
1837
1326591
571902
1772383
1434099
519392
155752
1613857
433
1535032
2049681
2049682
1307548
2049669
1471401
1304001
1817220
631383
18622
484497
1209696
2049777
1236069
2043454
520788
2049846
205
113003
1275076
2049883
2049893
11951
1877119
1675259
268986
685467
510463
2049905
204667
2050026
2050029
144362
2050067
4936
317953
1431270
1949277
2050134
1835087
1328820
846124
1291634
1952261
1608216
2050188
273670
358086
2050225
116861
744163
529356
1601391
2050153
72327
717066
1292832
1052313
18649
1920223
2050331
1905575
1979284
2050379
1774
2050416
2050386
836419
2050381
1218849
3513
2049964
2050477
2050459
1304779
1389563
1955301
2050073
1330871
666190
2050567
1404316
1294243
2050605
1956512
1280239
2050639
571420
637437
2050661
28769
606849
2050684
2050758
1486346
734017
3417
1606500
2050774
2050795
2050794
1269047
1557323
2050830
1558226
2050836
2050844
737878
1893967
2050873
2050894
115648
2050900
1080205
2050948
1282896
2050956
1576145
790139
2050986
664664
2051017
1681350
2051023
1887783
2000249
2051054
2051087
2051100
515468
1442144
432367
339131
2051164
2051169
2050933
1815370
963238
2051197
2051238
1305503
621568
508920
1610068
525592
2006196
2051255
1516303
2051301
1285233
1214497
354174
34693
1699316
1440456
1410389
1935226
2051543
2051559
2041909
2051600
586284
2051706
2051699
2051693
1381847
235344
701
624497
1407896
2011411
1306411
2051811
1940769
2051808
5699
2051813
3805
2051807
634982
2051866
716991
6400
225268
1175
664205
2052027
476689
3003
2052041
1896447
1236964
2041182
2052136
1385250
1845355
1293346
2052270
23088
2052285
1877013
1636893
629947
1387229
2052312
570261
2052308
39559
2052419
2012782
5
2052465
2052463
2052356
1702280
73392
2052277
1485645
2052536
1954444
79499
1294208
1387836
1001081
2052649
1946536
1349149
2052725
1413904
1550040
802
2004143
2052792
1815646
440144
2052873
1934951
1977927
123591
1273271
740043
1604623
1501520
453987
4042
2053097
2053062
2024911
146802
1792653
2053163
2053114
342
2053194
2053154
2052837
1768647
1419060
2053277
2052979
1377204
1732953
1840152
2053316
1353400
1928161
151265
426527
845270
2053358
1328338
2053425
1466946
491503
2053251
441
1562434
2053528
10750
143024
1059847
1340247
2053453
132368
2053591
1140879
1352570
618076
2053635
1174377
409451
1293603
1559674
1958891
2053804
6257
1290453
1746781
2053833
1418724
2053899
8052
228850
629090
2036532
558083
2053936
2053980
1344606
729256
1926737
1422775
2054066
1304397
2054029
9905
2054024
1813383
1785626
2054094
2054108
2054145
276719
653793
192727
1554108
2054051
396961
2054198
2054228
1810102
71326
1569
271007
710480
141488
2054311
361757
1132876
340094
2054434
2054439
51756
1306714
2054445
1578396
1537025
2054471
2054452
2054286
247350
2054576
2054523
588488
1506828
1146016
320563
2050
1922673
423199
2054772
1013
2054807
887588
1017234
2054811
506598
236140
2054919
1415142
2055022
2055006
443885
2055042
1403236
1397096
38025
2055088
2054440
926736
2055135
688856
170674
378048
2258
1129895
2055164
451735
2055213
1941541
857251
2055232
2055180
604642
2055288
2055298
2055324
740274
2055234
484202
2055306
2024795
1712682
1473004
527075
2055471
2055354
728389
1536846
1313147
619160
1780052
308290
2055590
1913124
132904
1957782
1190144
17068
737956
465
44250
2055667
331
1670098
2055688
1711363
2036198
2055717
1322817
886488
31276
1526049
1625569
2055684
1960534
1001616
2055927
2402
429383
682634
1051498
2055987
2055919
2056039
1866312
1877695
2056061
266107
1308888
925384
1996205
613101
320354
236332
13416
1650703
2056294
1404488
2056342
440489
1837276
2056416
2056470
162478
25522
1478790
2056540
5635
1402860
737295
420262
1942278
450436
2042558
2056680
2056625
2056733
211367
2056793
1463823
2056857
2056862
1936423
1315
1999445
14164
280780
456750
814327
1468429
225886
1428831
2057091
1772135
2057125
1422232
2056899
2057143
2057139
1359039
2057162
448432
2057093
2057192
2057131
4719
2057221
29487
8701
265605
483104
1320157
2057410
1779931
4719
25569
1728726
2057112
2057507
1339326
2057574
1529296
1856843
600439
355313
659609
2057699
722138
366508
1176348
1213147
591184
2057758
10935
733745
2056809
815005
46516
1799027
19659
1185868
2057822
526048
2057870
2057890
1177559
1521655
2057956
2057957
173484
2057965
2057937
1172817
2027535
1404499
1636354
2058046
2058051
8852
2057989
123928
2058076
2058091
480222
580671
1272515
3014
989661
1810772
14832
2058207
2058259
317204
1751113
16286
722641
2058321
2570
2055374
1820766
121977
2058428
659430
2058462
1571083
1021211
1177880
2058507
2058513
2327
2058517
2058547
1933903
2058598
631854
646647
1758804
2058619
2053648
696959
331724
1432896
1997005
3020
490340
2013132
1988115
1282986
2058776
1413374
1702735
2024395
2057967
2058847
2058861
1539247
2058888
173484
1559427
2058885
2058944
2058910
2058934
422660
3302
2059003
81491
802
2059008
2059035
1620256
715450
177141
1715200
2055978
486447
1441904
2059027
2059071
605491
350523
2059083
2059150
3817
8008
134948
1611732
2059266
2035692
1923082
4042
2031865
2059267
456067
2059448
1136088
179294
6823
1670902
1519585
1060990
264739
1676934
2059180
1989168
1343445
915509
2059783
1377360
2059785
896032
1124868
1048810
1660015
2059818
2059823
1460740
629801
2059876
514941
2059898
1800336
703469
1503665
131904
2059982
203139
2060007
867219
2059970
223316
2060070
2060108
2060112
2003059
2060123
1548525
478480
2060153
2060199
726182
2060126
993448
1045920
2060257
1895265
1058784
1832440
1264445
1961149
51599
2060359
1367907
1484705
2060337
1288266
298724
62799
2061
543999
162090
854818
1817848
2060390
2060447
2060492
1837
1418730
1777895
1645919
628460
32840
1897995
1720181
36638
111858
2060593
2060628
2060633
2060638
2060611
2060595
471570
2060651
665421
1306006
2060678
65972
2028540
1565256
2060771
1575055
2318
1213382
2060694
2058194
2060802
1942818
2010817
2060845
80017
1725845
909694
2060953
2060861
2060978
585736
1622858
2060979
103344
2061035
908374
2061059
1466842
2060764
352720
2058502
1352192
2061107
1058818
2060907
1291640
703668
1922260
1964902
1235543
1571372
2061191
2061175
287564
1419403
2061267
1984429
2061315
707867
952
2061069
1708857
148309
460598
417917
2061465
2061425
1571633
1251373
2053145
178979
648222
372989
653422
1300160
1995258
538937
2060899
1562817
2061766
1259968
2061814
2061796
1825126
1641325
2061843
301282
2061835
2061844
1342989
2061782
503629
263774
3882
1909891
681655
795381
1415722
1461056
1489477
1304244
2062048
2062056
2062070
2062140
2061908
1321319
1761532
80174
2686
1382865
472818
2062127
1173086
2062202
1107117
959179
1473157
757106
1930702
686454
720452
606520
688595
2062346
342323
2708
632044
395372
394627
1464347
2062380
369455
633356
676967
342
2062508
7657
2318
2062443
618629
12840
1110872
2062512
1600318
2062699
355313
2062722
1331409
589877
1848736
2062453
630196
2062843
2033422
2062926
1466607
2062869
2062938
1604562
2062795
620647
2030241
1809748
2062979
322933
630409
1751
2063121
2063142
2063154
362481
375239
1278333
1131084
1236
932581
2063237
2063181
667651
2063241
2063210
240965
1360988
2063282
31249
1363035
167220
2063326
64658
1979127
1347807
1703435
2044243
2063490
2061056
2063568
207133
89807
1718777
2063597
1368314
1079097
2001802
1315756
1936765
2063657
1340926
739974
1607052
1925454
689859
2318
2063764
1572544
612041
1593334
979473
408343
220417
467505
5154
770710
2063876
2042229
2063413
1673861
270369
17951
1271624
2063961
1388676
2063280
2063994
2064023
635669
1696855
2063998
1860980
1777822
61409
2643
2064201
2064207
2064248
652444
1939076
1511600
2647
784725
1134068
2064249
1342965
2064318
1975829
508080
558686
2064508
1451035
2011186
1935603
2064213
2064536
2064344
627760
2064644
5426
1807349
2043315
1563502
1453137
2064767
2064780
1918601
1370990
1645137
2064844
2064855
1475788
1256258
1923967
2064847
1992022
693
884637
2064970
1617908
381949
2053597
2065115
1303714
2065110
2065150
1089527
1820
1430637
2065178
1431284
1286964
2870
69691
1760676
2065219
2065251
2065308
13502
801367
451
1356629
2065350
736553
1389877
1224982
33404
1872221
2065412
2065379
2065471
191674
2065540
2023048
2065576
683526
723295
1255346
2065612
2065527
2065509
1358369
2065249
1402459
584558
2065455
2065021
2065610
185477
2065804
2065779
1877960
2065830
2065858
2065636
802
1455871
2065864
2065938
586913
1226219
671601
2065975
2065953
709
439240
2066017
1911299
653091
2066001
367321
553212
740627
503542
1939021
2066127
1504
2066153
1615662
2034498
2066146
24975
35102
2066168
268714
1923343
1462940
2066267
2066314
2015355
2066309
2066343
2066370
83845
2066452
1995303
1431088
1931530
1330128
1494389
2066537
2066605
1173488
2065745
754325
2066740
13472
10261
2066752
1401203
522500
1325495
2044453
244974
2066822
433050
1342600
2066836
2066431
2033800
2066908
2066900
2040339
52582
1576578
300095
1273766
489
2066972
1388953
759835
2067079
56947
1833847
1526808
508305
2067050
205
2067171
632513
686241
2067196
2067189
2067177
296993
709371
2067241
2067244
2439
279162
1625109
1697097
2067090
1872601
556925
1484922
2067410
2067401
2004365
139703
2067441
1760927
750924
2067333
2065985
2067436
2067499
2066983
2067299
1353037
2067481
2067594
746223
1523665
1321211
1377180
1917264
1465120
491273
713564
18599
842990
268981
1358622
370156
2067775
2067805
1134475
707314
1889664
1134475
2067906
1629460
2039047
389824
305379
2068046
2068031
1906891
1553709
770
1732123
1167105
338104
425668
1902210
2068179
663037
2068204
516949
2068213
2068232
2067591
2068247
2068243
1067842
2068318
2068277
1595552
1934303
2063897
1140834
2068391
1794700
686649
2068412
2068251
64293
1519965
263812
1072986
1438108
2061
2068563
2068575
1756199
2068547
4323
1640874
1436629
1162
2068685
118417
448
1973637
5268
2068695
1751202
1469327
809973
2068766
1561698
2068832
232393
1113549
2068869
690379
1696865
550280
2068780
1247825
2068974
347617
1579755
2069027
1423919
2069094
80672
158066
1773129
2069214
392568
1672858
794289
1287497
5154
2069338
1990207
2069276
335141
768091
240562
100764
47159
2069490
1965210
7432
2069475
1183325
1289711
5790
1289733
901592
1983081
2069612
1365203
1282108
1369
2069784
569700
14955
1047316
317486
1324079
1932789
2009261
2069844
2069852
1434774
2069825
819
136762
23899
420912
1985030
100348
206284
1644747
9287
209922
229391
2070083
2070077
7741
2070106
3621
2021718
2070164
2070182
626919
1886222
1302936
2070256
567502
17068
219514
2070249
467262
23284
2070328
1588244
1904498
2050172
2070413
938487
397291
111292
2070379
1961822
1549152
2070451
393625
2070507
2069280
1236
8701
1736930
60816
2070539
277917
1397685
1260485
2006825
1148587
1695373
2003101
675950
2070611
2070651
2070658
1495692
2016579
633856
729648
2070729
1420718
1672737
1819836
2070782
2070805
1569919
1606354
699658
2070883
296302
2070916
283908
2070982
9982
1485959
2071013
13991
1928958
1444254
331
333375
1394020
2071085
8901
160687
2071093
1402701
441
58092
1719692
2071249
2071261
2071275
2071242
453030
2071295
1975882
752690
1590695
1702328
1959114
1213079
2071407
2052664
388539
1641583
2071490
250962
2071531
1575707
376163
487602
388032
1036470
2071692
2071707
945579
13854
2071725
346351
1510208
23553
1177176
3721
1105147
2071854
2071841
1424677
2071892
1630853
315326
530199
2032961
2178
100524
2071953
1319636
34351
2072001
2072063
1938341
2072096
120928
227657
2072061
2072000
2072129
1508720
1846914
1812154
401502
2072237
1275249
685795
2072311
1778576
77264
2072382
66925
11710
2072479
1467175
1734736
1508421
2052693
2072601
2003552
1635590
2020356
2072696
560599
1328483
2072848
2072907
399941
2072903
2072947
969905
2072981
1573073
1508292
441
850270
565305
2073055
2073067
926303
1458208
1060580
290587
2073131
1457148
2073212
1929818
663
18253
2030735
24472
2073350
2073323
1341930
2073360
677959
925358
36535
1774
243680
540431
723850
1961428
2007401
2073531
1310634
1829766
2073551
953757
2073575
68589
2073553
4538
2073240
2073583
23045
1506446
1273356
2073729
2073664
2073657
2073732
1236
710440
1749136
1366291
1418597
44810
1264676
1430817
1945111
2073842
174507
1794849
255186
1881762
2074050
101390
2074059
2059258
1328688
479490
562911
2074137
362242
1284098
98424
1372642
1729333
2074238
2073909
388020
1195509
2074315
2074402
2074357
2074396
2074379
2073830
1952389
2074409
2074530
194331
2074539
2074565
2074547
1870248
1590791
400882
228555
2074867
979091
2074953
2074969
390836
2075012
2074980
2075056
2074978
2075028
2075003
2075115
849599
26928
758375
2075073
231207
2075218
1503520
2075154
954198
725072
1934386
2075353
1539521
2074777
2075326
1802040
2075420
2075463
44829
2075433
1494519
2422
368982
2075503
2075483
36101
2075574
952
1813422
1389292
313489
2075657
1364716
266283
2075695
2075754
2075739
2075743
2075828
2042273
1119714
492288
477411
333310
1511337
2075939
2075983
1961205
1631186
1959918
57626
2031946
1049203
924962
1877060
2076145
1735306
1831230
1461907
1236116
507629
1143260
1236789
649369
583331
272182
321386
1239116
869830
1289207
2076279
1741148
405744
2076351
4039
383498
396444
7008
603525
1323213
2076494
2076528
1255613
19054
2076627
2076650
2076673
2017081
1332696
680759
1332766
1898764
863893
1622433
1704729
729023
646487
219460
484843
1472335
1332649
2076884
2076870
1935814
2071964
1722049
2076916
767070
1886546
793754
1811663
2077157
2077140
976471
641342
41352
845504
418350
1066419
1979560
514941
2077360
56926
2076592
1313090
2077356
2077443
2077469
2077420
697864
1893507
11080
1773400
487239
297962
2077633
2071633
1326703
1964213
2077689
60719
1624304
2077737
601278
497111
2077773
2077830
1940019
2077896
1328546
1170794
1378887
1723116
173206
1470364
2078049
1916569
1614803
1349504
6430
2078096
1004306
2078146
1559852
500792
2078171
1574978
369413
2078202
1581266
426704
819293
2078381
2078347
2078392
1053972
1086152
967469
214760
1865781
1705504
2078596
2078604
2078602
1349764
206491
2076100
1638254
2078669
1327104
2078810
2078666
394542
2078857
1921149
1489775
2046708
642700
1817502
1896823
1155903
1991895
5554
2079068
595121
773569
2079099
344149
2079140
2012948
2079225
1688564
1953958
465823
2079209
1803893
2079250
2010983
2079215
1751079
5585
2079347
2079363
2079453
1504238
2079397
2945
2079651
1617673
2068596
8919
1641630
2075301
1944124
2079826
670007
1179325
2079876
1523411
1894647
2079891
733232
2079983
2079729
1584964
2080098
2080087
4972
1880566
1320359
1466667
156031
2080267
2080210
27120
591018
2080336
483537
3550
1383969
2080414
1086732
2080427
19539
2080490
178903
1089907
2080519
433
2080601
61137
2565
1215002
2080668
699483
1494279
1574297
39200
1667510
1318364
1588143
2080791
1068066
1452599
2080956
1245330
2023039
2081069
1108655
2080890
1357891
2081113
2081152
1886469
49218
1933856
964039
2081234
2081252
1871346
2081289
669794
2081313
2081360
559120
2081388
2081393
657236
1380121
2081364
2081435
1959073
1351567
