1931853
1491902
1932207
1932209
434049
1284590
146231
176305
1361031
651438
1119630
1932244
465190
1282328
1378940
1932286
1118225
1932290
5010
1024303
412468
1030475
1932307
1932308
1932320
1646830
1927909
1932330
32734
1770361
1932346
724863
1696549
1932367
1932373
1532338
155069
717
736892
1870307
5635
1925099
1932446
870178
1932478
1932491
1932494
14955
289362
1932504
1932517
1546366
1583211
1867512
1932534
253351
1932541
1627697
1707184
1927632
1932604
494370
312311
1932629
787820
1932636
1455166
150361
1932660
309230
1932689
4702
1932694
1932708
1932713
532862
1877190
1932734
1283476
1932736
1932743
855205
2340
868297
1448689
1625569
9472
1932789
1932809
639491
415702
1932754
1316691
1932858
1932874
1679037
700189
1932903
1932908
178773
1354118
33469
812799
1932934
1360888
305363
1932981
1933001
2643
1932693
1933031
156314
1625264
996977
1933083
10475
1933127
1774247
1933141
1933148
1111324
1232272
1912799
1933177
1933195
261674
906909
1933252
1933264
1613
1330424
1488690
336482
1437821
165696
578323
710781
1752682
1933410
1933431
1933448
714909
1933468
1933470
321530
487449
1933555
527818
1202
168975
659609
1532847
1933624
1933625
1244577
1275365
209737
1933652
1933589
1792892
1411095
221420
26705
1933680
459732
206233
1483946
2050
1877334
1933682
174507
666190
699069
1933750
1394789
1933759
678147
607999
1569
1933766
209737
1140606
332377
2570
1933796
94604
1933819
57803
1933411
1323529
1933826
1507449
461087
163083
1933898
1625650
1933908
1933911
1933912
10640
277
247626
217409
1933900
1933953
578942
1933935
12742
534066
1104340
1933982
1933987
1497221
184967
586948
311318
718339
87781
617020
306107
1934060
1934061
1881379
1840358
7489
465
1934053
1933774
977154
1268696
2708
1366839
62459
1934150
1894528
5902
1934167
1934137
1026681
1934173
1934181
1934188
392997
1387608
1940
1934217
1934229
918601
1934240
1934121
82790
376294
548164
1934268
1934063
1934287
1873643
1886862
1744287
1854088
1608718
1050766
1401846
1463414
1308796
1934328
1934340
4958
1934310
301221
1515386
1934366
928568
1934387
1934400
1394977
673925
1068292
1041939
3763
691129
1496036
864726
1934450
1934425
1642438
1934475
1934474
1933349
1569
428471
1934492
236883
7008
655674
1934536
464754
1338767
236941
659210
741367
1934472
701152
1934575
1934614
679371
1934638
1934655
1934669
1934634
1934681
1305559
1269374
1140772
1934630
1934709
1934721
1479198
717478
170780
480913
1384617
330935
1934768
178903
1934792
1933599
1733
1934809
1919784
1934796
854430
722891
5367
1934840
1934853
1934870
145904
1092151
14943
1934874
1934881
1566473
1772640
1497928
1934924
1934931
1934951
1430284
1805174
1645736
1300303
1934998
1934834
687855
300958
1935020
56169
253865
1935026
713536
1120771
1935077
1333383
1326732
494534
1935088
154059
1458823
1935141
952
1935151
1929350
655282
1935155
867434
662248
1935179
1935189
989210
1282960
677924
1935228
1381445
180080
189002
1526160
1935233
324042
1253285
3028
1935293
30012
1219534
1935289
3297
56884
955028
1082614
983156
570756
1935433
4719
336198
1935427
1372980
1393111
1935452
117235
1391936
1935473
1935411
62260
1031005
1935513
1935477
1935445
1935502
1935543
1282788
836678
220469
33330
1459436
1935557
1935459
1935590
742925
1486406
990265
1935597
1935614
1935630
1935615
1935649
337673
248132
393
1935666
705576
192419
1935669
1439466
886165
1935682
1294661
1400556
208450
1935695
1935699
463029
1107117
1935729
1935759
141876
1089737
1935739
1040441
762924
1608748
1500913
1399418
30640
1376609
1791077
71119
1277819
1935797
1935357
205929
2422
1935805
1466585
161831
1935875
15650
1935709
7560
1935896
1935907
1397685
637552
86436
634025
219727
95912
1557506
1604295
1895222
1935698
1881473
1723995
1935758
126751
1935948
13106
1306767
1935959
1419123
102641
1935967
186858
1935837
576316
1935847
112442
1936008
1935992
465393
1936013
41503
1481212
954366
1879083
1936054
6418
1936055
1751670
1769823
1936069
640392
1936078
1343593
1936083
1936099
1935996
1499323
590233
1927519
1888230
355639
477464
1936172
1593951
1936189
1498256
1936195
1461746
1320
196585
6507
1935868
1558748
245011
541173
417700
1902908
6257
1050115
212727
1936303
1936162
675179
1882238
1936317
239056
1936340
1443517
1936354
301375
125043
1292110
1918857
1936371
1936334
1936362
103649
992390
1936429
89555
414648
51935
913452
1936450
1608247
1936488
1936484
517520
1936487
938487
1936476
1936511
312294
1936504
2422
1936533
62459
441
1936549
1518003
452474
1936540
1830130
1936134
1936575
52037
1916569
1936583
1569
433
1936503
1319469
1936551
1259399
1613347
931616
1936580
1936645
1473071
36836
1642515
1936659
1782580
1936697
1936712
1559124
1936126
1469979
1936726
1880709
112189
951812
842151
1556093
1613135
1382645
946362
1936833
1936775
1936859
1393099
194239
1522734
204667
1114438
1936858
1936832
1936933
22723
1936479
1936980
1365556
11187
1618582
8852
341536
1937021
1936969
1916958
9905
356552
820065
1403669
1937064
505943
1435236
1340010
1937065
1937009
1540873
1937103
1936945
1303407
1937128
1642749
120253
975181
1937151
7432
1937152
408885
1937112
1937146
1890233
1937143
50048
196441
1937165
1936862
1612690
1937219
1174940
1305981
44301
2937
612877
1937259
1431194
1937186
1546326
1299029
1937314
548751
770
436902
1258036
1296271
1937305
1937309
314446
1937354
1895645
1937367
680340
1355870
6051
1546056
1937423
1418054
1937448
1937406
3003
1937516
683
517494
1937495
1937445
1937510
1937374
1533735
1937536
1937571
1288500
1877955
1114719
688157
39392
1937399
686170
1926436
414308
1937650
1937626
1287238
596134
432
620331
1937706
1937715
109131
176006
1937756
249833
83140
1937791
271997
486696
1424670
1937748
39528
1588546
1317834
1784387
1937862
98354
1347518
198700
489
654881
98354
1748886
1937875
10948
1936286
1937922
1652116
1607357
1937886
1368624
1356485
1678473
1937967
1116249
1938004
1937992
1938021
60937
1844994
1336301
1938033
1924435
207167
11710
333166
1937990
1938079
1445618
1937903
1538682
1604054
1837170
1938112
1937964
1621050
1938131
1938094
1021600
357839
1938140
1909533
193650
80617
2710
1938179
1774
1352748
1938199
39244
1597362
1938181
1791441
1510348
1938178
1938251
1373662
1317957
1938217
4972
1292982
1938276
1381813
1765563
548249
1938288
1938318
1938319
1504091
1869718
1938329
1919589
16031
1489494
1405609
1938356
1669889
500698
1309231
1938239
1122243
1938341
3621
1938408
11184
315024
1938427
1938434
5796
882623
1938458
10183
1597876
1111302
1938537
1938538
1536456
1938584
1938613
1572353
272542
1938603
1369185
1938599
1806905
156906
1672
717
1938705
1938548
1938652
1938731
1310658
1314321
1938769
998452
5585
1397040
89275
1938822
1448585
1938853
747333
2772
1161267
6823
1276081
586591
1938863
1938855
1887763
1435552
250411
1938923
318593
1936432
293384
1021465
1938974
1277469
1320766
8089
412173
1939014
316351
1067938
1938940
1725729
485
1939013
571214
1939136
1939138
1939154
411567
994547
1939184
545535
1939244
443637
1939239
1300638
752359
337867
1130109
1291335
1209313
1939327
1324577
1939350
1935921
655042
1463931
1415719
487122
1332703
1939282
1939389
1939293
1310550
222447
1939414
1939378
1939430
1939419
821317
168030
502755
1939453
1472303
466285
1302783
1939364
217400
4493
4042
1939457
1939525
1939508
107051
465
1939538
214109
1939540
1939571
1939559
1731392
1939577
1478576
1938968
137051
1939521
1315608
1939532
1939629
153065
687617
1939668
1306189
1939721
1939754
1939680
1443412
1365555
1939782
4657
1908507
1819649
404769
1917820
1226475
1939814
1230
554625
606557
1321647
1938404
1939736
727337
724983
1939882
1935378
1560693
1571017
1831
1752189
1939888
1939918
1938371
252674
1628542
1939896
1939885
1939585
1939845
1939944
1939983
1378840
1720267
1939993
329580
843303
1939996
1765721
1940013
690
1940015
1424560
1939980
66150
1940053
1558707
1940038
1939999
1939981
1940092
1940098
1940031
2318
1939602
1330247
1844575
1940127
1940123
1940087
1874169
575230
1308245
1940144
1940155
1940173
1940174
1605724
371231
1043545
1560309
876579
1939738
1940257
1940290
1540477
1429265
1940353
608979
1940349
1940338
7432
1810618
1899881
1605709
93976
1598042
1940435
1499418
402
27000
1720597
1939547
1940501
433
1940512
151797
1940494
1940424
1314525
1940369
2937
1781740
1940541
278717
445456
1634464
1006052
248322
876410
1458882
1940581
544970
1940147
1940608
14164
1768653
1940214
1733
1806459
1940668
1940677
515310
1648753
1581959
1922531
1940695
1308720
292689
336733
1940497
4958
400449
1940728
518508
1940509
1712795
1478443
1939789
1352875
336614
1527044
207762
457956
1940373
1940872
1940830
1364025
150726
1940769
1940916
1940684
726200
1940937
25267
6257
1354271
1940656
1400701
669103
3302
1941013
1923609
1801888
1940704
1651308
1839681
972336
1940998
1940925
1941022
1940923
1941041
1162
1128516
1147348
1463286
1930043
36381
1332311
1663349
1941122
1308071
1941192
900039
762505
1057691
1940176
1940403
190229
1941222
572263
1941273
1349451
1941275
1803447
5554
1625707
1941241
1940818
1370757
1649789
1529296
1941345
1941329
272078
372989
987197
170114
14832
1621149
1940994
560142
1941447
1939141
205292
716817
1627456
571678
1240655
1316035
863143
1486778
1287093
1196828
1871621
1657508
1941549
1625025
383491
1368696
1775217
521258
658760
1384139
1941633
699847
1409524
1941666
1941658
1674287
169066
1470447
1700268
278660
1732200
1941739
1941649
1786654
1708255
1307626
1940467
1626290
406316
1141974
1941817
1941729
1941832
460094
721272
155240
2422
1350274
1287282
1940470
1941847
1941770
1877629
1941889
704751
569021
1941936
1293669
1108503
986800
1941902
1616809
96482
930372
1941996
1290290
1941967
1942009
1501000
28957
1941961
1942047
812790
704773
1942063
1942040
1606265
1671949
896758
879960
1942061
1942124
1942077
1942122
1051430
1451729
473247
1942140
1020694
1942168
1508723
182788
735761
1942217
671690
1942112
292109
1941475
637852
261703
1942238
18635
1941422
1942279
1942293
1060088
1942269
1942250
1438054
1942284
1353229
1942365
1288940
1942310
1726296
1721060
1343018
269790
1539182
489924
1931382
103667
1591282
1942424
1942511
1851131
521526
1942512
1942519
802
492921
1942503
1942581
45282
1942621
1316814
1370478
818872
1942226
1750139
6341
214219
1942713
1942705
1474098
1087691
1397056
1942702
355929
1942730
1942663
388078
4958
1374236
1942797
1942665
4311
7432
1942870
208203
1892208
1942833
1520979
1942910
1942920
464800
1941989
1027234
134075
602193
4039
1942938
1401309
1120848
15547
264977
1943024
1637426
4706
760235
630122
885412
1943094
1943097
742037
109378
1495567
1943081
1943134
1346260
1315600
1407017
433
1330755
441
669939
1943196
1943213
1290258
1942720
157557
1943222
88302
731475
1943312
1509582
1943350
9970
1825264
1894501
619666
1943390
1943395
1061077
1943339
1943305
3297
1943442
1802750
1943452
1943455
473750
1943217
1943475
674089
1943480
1449886
462996
1943512
741436
582528
1943474
1943534
1943520
1943494
1017346
342
1119522
1943544
435856
336708
1269771
83408
453908
1943529
1507234
1943521
1943658
3872
441
352841
1281490
1942877
1604924
1257798
1942003
1384816
1938165
1943781
1943868
1733196
1943874
1943840
529099
459922
1943893
1943790
743372
1844990
725846
1943947
1552614
986031
1541965
66763
1330770
1943837
286781
716693
8701
530620
717
993573
174798
1520052
4059
1944031
1944015
1944104
1944174
1944182
1943483
1058357
940047
4538
1447379
1944217
1944181
1777877
1423965
242450
1380075
672956
1331519
1944211
1944290
1606706
819854
1944287
1944348
107673
1751
1944369
188253
513047
1493
1939092
733100
1944400
1944485
1944450
1301597
1071905
1569
1944468
571153
1592477
1944604
1140879
1390286
1936798
1944722
1944743
1944771
351043
659549
138830
1944706
1423117
1586026
1944750
1944799
1944808
1944486
1944836
1315916
837443
1575552
205490
714766
1944853
411590
1944920
1944829
1641497
1944960
396170
1944837
1944975
1944946
1944872
1945029
765485
1944421
485
1161378
1944892
677227
13347
1653244
1945084
1944565
1915560
888390
360179
1945132
1945171
1932488
1707123
1521966
1528353
1877820
1503406
87283
1287169
1346543
1945208
1838689
1945090
1945205
990594
1945282
1663409
149894
1945183
1781582
1945312
363441
1944424
1945220
9604
473242
1292585
1943138
928588
961805
103412
1945486
1945559
1945566
1945547
1629
1508421
298306
1945424
602731
71587
1945625
256935
259195
1945572
810204
1511385
1945676
265980
1945416
1803817
1945730
1945761
1945790
441
1945801
364886
1945783
217252
1327865
917966
1945812
1945856
1377498
1945874
1945852
1358035
580260
172799
1945889
1141836
1945938
844534
1945298
2708
1803966
1946000
566377
422755
1946028
324487
1946038
1946044
1946048
1820790
1448569
1946010
1946002
1510611
734930
1903555
302300
1890028
161038
110034
1945880
1946123
536984
1945915
278244
1946069
1354818
1946117
1945953
62342
1125251
1651538
1946207
1945248
1382095
1946296
1399250
518301
1946177
1946280
408552
451317
1946306
1031510
1435234
1443572
1946357
1001426
1939990
1946237
1946358
1946378
818193
1946452
206080
1316330
1357049
1355553
1459138
259625
1004647
1803990
1937294
1946576
717
1946597
1946428
1946615
1946619
590430
1565943
1946575
1702973
1946536
758625
1946641
1338175
650968
1946675
1946687
1946763
1820335
757506
1946800
2708
18622
1946809
1946635
1946788
758608
36874
1889641
446105
1946780
1946877
1946893
1690543
1946814
157681
1946909
1917240
1023702
1946924
1330588
1946701
1946845
1900244
2570
1511496
1946988
1657393
1947060
1947064
1946837
1251587
1946476
1947149
1058452
1374763
1402794
1573066
1730265
17619
205
1947027
1947042
412393
1947218
1591919
1889541
139954
1648663
1947260
868126
199290
1579755
1946935
6012
169708
1468974
1947358
1947341
1947331
676
557855
1576354
1947394
1947408
1608156
334230
879891
939040
1353672
562697
1183834
1947215
15947
501158
14350
69532
952
583671
1772462
1566050
1947498
1947520
1947514
1399533
1321916
1056419
166297
1947608
728251
1947246
1306594
1947434
1512039
1947618
986686
1349214
1292195
1629
305384
1947460
1947465
545038
1274124
1947362
304532
601575
1947610
10183
1947862
1311951
1493
1945439
566367
734237
1634207
744344
1947901
1947859
520097
1947947
1947896
1946414
76573
1947524
1948005
1947976
1947917
1250294
1948003
1341989
1947983
69642
1947897
1947955
1183949
1059159
1567822
1948120
1948064
218753
1948075
1948138
1948033
1424334
1266
1164917
1947938
929953
1116217
1266
1948230
657072
1939486
1509344
1948259
1749921
27532
1948279
1948278
1947212
1948121
1948262
1948341
713511
1948315
1289251
2549
1392708
1254918
2061
809883
275982
1696787
447951
1948519
1948385
1948541
1948255
1732468
1948339
1948576
926935
1811268
659193
607937
111000
1427051
1461631
1948634
3
1948642
1626002
422716
1948751
82220
1705267
913361
1948701
1948695
1893454
1948336
5367
1093599
566068
1948811
1948906
788131
1948912
1365784
1948737
1948691
519302
1948778
221645
1734178
1389930
1268237
1600345
1948897
11184
826801
1763122
1948968
1949013
1893239
1312796
1949089
1949180
1353861
1064580
1667569
1417800
1949270
533537
1136985
1949277
1949263
1949290
1303127
738400
152198
1949249
1577047
930270
1427852
1949342
1411107
1949421
218411
1949408
1949356
964129
1949386
1949458
1949027
1945129
68521
1949403
1949469
1949561
1434747
432
1320338
1544085
1949546
1141746
1949619
1949129
1949635
1949637
1779925
1740579
1057524
1517597
1949602
1949336
435550
1949702
1949640
900983
1533975
1353713
6823
1949804
1583920
1949813
12946
1949506
1421285
642819
1949835
6860
1949915
1356812
1949983
1030152
334334
1949831
204066
1491978
1407412
1587077
2061
1537937
1950026
1950084
1949867
1291229
1950098
1950004
1509287
1950145
18097
34596
1947937
1514596
1950208
1950182
1949917
1605429
1950252
1949953
1443229
437126
1950075
1320591
1950365
1517698
1458531
577403
1950272
1949825
3513
1813459
1950466
2708
1950470
424482
1908547
203499
260042
198896
4538
1267563
391353
680859
1950501
1950567
1577731
224
788183
332609
1950644
26741
1950253
370623
1950756
410789
1282773
1950740
1274885
763842
1950317
11187
1412937
453768
1142942
248460
958408
1950948
1347667
1147641
1302698
319755
156751
1409928
1951073
1951184
1936196
1905955
1051086
1439663
1951271
1389725
9820
7681
1950993
525628
1065247
881751
1951256
918
43353
67250
1659438
1444
5
1869711
953530
690420
683080
1951457
307342
1951486
31227
16513
1951284
1951524
331
1604809
1063474
1296086
554260
2184
387358
1581767
10948
1951505
1951639
678845
1951174
1951669
1446542
489795
1951703
1951652
1216479
1951500
1951655
649549
1951765
273224
1951835
1587921
1177388
1929279
1950709
1952056
163550
1508726
1952052
159050
1374769
1946927
1952209
1607373
1951842
397128
1952268
85906
4958
16717
18599
1775234
1564790
1717896
1378786
661389
4538
1952451
1952455
65143
1952448
1320582
1365833
1750695
359292
1952300
1038346
177253
637225
1765430
1952658
1409668
1952678
1732292
1508470
1376280
1952546
256161
1774
405773
1805113
1855755
1952538
625369
1952759
23765
1952733
1493
1594519
1926983
1952734
25267
1268316
1952853
1422535
1617673
945806
1387526
6884
1952484
805766
616330
1819842
1952989
1952951
1953003
1601937
1953012
4706
678
1312140
1488864
1585346
1425218
1481523
1643134
1953092
1760092
1599241
1953157
1953161
770
1953170
1953208
1953119
1445120
379966
108550
1953106
1953273
1953271
55611
1008559
791639
1779236
556574
1654415
1953180
1587175
1595339
1939915
1953375
1161382
1953429
1953370
217703
1949324
1823976
1953470
50443
1953492
1953410
10261
1953448
1953537
1632164
466623
924299
1506722
351322
650808
1385802
1953091
872436
1410581
621416
120068
448758
1953382
996371
1491753
1953048
885619
1953688
983268
1494043
252228
1742835
1092839
49945
653223
1942975
1953599
1953196
1953817
1953550
1701202
862684
3754
328000
1927290
99441
233320
1537232
1510998
66611
1953853
253696
589146
1953969
1953904
1952992
1953976
244275
589326
1954034
1833358
16597
1953909
9472
243196
198523
1953965
1382865
1954215
255068
1942130
1954185
1954166
1952343
1303666
1403675
411358
734116
1953624
1328130
1953947
525347
1954267
1525478
147725
1141203
1115026
631854
1954339
1585025
1954398
1954069
1939802
379974
1931324
1954454
129494
1954444
769307
1954484
1954488
1954434
1954505
7219
1954557
1544413
1426615
1186965
1711294
116893
1911723
4538
813698
1386424
1954598
1751232
233561
1954699
1868899
9472
234580
1954749
638995
78816
10261
1954692
1343347
1954865
1954874
1954351
816670
353815
732042
1954947
1532801
693677
1954875
1955011
1955032
1954992
10640
1954837
435146
22498
1955033
679572
1955008
1955111
1287481
1270915
1955045
917653
1955161
191724
962102
1955177
1955178
520319
1955134
1323555
814471
1256187
1955106
1355632
821826
1300233
1099549
1329191
107459
1955404
1955430
1886048
1900644
464583
1955376
1955391
410441
763827
1929492
457867
2762
275915
1955567
1554233
1854606
9790
1429059
4875
485780
446333
1955611
743516
707680
1427908
1955733
1751
762953
119380
1888647
981313
1952737
1955697
5097
1952608
1306006
5635
1868302
1955795
1955834
1067867
133429
532597
148776
1955994
998972
1877415
338980
1368110
1956070
1947960
1956107
151152
1514991
1956023
1955623
420912
1292066
1777883
1956095
671754
457429
1265396
1203513
253266
660604
1955906
248747
1736038
1956425
840226
743794
1956451
1290402
99863
1956409
437376
1956333
207067
1955888
1569860
50435
1956587
531303
1956660
1956676
676
1955711
332820
130395
1956461
1897746
1354998
1956929
1011299
1564944
1956991
1956997
1957006
640393
1396188
1956941
1956951
1957056
7096
1957088
1956954
1957089
1380495
1957057
1957134
1957136
1662
748438
1957184
1957197
1923081
1957231
1202575
769914
1867493
1471
1004139
489
1957365
1957157
1957383
744378
1957118
1932138
1651062
319923
1124638
1955631
1576816
1710531
3086
445053
1549012
239113
1943339
1343323
565142
1957694
1957437
1957375
1047459
1957810
1956963
1779441
19206
1957831
1957291
1953735
1957087
1957935
907244
770
1957980
741554
537695
1321796
934236
1956167
380728
148630
634570
1282778
1958059
1200849
1958069
1344260
222249
617755
1958250
1958284
802
3417
409484
701
1958306
1159284
1958183
4042
253345
1957114
16513
1294535
731273
282395
13275
1958416
1958307
1338874
429310
631436
1958665
1389595
1958697
1958706
1311426
1958733
1958774
1285253
930056
866830
1958650
374967
1855600
356112
9967
1943067
1958807
1870916
1475399
1958970
1958862
127151
176080
773417
49570
1958858
1959081
1946007
1275640
1807354
1958897
1434500
1959184
1318469
1958882
1657103
654384
28700
178781
1554345
1353914
1278416
1539885
1959320
1959274
2871
1621297
1959423
1959427
1329079
1959075
755679
1959502
1055222
203427
1095480
1959469
1631476
1959574
698281
1959540
1959560
203051
1369482
1202204
1431119
1589652
1956743
931460
66506
752077
1629
572884
1461980
1165058
2265
1959873
1959663
517244
1958592
1439452
1959924
55755
1495358
1959968
1959956
1960008
1960040
560811
1960045
1720329
86425
319280
1959935
1360400
1960083
1960106
1960122
1959884
1415717
1716034
227911
1959926
740627
1075686
1880973
180568
1821302
1960164
1554592
24416
230160
1300185
1724758
1960474
1239204
758280
339213
1960567
1960528
1960617
1960523
1960561
1960163
1960688
1417494
1960590
489
2705
2061
79590
614793
1716311
67910
988220
1530430
1571245
1960345
1382992
1735248
1547759
1142956
1625765
120612
516221
445427
1550444
717
1495595
1273383
1326734
1960925
1789458
343463
457874
1961293
1961313
1961118
1961326
41945
46581
957817
716949
1881387
1587681
1961405
642481
672838
1961400
17961
1961432
1961519
1297633
111297
1396909
1687576
1116393
322140
1297107
39244
1606991
1008679
1961859
667020
1961841
1177131
1580467
1517949
1961893
1962005
546895
1962031
1961023
1962049
1810947
1962089
1961677
1962184
1962142
1332878
1962075
1961682
85732
1271363
1469721
1962319
1962284
280323
952
1775750
1623908
1072962
1563332
432
1962111
566806
1962290
1222856
1578182
286397
1960723
1633055
1962740
133786
1962507
1962653
651482
1279973
1960514
4597
1075702
1237604
1962781
221705
1962807
1942648
1962848
1873626
1962671
1962832
1962824
301982
1963045
1962437
1623606
1963056
54332
1963206
1963209
285038
1963210
1962512
1963133
1963275
1533714
1937868
1962909
997436
1455396
9930
1963410
15788
1962322
1963231
1856132
1962960
1563096
1963357
1612221
1961601
963281
1574201
1963528
1963588
1963272
1963477
1963638
1963613
1963490
1963207
1300631
1963729
1278745
1963700
1963768
108395
384825
1504
1505650
1932563
759568
1065833
151434
2870
1964053
1304841
1964118
1148989
718122
1476405
1963446
1497747
1964282
1628132
1292037
1962748
1964317
204871
1863540
1619700
1964374
1548429
1964397
1964240
1323358
1455383
913577
782002
1509533
231003
1963762
1756813
1142820
526891
1964545
1964244
1798181
1123655
417686
1964666
1964772
143569
1964724
1964687
114460
15964
1960534
1964782
1515865
535594
1964528
1956371
1964833
1964971
1783
1575630
1964779
1947140
1348622
1371658
1623439
246531
239785
1964974
511487
1336914
294251
1965243
1568128
1289733
1924518
1965079
1965238
740788
668652
1965338
1965386
1965253
1277116
1631544
1169703
1941289
188988
1310410
429753
14832
1965526
402
606764
79729
1793363
1511337
1965179
1965387
1185290
309392
27177
1965656
1963945
1965740
308018
202941
1365176
1965566
1965733
57028
1965824
1416570
1878797
75678
1202807
1965710
90144
1965880
1965906
1556749
1965288
1440478
1803
1331730
1464951
1955875
1966194
746755
753965
1965985
5699
1966149
71031
1966260
1330487
1966344
1966388
10084
1966292
1966469
1966066
723959
1966391
505931
1691777
633707
1966566
8852
629920
1966691
1965471
1933401
1966586
5554
1540882
1966239
1607768
413089
814028
1447314
1626521
1870685
1430463
402
100798
1328788
1966843
1966607
1967052
1967056
1300249
2900
1689742
1966984
1967166
1967176
517751
88904
688112
791532
926705
1341888
1967076
1967336
1295353
1137153
4538
1967325
24180
1967361
1967300
142415
2708
1967163
1868501
91442
136181
127990
1047926
1967417
328551
1421937
690
1967595
1967730
1343488
1966803
1640033
1332199
713429
1663201
1395741
1967748
1861890
274018
1967843
1967824
1795524
1514236
1967994
1759449
1968043
1318011
1968054
664482
994407
1968059
1619153
1964716
330760
893983
1170864
2265
1326907
1968138
1968313
1256831
1879382
1387488
1968378
128312
1643455
1944680
1475547
81746
1475197
1415829
1968139
1968503
947760
1966471
96699
57195
25532
2937
1968686
1967799
1968569
1166618
1539495
47435
770
1925259
1866691
1622154
1968759
1968894
1797197
74262
1897238
1969056
1323291
1340648
5524
1968957
1969093
9790
1969127
3086
612550
1968416
3071
579448
750311
770746
1478971
1886114
15560
69248
1969009
1968732
78368
2708
1551647
1397233
144146
651569
997774
1799062
260963
1969670
958390
1739933
1344215
1969756
1969560
249303
33109
1776609
1966469
927933
1323512
897910
920830
1765210
1970059
1970091
548792
1521710
1290726
1570344
552851
4184
1969767
1586872
1112916
1970367
1970409
1970309
1869142
1777058
1970414
1445012
1945907
1423411
1638099
25802
1139318
89525
1489622
1970431
1970442
1970785
1970797
1970821
1970610
31898
1970859
1970900
91646
1530136
7432
1970369
1970961
1970964
822114
1970980
836445
1688846
1970663
998289
136762
1970826
243825
195071
1970541
1363131
1970919
1313781
1206790
322308
1971087
380784
1971300
162536
1966956
1971424
1470411
1971146
199918
1751
7432
62474
1971515
1421955
1971544
1963512
1710747
1614086
118831
1030982
2710
617688
460364
472110
3074
1766537
1971724
697916
1971725
1445581
1971469
1971597
1971897
711360
18959
782635
483844
952
1972048
278489
817827
1594745
1971259
1971773
748299
562472
1970595
1971831
1972178
1584166
1280317
1478790
1972255
140157
386017
1970827
1972229
1278502
1276898
653022
1972415
442344
1434895
1972454
1645968
468698
1972434
929359
1334947
1539170
183201
1972126
104486
583524
727989
7251
1972643
1972384
87888
1594773
1972761
445700
128805
1972290
1505439
126015
120365
667616
1972984
1531670
1760050
1774
1972992
1640895
1249898
1106685
10392
1307160
1071880
1066158
856533
1743493
1973183
1972762
802
967291
710163
1973385
66611
1947219
1929234
1373789
458848
1901156
1032686
614889
350141
1504873
1312371
1972622
1944337
1972820
1973535
1933039
1973592
259666
1973660
1851021
1973307
1973842
1524198
1973347
1973860
1198701
1966842
229656
1281218
2050
1973832
1973565
111640
144238
1973873
464742
1323024
948348
1255443
582887
71899
432
1974116
234455
303770
36671
1973787
1974363
821709
4538
1974388
859669
1267624
1378446
1377220
1974462
727002
1974145
322277
1567541
1074267
1439
1974694
1568825
1974506
126267
44301
44144
268518
1974610
1300331
1962098
142879
1481041
1974974
1822441
1305515
330900
652406
570202
1974087
1015064
1357552
1635465
1176514
1975146
1451919
519438
4719
1280922
1706849
752189
1975009
1975164
525288
1975096
980052
1747516
1974770
1853824
1791329
71551
1975074
1974836
619454
1312381
1820
1122940
1975519
1212
1816623
952
10183
1008008
95828
2178
1975338
1147979
3071
1975606
1948174
1974395
1764498
2257
1975630
14203
1975491
1025883
1975738
1970998
1288732
1519185
1800787
1975684
1975846
1975851
1975807
433
1975426
1338384
1975882
475203
1975982
1492106
588720
1976050
1976143
1976087
998640
1569919
641894
1279332
1569
1976333
1006
1305133
1366112
159031
164811
434385
1063729
13115
1975469
854467
1524588
1976120
1290679
1976340
180602
35251
1976469
1929215
404795
238088
1976548
29424
1976635
1800076
706599
936999
36661
1783345
1976715
1411696
1289162
889209
1313154
1976847
1615946
1013133
328750
1976800
382737
245009
1530879
1976718
1817828
404322
1977075
1552660
1522368
1523848
1976959
1976386
1631193
1977043
1963567
1326565
9410
1454302
1973478
1976930
225196
1977333
1977320
1032457
283222
511234
1977117
1793203
1970719
1977336
302321
1977527
260212
522471
1977208
331115
690119
640073
1404163
1569946
143033
1977474
74833
28812
1977745
328376
1977297
1976831
1977579
1977021
923054
1977249
316446
1172883
6400
1977386
1977458
1977751
1977647
1977256
933743
1930945
1977593
1498743
703998
1881585
1978073
1978078
141557
1452070
1818400
1450406
512481
1527076
993
1803
42779
1978184
647498
1977438
2705
2378
1978339
29076
1449195
1978301
354390
1066627
1710920
11320
1978416
64030
1903968
1978473
1978474
1978174
1978249
181468
1978232
1978322
933921
1389124
160687
1978222
701457
28540
1978571
104516
928100
1124423
1978497
48832
1402774
347945
9472
223887
997214
1975822
227189
1488666
1978659
1978643
98948
1978790
1414954
1629248
1978796
992567
1430998
1978630
1282338
651772
1587008
212290
1978943
1569
1581651
3621
1979094
1716104
1293906
1978677
1977417
717
386129
1812190
1292154
814689
1454711
1369043
1940697
1979205
1614293
1978457
1939076
1005534
1979375
1108419
1312759
301852
1978833
1979492
947263
1979588
1479803
1915387
1979621
1979415
1979655
1979664
1979676
1979712
1472
1178336
1979626
2549
327209
1979713
1815370
393023
1357035
1979948
1565428
612594
1024593
1493
161635
205
488684
1323232
1524602
323849
1394523
1339403
1980279
1009908
1665814
538205
1465683
1331640
496927
1384665
919026
1460200
1979968
1979489
393
649787
1980314
21504
1980598
1980722
265108
1892900
972265
406601
203907
1980591
1980816
1571664
1121891
951282
1980854
1979355
50289
1980286
1980542
1980911
1980842
1980981
1980723
1540998
1981116
1980879
922005
164543
374904
1981178
1979172
484227
1439102
6285
1981217
2647
198004
1981325
40176
1607318
1476488
1281959
192734
989589
1893176
1061464
165545
543520
1981013
915833
341839
1981591
1981159
1981145
1338075
51696
1940480
380713
657718
1139278
1981622
102886
1345664
819204
1981895
393
923988
1945025
979313
263989
1292684
2870
1981632
1344778
1889374
1314769
292289
1982188
1982194
528538
1979972
244311
1982174
1981667
1982280
683
854607
1309508
988689
1570475
1982475
1982483
538709
359410
272274
4180
1072058
139165
722903
1493765
1982406
1982528
1298158
376821
1979318
1982602
8401
1636118
126738
838124
697488
1982838
728313
1982750
1504
1982766
1982729
1682541
315086
1923940
332729
1567254
1125343
478858
1628057
1983094
1983183
1983209
1375682
765079
1977689
1983163
1301122
1341262
1501958
1983054
1983225
1276773
2708
1983402
1946179
1552381
1372642
998274
1983244
9790
1270320
1395531
1983493
138358
439532
2353
1629
1983121
1530267
1381185
1343096
1459740
1092776
1303222
1983587
496610
429663
1982920
1983601
1688675
1108532
1483524
1983368
182193
761428
1983502
1982211
273732
1983713
925428
1923698
11492
806584
1983850
1369949
105779
1982807
1983986
418678
1983857
441193
1532471
30143
1984064
1325516
1984118
1406336
1984044
1983464
4902
2061
1841679
3038
1984236
574549
370078
1984140
1958490
205276
1984267
1984345
1984285
1984372
1887542
89774
1107972
1935115
1353583
1984272
1308095
75622
1984464
6257
1339126
1562434
117409
1984349
1984543
1692546
1723351
1983726
1324896
1337050
1650768
1984723
28581
1407782
114470
1305317
516659
1984112
10705
1984697
1657261
1301321
1984914
223157
581281
350
483677
1876143
997230
1984922
265618
1372346
223801
1984827
1984993
1204680
3071
1985061
178481
176112
1658517
1610972
1985167
1418482
1985198
1985034
1985078
1984704
1985143
2643
1006580
513344
506917
1985243
140062
1985324
1690343
917299
1382541
1985002
1985370
1397148
540103
415239
52363
795880
1985265
1985508
433
1985491
429495
10705
445284
1985465
862991
1004891
611928
1985611
1087104
1583177
1985655
50766
1757
1985512
6515
1985732
2050
654450
1348727
1985799
1984776
1985735
745170
1985865
531838
1607160
1462812
1985743
1985791
1983281
128571
1927463
1143879
467044
1985940
204290
1985957
8083
659641
34947
1985004
1985769
796075
1986144
448207
1888295
232455
1783151
945987
1986242
1856705
1986174
949780
1986162
1317056
1426417
111367
6823
1352671
1390740
1985956
936349
969010
1070676
917299
558658
1971409
1986311
241009
1120528
1774
942
1986586
1519589
1986263
1132035
1986555
1986471
63602
47033
1279569
1986675
170627
104271
703465
1986753
1357892
1393158
1962073
524772
341138
1791548
1986803
1986857
2258
1985825
672823
814479
1619462
1729463
1462847
1282549
1743844
742311
1987010
205
1986988
1397588
596113
1987078
1986954
9315
499399
144992
594755
1636148
1987069
1987199
11187
1358182
259905
1878734
1987257
1987233
2686
1987268
17440
1986916
296444
1624310
12177
1604306
1899918
796859
1362405
1987281
1242533
1957467
1308953
1987503
1966896
1551503
1987484
13115
1987294
1984558
169038
1987675
1987683
1636444
54712
94408
158684
1177606
1574269
998172
1492117
823617
1653928
1987866
130108
1977938
131474
1340091
1987897
436900
1987531
196552
1987952
1589078
1281317
1987985
154868
131435
1629949
1005589
1734671
734179
1987826
203180
1967344
1365548
132571
1868023
1988290
1285982
1988326
1988351
1316788
689846
1988375
236585
1450903
1988115
1620420
1841087
1625448
1988492
1941074
1988440
1988401
1984920
1988218
1330892
1988281
599044
1420982
1287316
1988228
1659670
1618256
690
1988352
1796333
308978
3417
1988664
924374
1988357
1632681
1987767
1988618
1988758
1988653
1959012
1046343
462015
1933636
235611
1988650
1988851
1881028
1988820
1988819
1885581
1545540
1988962
1021376
1988967
4597
40749
1379888
1989075
1988850
1611385
200956
1955798
1989165
1794186
1864218
1658692
80212
1989218
1172925
7362
2061
1989173
273396
8658
663999
1989353
1344238
1988406
1989334
1989377
709338
1786992
1716440
1313405
1989452
1989397
1989411
1845591
1989020
1989504
1617779
1989444
1989521
1470208
381984
20850
1475201
918
1989654
1905408
1989662
4597
1363250
466129
1757
1140459
1989759
1989757
1733
425737
1989843
1989823
5554
1989727
246860
402
1989931
1989965
2061
1091886
1989838
1281705
47228
383455
1989760
227095
1935595
1570242
1467177
1942625
1312361
2061
788450
1904492
1990077
841745
132799
1316605
322228
1252298
1990188
1673927
1614192
157420
710485
5554
1943938
1990257
685545
600454
1990288
1820
1990360
1350337
680648
1990421
1990425
1315
56391
1988690
1499606
1813667
1990485
689317
364004
1990550
1008053
13232
209287
1289624
200311
73122
36643
479400
1047221
679215
904241
1165221
1989999
34134
1713058
489182
313808
1990865
1495003
1990923
981387
1990829
1991013
1990792
1556703
1607655
952
1142037
1356691
1991106
1990861
1991134
442066
1746908
1990854
1991214
1643457
684018
1991174
1068
1502235
1087131
1991330
1991399
1875189
120469
1991122
1902282
1991231
715235
1991397
592121
993890
1991557
1493
429207
1991460
1619798
1990986
1737505
1358040
1991662
413643
1713483
31759
5279
1963628
517644
727457
384660
142991
1552974
1991786
82870
1404168
115554
1544691
1991734
200056
3797
1458319
1991955
1966300
1991972
1991910
619075
1990869
1298080
145415
233944
1992045
1212
1991817
2687
1992063
1992116
1992059
488484
87825
1991745
401881
1991966
111075
1992208
1269379
1394123
739477
1071323
556925
1244000
1642910
1992286
1992318
1356280
1549056
118417
1751
1285394
1992492
43497
1298530
1419489
1992050
1992361
1494779
1991343
1992678
1992557
1992792
1992750
1992828
1370290
717
1992674
1348952
1992923
1992837
1992926
1992789
1986862
2074
1316908
135472
1695847
453554
1958580
1993143
1402117
1936454
1993189
1848129
1056105
763058
1022760
1265391
1924693
1993247
363096
1361438
801367
680552
1993419
1955002
1992698
1976807
1993199
1880039
1402060
1993473
1366002
1848410
792650
142497
1425628
7432
1993642
713
1993540
618469
312887
1993650
604652
1618217
1993577
87746
1083463
146924
5154
1992917
1874249
1993833
142906
1993538
724913
1993767
1386155
1308783
1993258
267405
1751113
27132
1993894
529588
1993898
1993908
397481
2570
1837
1994159
1498420
1009604
393432
1949105
1828819
76005
1994036
1994241
438977
601117
275013
1994307
1994338
391971
155902
1994435
1282994
1475892
1504
1735406
1967109
472818
1994557
1994708
1994501
1759447
1994797
143277
1994296
1994804
1481031
745534
1300611
954560
400207
1994741
1603454
1537764
1381230
1868761
821758
1995081
2549
1557171
1994969
869141
768660
259755
1995325
635454
1414736
1995303
1140707
1055771
1978381
607349
432968
2050
1995210
1683934
1977218
901428
1962947
1995679
1140349
1995634
1565642
290699
1396252
1995642
971218
1995779
1871346
296645
1995940
1995127
1485919
305015
1995985
15788
1839111
8745
1995997
888540
1407072
849832
1353573
1996177
2327
1521416
1681619
1866589
1937477
1943138
1392477
44301
52693
1858889
229079
1641795
1996300
6285
1996383
1466480
1996444
485862
1330436
1925265
13275
1996439
1996437
682686
1552388
1996558
1996665
578949
1996450
1995676
203629
1977135
1996633
76696
1996797
149542
1878207
1996848
1867681
1996717
6051
377744
292318
1996907
1996843
1312158
1996964
1996790
1004752
1478232
1996915
20703
702387
1996574
1492323
1997110
1997117
1997020
1003631
1330398
1997196
1294164
1485132
1997339
855840
1989630
1997051
1997479
81867
954198
1889549
632730
1300979
1997764
1542530
1997619
1997576
1997792
1275673
1997098
457863
320940
1365170
1729393
1997534
579276
1997820
2940
48590
1822534
562120
1998062
27566
1998077
1997221
1423721
403992
27202
1997990
374887
1997556
1877119
2422
1997381
1322556
952
1998329
1303055
1164831
1998383
394572
1997988
1998428
232206
259916
1913124
1181962
1063340
1997938
1998650
1998558
1327793
1998495
1998692
593493
1998767
1966
712228
1998786
776305
1998834
176820
1974013
1998756
212411
476006
1438849
93417
1578884
1998275
1861423
1999007
1999010
396875
156483
2615
1988511
1293299
184464
203139
1999134
1999237
383576
18599
1305672
1489775
706279
1735506
1646935
1368416
1999288
1460148
1999267
924702
1999133
1999374
275216
904135
1633477
1999385
1620830
1999304
1329059
1998087
748533
1994920
880772
1999589
1999606
1999381
1697992
482334
1421012
1377988
1350590
1999775
1999829
1999627
1999792
1552444
1999786
1759460
2000017
1721384
1999880
680282
2000072
1999949
1302584
14832
1587104
1999222
2000152
1996164
1999879
428146
110139
2000334
66110
2000249
79892
1346555
3
95753
1999709
1341647
1269356
1212
1999969
2000651
342
802
2000738
2000705
1903220
663
13572
760078
2000637
2327
1348518
1955795
2000667
577994
1485864
67456
2402
152965
1320599
413169
2000870
738083
1496399
2001149
1073478
1631300
1713798
317841
1383477
2000997
573361
436553
1820046
1431593
2001532
134662
156607
699165
4538
1990834
1999328
2001306
2150
2001712
773804
1526808
2001780
1340208
2001802
2001818
1374821
2001740
2001840
816247
5
2001725
1199285
2001869
1853822
44301
2002060
2001985
2002149
2001885
1658725
1293693
2002214
1366609
1046286
1628308
1916772
1966
1995056
615120
11184
1429992
1998996
2002617
1815537
2002644
437161
524541
1597000
107666
812892
2002561
655415
1639837
1616615
433
2002494
2002131
574812
933029
284323
2002785
1879443
473898
484515
2002858
2002959
1378224
542363
3014
1400604
2002557
367247
614027
15947
715559
2002865
2003164
1003074
140721
2002788
541665
1287921
216860
298705
2003203
2003178
2003298
657121
305405
1873436
1901679
2002947
1238925
2003231
1473020
768924
1007508
1605278
233278
2003587
1640623
113318
1257687
2003486
2003635
2003689
2003552
1373448
2003715
1763781
867530
2003387
441439
2003960
508567
1873524
2003654
2003994
2003890
2003992
1605261
1919908
1922995
2004090
1409028
2004126
1320815
615123
2004257
2004273
2004229
783344
566921
2004316
2004304
1805750
336079
1058784
2004216
685684
2004428
1985120
1464084
1477793
1902481
639641
67549
137899
1929054
1282480
2004324
1140943
28991
18599
2004515
44372
2004653
1522370
1597523
2004682
491759
770
1879897
2003691
2004582
2004748
1555146
1322709
1493193
1532336
962654
608360
2004891
2004872
2004487
2004907
8852
583346
582519
2005177
333409
1610795
1600318
2005278
1142892
1362662
2005193
1444875
1159449
149744
2005426
2005198
2004309
2002356
2005435
644323
1660962
358750
3743
66062
1631292
1314566
1080205
912393
2005807
24335
2005800
532337
537500
479658
438004
2005818
2005816
1952834
1573073
2005822
2005957
1637259
654260
4538
543484
2006021
233824
88941
1324803
2005351
1023697
1416547
119027
2005287
234618
2006108
717718
2002087
575050
1798019
68104
2006095
2005730
2006211
1315447
1613
631446
736461
2006291
2006270
2006388
2006234
543938
2006359
1733
991654
235256
2002837
1776836
1379098
2006412
1903015
2006153
694919
1994714
735096
1960439
9472
1957263
1441239
1978875
2006574
1758229
1494420
2006704
1380822
71912
1609369
285341
1994298
2006362
741574
2006644
309064
2006710
2006825
1607070
2006804
9970
1537095
1314488
2006893
1303181
333262
577074
1039589
169780
2006963
1924358
504332
2007036
2006970
10289
1122798
47640
267055
1611639
1054324
303991
2006974
1489309
2007073
3074
5279
1150822
3028
1349060
388809
1392545
256084
2006985
500380
1641981
2708
9809
3074
1894975
59528
275876
26353
1751
2007675
1479278
4936
2007619
2007667
57307
391506
486180
2007741
581247
1293099
4597
1885143
2002822
2007563
1566490
1298572
2422
359203
1266
2007939
944907
1772135
1340284
1357753
1389563
2008053
4597
2008063
2007947
51553
202895
2008092
1877695
2008035
2008164
472927
23710
2008163
1130000
624735
226023
996926
1439651
46241
116542
1615000
1994337
1802078
1644987
673297
2008527
1348169
1296001
2008540
2008490
2008607
2008598
1750690
2008120
2004268
29406
2008671
2008247
2008732
432852
1091182
2008753
2008757
1345946
2008787
6034
1379471
218225
687455
2008942
1905945
1348169
2008939
251468
2008980
1886358
378122
2009020
2008998
2008988
1391767
489203
1867849
2009093
1006691
540727
331
1404262
1283736
2009095
1292377
226560
1956512
2009061
74332
2009210
1254249
571566
2009261
2009306
1383198
2009223
2009334
710114
124257
2009265
1805339
370858
1662
624194
852255
690836
216161
1362746
1935256
1314555
1614569
1603881
482751
2009541
1489852
153014
2009546
224480
725543
1423817
2009666
1956973
6257
231688
204553
2004018
2009823
1298639
1417620
1354161
2009878
1662777
257033
266367
79340
354190
2009921
2009962
908862
1292421
1425551
1836476
1876468
1886986
110213
499816
2010135
17440
737824
1982457
378170
2010265
783
883288
81452
2010333
2691
1528
1696153
1574449
1396571
1390821
1323621
56823
401973
198355
1141788
2010546
1613
31632
122277
1668494
1299212
2010674
1486278
1268926
1886504
1162
1476435
2010725
1733
2009914
2010835
2010830
1615112
30648
2010854
1593437
2011006
2010983
1287177
1325388
2011040
2011066
1448841
220517
2010851
39
2010930
1570129
2011364
386266
1541534
135276
1626814
1499943
1789484
2011421
1408100
2011568
1940705
380375
1248648
1498892
2011511
1022954
2011730
2011718
653615
2011759
2011755
19177
1790518
1399960
7219
1260776
1943330
1629894
2011908
1537456
1611565
1648382
1338917
2012054
1266
2012073
72148
2012166
2012177
911281
1571493
2012047
206865
299107
386056
4972
1034017
1514230
59834
744275
1567418
2012560
2012450
2012542
325192
1053628
1287875
1346635
1935226
1997937
666526
2012630
396436
1291634
840962
666535
2012782
2012820
2012813
672353
2012697
1940316
3297
2012784
2012904
2012916
1074332
2012958
2012957
2013007
869600
1578864
2012988
2013125
2013037
1310956
2013152
1311369
2013345
2013321
956892
2013256
2013355
2013260
1263254
269463
1327053
701425
1159267
1991352
557368
2013557
314288
2013613
1147992
2013648
2549
1560985
1023245
1459799
1421298
1988536
73580
1304397
14164
322973
553163
985019
2013760
328033
5989
1351923
2013859
2013926
6257
1519965
334747
2013439
1307192
1182470
1385250
2013918
1563753
1421277
334369
2013978
742008
2013943
2014127
380894
1685815
1605665
1552657
415344
1321126
2014314
2422
2014294
187063
1682112
2014301
1883262
2014327
500031
11710
1336965
257543
1999438
1325997
2014491
2014557
1560786
1494590
2014673
1486546
2014685
1323354
1503126
952
1774273
2014788
1419438
2014417
1407158
1142628
2013353
1951037
339583
513601
1469857
1679099
1938939
1592550
615122
1115820
2014693
2015101
2014948
2015066
1324071
1028974
1113760
1459687
1266
238058
2015175
2015122
672583
2015258
612005
2015488
331
312473
2015529
432372
2015464
1605869
2015593
2015678
2015326
2015692
2687
76138
1377414
2015623
708416
2015756
2015455
1340142
2015449
1948762
686001
1134222
2015707
2013931
1486331
2013840
539251
1942054
1815824
2015769
2015619
1335145
1410649
1291899
1145317
911329
505745
5902
1618316
240158
105113
1971252
1390461
1407661
1445340
49691
1312147
2015694
738138
742925
1477629
891086
2016425
9280
1506446
2000194
681350
2016467
1205550
2016612
888428
432
688436
1996989
1971223
674095
2016610
1471
2016415
1999781
2015964
2016681
1501027
1097250
1502749
656768
495803
1535224
2016760
2016935
2900
2016582
2016952
1393330
4311
604606
1775206
1943705
1538228
775993
2017149
1330503
2016526
916273
2015870
2016579
2016673
2017260
2017275
2017300
2017304
1430
1777895
1845645
1166415
2017124
1271760
2017081
566593
2017414
2017252
1940696
2017276
1101276
2017206
2017493
1797413
2017425
1945860
508053
4042
2017432
2017364
2017529
2017444
1949005
2017654
53151
2017604
2017598
2017742
1236911
1938897
2017591
1269397
654151
180783
1417124
1963927
2017887
1615531
2017930
2017776
626897
2017766
2017794
1099676
2017589
2014035
2017465
2017006
425811
36897
2018116
623582
1937364
1046104
2018154
2015479
781772
2017674
2017895
1357197
2018236
651938
1482931
1525349
2018202
1310409
2018078
2018320
2018353
1347802
2018362
1862535
2018384
28998
1321318
2018418
1887784
2018458
2018140
2018387
2018199
1058565
1851334
247148
2018300
2018303
1387971
2018572
2018281
1266
1597713
287341
818899
2018567
1413751
1386410
148090
325238
1212
924
1291478
1339523
2018031
1668197
1972028
210039
2018832
8497
427188
1950037
2014188
1555901
1291413
1931936
1404408
2018892
2019079
2019089
557395
2019032
508080
2019105
1088540
231486
2010038
1642871
372745
1050603
2019093
1989802
2019243
1202
1241474
439017
1833292
1586526
2019384
2019401
1503631
1382249
1965425
2019348
1854228
1417386
2019357
41582
22321
2018912
1707323
2019542
1303664
2019482
2019356
2019638
9953
2010876
149206
1888107
936838
734869
126745
2019714
1503465
145444
898917
190423
3805
1534063
972265
1029587
2019859
1633529
32162
2019807
4972
2020038
1936044
1591709
2178
1270464
188583
1339839
469673
1143067
615979
1655478
2020131
753806
935069
4597
2019684
82569
2020382
525971
2020039
1281816
1470825
2015570
1064779
1740053
2020470
1732121
269775
2020530
755765
1955572
2020591
2020073
3777
2900
1717013
1563363
2020586
2020558
2020757
1446034
2020841
1252507
2687
458109
2020890
1952994
2020774
1391759
2020577
266823
2020937
653116
124868
2020209
1374373
2020902
1891163
2021025
2020958
2020823
82033
2020818
863163
2019469
2017294
1935769
1955738
2021118
2021073
1349593
2019628
2019570
2021094
310613
9970
2021001
2021338
2020854
1259159
2021408
2021393
2061
2021452
1685
2021390
2020536
1147336
1801079
2021405
1289857
715450
1992268
3470
100162
1511299
557498
106089
12487
1617559
1965485
2018689
137094
1291942
336575
2014818
2021470
1981805
2021691
2021846
440680
2021805
1644289
2021332
618104
2021917
683458
2021860
1812508
2021719
280271
1169270
358064
578030
1308971
1789662
2021977
2022201
42355
326010
1920238
17068
1976401
1273047
1940320
1042381
1908850
1526355
518308
38170
1586270
1607973
2022080
222579
6400
73437
1621068
2022127
1236
770
666011
1346746
2022283
1946103
2022416
236786
2022414
2022547
1884718
1297319
23747
1786109
2022349
2022554
2022805
2022706
325118
1421535
76662
1055147
166095
1142829
2022266
3
2022060
1325497
541456
578302
1583566
1338512
256722
5154
2022932
2021215
143976
2023113
1282137
2022886
2022835
6323
2023096
968430
4538
1515096
43044
1439203
1362489
79062
2023174
2023247
2022722
2023208
252246
459769
304399
2023191
2023083
2023206
2022876
2023039
2023392
2023420
630514
675718
2023468
2023477
1602429
361908
3763
1568345
2023539
269775
884573
1975557
2023506
1505189
1488339
2023653
2023632
2023482
1359492
2023602
2023535
2023821
1820553
311338
2023722
853288
1514973
2647
653718
2023655
2024001
137458
1942431
2024033
382152
665533
55121
1391001
1253899
916367
637158
1240137
2024049
61028
1380009
93971
2024211
2024125
1951456
1440150
2023794
586320
14350
2024395
2024242
2022809
2023463
1593281
174124
668135
779084
249921
2024245
100430
786470
15707
2014816
203839
2024519
2422
1922555
1791316
191674
391066
499358
2024563
2178
2024549
928452
604812
2024755
402
322676
1044865
2024635
40174
2023598
2024865
1517635
2024886
2020427
1317227
2024859
2024994
707034
1329936
2011485
2024991
1518886
1535547
2024266
1890830
797919
88522
234591
213231
2025056
2025021
111135
1537434
584657
2025144
208690
148292
391109
2025223
1488528
1826466
1941401
1977909
2025393
46897
2402
2024749
2025337
2025437
2025350
433
1356399
1161648
493545
2025268
2018987
1136000
1382354
2025426
207749
2025308
2025479
1033028
2025122
2025628
2025453
1004459
413503
133313
2025545
2025678
2025598
2025723
153190
2025281
287462
2025275
1032986
354826
650050
1395088
2025810
1674944
1394730
2025878
130515
2025681
796423
2025759
1977022
2025750
1947429
1872089
2025783
16744
952
952
19054
1223508
2004411
2025731
1964819
2025988
1979620
1952051
400353
33696
2026241
1236
2026165
3417
2900
592061
1428211
168586
2026169
2026346
2708
2026213
2024954
2026381
1572445
7049
2026237
1284853
2026434
3777
2026210
2026420
877219
2026249
1618718
1245105
1618732
440489
2024278
2026306
1965173
1666457
2026528
2026600
994768
1416940
2026587
2026468
4311
2026744
123308
2708
701706
1360909
1291917
2026849
2026604
9401
1918328
1332340
1606654
2026920
269125
1540338
1726078
314084
2026747
1396006
241045
1131736
305220
1331146
2020391
237982
2027146
1140142
1451158
1523631
406301
1502506
2026814
1236
770886
2023610
2027134
2027341
662951
139595
930079
2027107
1385750
1949827
410791
130400
1820620
1321086
1818289
42726
412016
2027530
449039
713142
2027702
2027742
2025958
384739
1957189
2027643
2027461
342
717
2027893
2393
1049203
253018
2027787
1426298
910003
399016
2027758
1549300
1699333
2024754
2028167
61043
1589817
785857
1278303
371189
2028058
2028134
1436926
1942818
248582
849231
1772270
851541
178563
2028400
1302177
16002
1914926
1877676
1617011
812
2027752
1053526
1212
2027415
2025422
2028428
2028451
1916631
365643
2028292
2028506
1643267
956000
1797838
983469
512481
522061
1328370
2028719
2028686
1661893
2028669
2028816
485696
1640872
14404
466470
1926967
199095
416244
426100
1296908
71325
2028867
2028889
1640779
2028830
648789
2046
2028693
1362576
2029033
43980
566289
2028614
1346809
2029035
754945
1536410
1372136
23710
998333
351578
791127
219233
2029234
223058
169956
2029313
1613292
290696
2029423
2029256
1334070
152806
2029496
1021606
1962172
696324
1949829
1568033
2029384
1424392
2029405
501411
1505404
591594
500911
2029184
1383962
2029581
126240
2029586
2029613
397933
1939986
841792
2029651
63961
2029511
2024929
2393
2029670
230486
2028933
13319
1451861
18253
2029827
2029862
2708
9778
2029752
1137962
135781
1696754
294460
2010202
687035
66983
1323605
1688219
2029718
2030059
3038
2030139
117066
2029795
438213
2029605
510973
311621
2030182
905366
290342
66504
1327317
2029709
2029923
1467067
2029688
2030315
1365203
2030241
2030391
1996995
2030443
2030478
2030464
2027254
1387889
2030503
1720845
1367858
200387
1455508
757106
2030527
342
1128678
2030804
2030749
1315679
1451776
645359
932423
1199100
2030873
900290
23615
1538082
1202
2030854
476701
356979
1050724
1881062
1435392
724449
1946990
1634981
1108560
75615
2031284
141916
1736541
1837
1161134
2031008
645304
2031449
2031375
77753
2031225
8547
2031488
2031493
1938707
2031642
1067157
2028458
2031422
2031494
24883
2031442
2031725
2030467
1842908
1572863
155607
4719
603099
1272515
1317085
101043
2031937
2031580
393
1393012
1698476
15410
1644431
1934535
2032031
5279
380533
1328656
1114209
2031872
1305890
1448429
2032103
1574793
486447
2032260
12642
1505894
2032341
136826
2032382
2032579
2031944
2032466
1299851
440584
291002
1513889
2032740
1423642
32784
219554
483711
2032765
4597
2032630
2032614
2031879
2031816
1313174
2032785
1938311
2032744
278422
1578654
1320916
226141
2032826
1557790
2032961
2032992
1212
393988
433
1423618
188758
1250303
1741136
2033183
741443
1950552
1621961
1556050
2033222
2033245
1381054
2026627
1524172
1304541
1523282
2020130
729461
2150
553850
1271427
1936360
1033124
44065
951293
1405802
1592162
1047283
39
2033577
974851
2033493
2033666
1787683
2033530
2033641
2033458
2033700
2033653
2033464
2033422
676046
1338511
1111526
1274496
2033852
1691787
221268
708367
1532177
204258
1543988
1569
2033875
607153
2031087
2033947
1530557
2034096
768006
932581
2034160
710440
2034185
9361
735916
845493
2034031
2034136
979868
1506471
1573021
2034341
2034135
1436880
1717327
1994067
1216495
2034376
2034186
1889619
3
256388
946218
2178
2034551
224204
2034498
2034533
2034297
1589275
2034591
2034601
2034609
2033774
410373
1323264
737572
1598025
1397734
234426
2034539
2033711
2034734
2034474
2034626
1341436
388274
755177
633803
75219
2034605
2034758
2034831
2034802
2034865
1113477
349735
2034983
2034868
2034997
2034959
3028
2034932
2034943
1979611
1625943
479485
1465299
2011411
229581
39
4657
2027387
1061062
2034958
125830
2035115
2035089
205331
2034859
2035078
37349
1652862
2035164
1520140
2018998
550352
2035223
630066
2035302
2035275
391651
17777
2035407
2035415
4400
2035521
261048
2035479
1368679
2035488
2035379
1364180
667651
1790609
676
1906443
8360
2034319
543513
2035797
186581
2035869
2035834
2035747
2035828
2035363
831858
2035873
200956
1566602
414288
1240068
581281
2035952
2035839
30551
2035966
2035725
6604
463428
1476456
210152
2036109
2036165
1498389
142178
341548
2036066
2036255
509400
962820
1288998
2036162
1911988
2036071
1463110
1318668
505308
1995701
1007858
2036388
2036394
1717232
90881
1591520
700646
2036381
1961512
2036327
1134067
1454693
39244
2036570
664294
2036598
703278
43854
638793
1335596
2036433
637305
1045979
1175
2036411
1820
704322
2036619
1746532
148986
1137978
4439
5773
1298128
1350921
1366673
107276
2036618
635601
479974
1362956
2036725
1657876
1321319
2036923
2036933
1524430
2036953
358086
1339912
2036522
9634
233163
13472
42993
2037014
384907
1733
136194
713467
2037072
2036713
2037092
2037126
1469711
31889
1995285
1217382
2037076
2036811
2037200
2037150
1408220
1516110
230905
179156
5635
2037457
2003219
2012342
1459333
1740930
1456581
1276633
5
2037600
8892
1286103
653763
2037711
433563
2037720
412075
2037718
9406
2037752
1510127
1149118
1665364
2037700
2037342
2037289
2037857
2037466
2037839
1872885
314600
2037784
998153
2037918
2037789
2037859
2037743
2037813
2014524
1434224
258232
372808
15964
93582
2037802
191686
1651857
737947
1875951
1630617
1937656
936038
2038002
2038186
1513427
714128
1677149
31524
2038190
111357
2038281
2038317
589996
448275
2038042
18635
1998372
1925674
2038290
396015
1737059
4875
1840374
2038380
2038151
1611514
2038475
2038479
71326
642848
1967281
6257
2038419
2038590
580461
141267
1939671
2038659
1401078
2038684
2038656
2024470
2038638
2038762
2038710
1291338
105658
2038732
567008
2020467
1608592
1614383
810901
1734434
2038695
1316624
1004235
1702328
693967
2038902
2027836
2038819
2038964
2038982
628861
1458839
2038884
12821
2039031
1433462
1531401
1969254
2039002
558066
2039084
1387663
2039159
1604185
1756904
1662690
707539
1408147
2039231
2039190
2039277
880804
716008
1611817
1575188
2039116
654772
1580953
1130991
2039280
1556899
1608378
2039479
100474
2039406
2039443
265627
2039589
1443210
1378908
2061
854736
998306
2039556
2039652
2039324
5796
1733
1630522
487189
1762
2039701
2039852
2039848
2039805
988737
1380912
1347822
1939751
2015692
1466239
470947
2039776
38243
2039992
1453416
734754
2039934
169088
1981838
1059578
676
1936417
2039729
2040110
1732267
1937164
2040026
5
381487
1346162
2039795
2040075
1115165
1302576
1444706
2040008
752830
54303
1634473
2018580
177844
2040006
1444
2040378
2040413
2040316
1504282
2039720
559375
2040475
355410
2040389
450057
93617
505209
458580
2040627
1359543
1552999
1612994
318995
1366726
2040644
2040620
1636210
750592
2040775
1819316
1053650
431062
1427777
1671179
3014
2040886
1593236
2040674
321905
308290
1445021
1291393
2041049
2041063
1432702
1918995
15189
2041110
1470848
284712
1523871
2040873
817713
10084
1555134
1952142
86130
1912908
2041290
2038742
1895929
2041260
1813818
238915
2041288
500333
1957324
1530535
1431991
2041181
71743
142695
2041298
3071
1981426
86735
978880
1451989
112062
785455
2041435
2040777
2041466
2041481
1702427
1860784
2041474
2041630
1971059
2041557
638299
390852
123226
1778235
2041655
1966309
1937055
1144735
707052
2041796
2041787
2041901
2012912
1350856
1050569
2041937
467505
2041878
1958509
1162719
2041938
1797434
2021244
913972
2041602
2042043
1774
2039742
2042023
2042066
704562
287401
1285682
16550
1633371
2042017
1049175
2042214
2042039
201784
323322
1793031
894587
774300
1289887
2042302
220011
1848733
1360988
2042139
2042162
1614966
1398284
2042356
10084
2042281
2042500
1393822
2042406
287220
929902
399941
717
2042530
1925788
1626246
2042318
2042440
2030973
2042541
1477330
2042602
1551101
9472
2042503
2042499
2042524
183702
2042556
1582553
2042656
384778
2042734
1270351
2042618
1726226
2042449
2042625
2042716
25339
727567
6823
320323
2042826
1443257
1931941
2042631
79847
52830
1002727
2042860
1732119
2042612
101309
6507
1763753
2042502
2042823
2042856
1472916
1239423
1401875
2042985
169518
2042756
1349277
296623
1611779
1471722
2043005
2042886
874801
2042452
533354
2043084
1476147
2043145
772046
1286627
2042735
1620256
2043236
2043170
5790
1867
1393436
1332641
444172
2043261
2042696
2043237
1392136
2024675
2043189
2043311
546997
2042968
1407216
1921338
2043123
2043276
2043275
1707348
146685
1072424
1339535
2043389
2043450
548686
2043405
713
485961
2043382
31276
2043416
397705
1810147
2043528
17865
814796
1072279
1162
54503
1593833
2043539
2043515
2043526
1702607
310809
1418188
2041005
2043581
1605692
440806
2043809
1580548
2043829
2043788
2043714
1333048
2043785
2043807
1867918
2043827
2042512
1296392
2043911
1702679
5585
1658800
659714
355166
2043856
1279683
2042862
1236
1614769
2043990
2647
2043815
27018
347140
2026968
2044047
2043962
674584
2043983
933649
1394929
2044122
125823
2043825
1336178
2027932
2044062
1279244
58885
2044009
1418238
2044058
2044227
1444170
2044244
193776
1658576
429877
2044232
2044024
2043614
283327
509793
1633516
2044408
2044254
29645
67343
941795
1368335
1386653
2044414
1611893
3621
1466269
2044431
2044418
2043901
7059
1931530
2044596
1276508
517201
1899924
1387746
2044561
2044650
946826
1404012
1843331
1552529
2044583
2044695
451
152927
1286524
2044839
277
2044605
1368815
18599
1698999
1620265
2044817
1536272
2042218
2044751
23710
2044854
683
2044887
1336654
2044815
2044979
486754
1516491
1404470
2044986
1642080
1301455
2044884
1149129
231553
2045064
1599464
1873910
2045131
2044924
2045061
2038524
2044982
1576756
822870
580515
2045046
2044892
1498154
1581773
2040794
2045171
132273
212930
2045277
1224268
2045257
2044983
2045011
2045181
1933266
547458
282622
2045210
1648482
2045353
266981
2040925
1440456
2045259
13482
432
1878160
745251
1923651
1402850
244494
18649
1980977
2045270
1330511
416762
2045395
2045422
2045461
2036075
6384
379587
2045540
2009376
2045326
1670949
2045597
228269
494807
1368569
330618
2045601
2045705
2045708
2045065
1502079
2045530
250294
1695945
2045740
2045790
883983
2045872
1987999
2258
2045380
656261
721958
1825420
789586
1434864
241584
637098
2043971
1923095
1058578
2045901
2043510
1405551
4538
2258
2046069
539249
428926
2046139
1629
2045995
2045707
1890287
1980459
738881
585759
2046121
457686
522862
2046264
1572062
1910684
1378145
811386
713
2046312
2046124
611082
952
2046180
2046169
2026095
2046377
562006
1618085
1056685
1867721
238413
2046482
1738647
2046256
1642939
1964573
2046259
678
407436
1001589
2046499
594395
2046437
1453940
1552025
2549
396998
277
2046648
2046633
1307333
351359
404310
948145
1999719
2046634
2178
144027
2046788
1273785
2046694
1390160
1585772
215162
527223
1344654
2046871
2046707
587337
1267776
1523147
2046645
2046790
2046708
18588
2046772
10261
1032299
1552992
209016
368172
987830
1617052
1879260
1571507
2047006
2025201
470506
2047088
1403914
2920
1909424
2046947
2047013
1310870
6400
2047072
2047137
1692706
2047056
1399823
2047225
585431
2046978
1292200
113506
5773
1336071
2047118
2047191
194609
9967
1806070
1945607
2047302
1315271
2047332
2047314
2047214
425666
1833839
2046838
74892
1043133
947366
1949111
155516
2047470
1176694
2047408
2047427
1622343
915272
930292
640866
422457
2047334
1880994
1003857
2047590
128460
1436509
1629
1582278
1355980
2047658
171231
948045
1716080
1485645
822129
422557
30012
2047736
227657
2047670
1522100
2047638
6430
619514
9604
249650
2047525
2047839
2047351
1043498
2945
2047548
825106
222907
717
1641127
2047930
1746755
266633
671482
1586057
165747
2048059
717
2048048
1170741
1902331
1930335
1236475
1954874
10183
2048094
1285976
2005776
2048214
382217
206075
684369
577542
2048293
252210
1927655
2048385
2048384
2048376
2048495
1383415
1348383
2870
2048223
2048486
1001296
2046550
545827
1896482
261917
694899
2048729
918
1474986
2048537
2047269
320370
2048669
259516
441
351307
2048806
723244
2048515
1170407
298206
2048874
13232
2048976
2049014
1554268
1294287
2049140
522840
8329
2043158
1128086
1577910
1873814
2049278
1202391
46032
1927343
1440497
406017
277
1520599
1498353
2048871
319014
2049473
927256
1016390
2049460
217405
1837
277
1673340
2049632
1471401
402
484497
1213973
221226
141275
1299485
523520
1342516
13143
1260041
1956980
1053683
1606379
18940
1460784
1117573
4184
144362
1484925
1380453
1542639
1536126
1555909
1328820
2050202
273670
915021
1243604
2050196
1491182
2050177
14017
427381
72327
529356
2050304
1786322
863726
1236
18649
1292832
792394
2050334
109998
935636
29406
2050416
2050442
6113
5554
1443077
51382
34572
1956600
1305284
2050503
1537336
1395489
1323460
55699
1148041
1330871
2050384
120670
342
1404316
948228
154467
1359521
1928682
2050771
1606500
743332
734017
2050795
1557323
1396879
2050835
1558226
2050793
1546
1257344
1220095
1887853
2050950
2050991
1049079
433190
2051006
1668539
1531262
2051111
2051144
1838134
199270
1385505
168943
2050933
1537933
2051099
2051259
2006196
1398055
1821364
1427958
2051387
2051397
23892
1699316
206397
1410389
978716
2051491
262381
1560067
2051563
2051584
2051606
2041909
82446
287019
2051706
2051767
1020271
1932465
1212158
174141
2051311
2051871
1281997
1600305
2051808
2051913
2051953
2051693
2051806
716991
2044967
1175
476586
993131
1618398
1161103
1504374
2052270
1293346
1387229
3513
2052184
2052444
1940375
1569
1277732
1702280
2052277
1175480
2052579
365533
399612
1735061
547346
2052662
2052599
2052700
150618
2052693
663480
1977607
2052800
1867
1453160
2053025
1273271
106003
1604623
1501520
1265832
1634297
2053138
1647127
1451112
1722498
2053194
469887
1463538
2053468
369798
425707
10750
254574
2053532
1393581
481665
317348
642241
1705493
941285
132368
1338140
2053698
2053938
2053833
402
2053874
2014696
2053943
2549
225307
1334752
1733061
2054178
2054029
1567215
1301842
192727
2054347
203300
1821138
1447694
1810102
71326
1629460
361757
2708
366547
141488
1364706
1472971
1002862
2054668
710480
2054634
1506866
2054772
856668
888129
2054959
474813
1174323
2054492
264448
1397096
2054440
2055110
3417
2055006
549047
2055297
3813
970834
1497719
1581478
740274
1424969
11710
484202
17068
1663284
2055609
2053410
2055647
465
40318
1350605
331
1322817
668681
1979720
2055369
377667
2055714
2055875
1566242
2055615
2055798
429383
2055899
1013924
1001616
1687021
1327543
2056187
2055244
2056039
1560085
3821
3722
613101
1404488
2056184
1837276
1424862
2056332
270051
1167818
301482
2056524
10640
1512256
1526317
2056658
1466468
2056773
2044087
2056799
501996
2056728
280780
1292334
84948
1900218
456750
2049710
468344
2057046
44348
1428831
1731101
191664
434435
1430953
65250
2057162
57679
1789141
483104
853536
2021237
466705
29487
1728726
1779931
25569
1893864
1306136
2057694
1959825
690889
1432971
1314915
100080
1213147
3028
1462042
1545173
604033
484497
2057937
2058023
2057848
226757
1309219
665236
2028072
2015411
5
1430280
2058297
322778
1266
2058363
110595
2058267
30381
86224
1359418
59453
979240
927904
2055374
526048
1021211
2327
493290
1510922
120892
640894
1933903
1432896
2058515
1124144
1282986
621048
1411225
2058837
1555713
4323
2056172
2708
2057967
178903
4311
1750128
2022681
1539247
2059134
5635
2059027
203139
2059083
1202900
393441
1502094
6823
1122400
1060990
338104
264739
1709949
1453182
3014
629801
740831
514941
103814
1429676
2059870
2059901
2060024
1754849
2059959
1553415
2060085
2060007
2060107
2060108
1878204
529297
1145763
51599
2060188
1575634
1554691
1367907
232907
1720181
2060431
2061
1302899
1288266
2060623
1820
316293
2060740
2060764
341561
1731766
1213382
1271017
383825
2060845
2060973
277
2060861
2060979
1471841
31001
574166
352720
240492
1814182
2061069
2061244
1291640
2059506
2061227
2061306
2061350
1419403
2061347
2061302
2061417
2061422
1285114
1072986
4538
538937
1300160
2046322
1855599
300805
301282
2061814
1825126
1582448
785509
2061425
2061972
3882
2061999
256484
2937
12946
80174
2062140
24705
676967
472818
1459598
1461866
2062325
2062264
2062346
2708
563520
686454
1669977
461052
2062155
1352685
1566110
1442378
1651735
2062531
2062380
1400844
2062603
2062449
2061
1977459
1945076
2062883
630196
589877
416614
668907
456115
492280
2062836
1350938
1874624
2059013
1195210
1230825
1375028
2063162
87927
714626
101091
223558
556721
2063221
1365271
1417843
1444582
2063259
1278333
2063167
1241236
5796
664775
2063388
1556456
1352868
1347807
1545034
605813
2063265
1291861
2063597
1368314
2063724
1340926
1079097
1749007
1589288
472968
1226362
1640791
59188
689859
2063862
1436506
2063836
1548213
556684
2063830
17951
5154
1279668
2063863
1516036
33074
2063986
2063838
701963
2063793
28560
2063998
2064034
1854945
1969132
2064268
581731
203291
2064290
1398889
2647
2064336
2643
485759
1556864
2063994
2064424
797320
1878081
2064511
2064408
1351474
754333
2064598
1011270
1337710
2036725
408343
1935978
2064667
2064344
2064644
385783
2064841
1371918
28362
1433129
2063390
1414119
1721915
2064894
2708
916083
2060302
2065002
1617908
18253
1398885
1303714
416539
1391229
2064558
2065183
1430637
552201
2065314
1410229
1314710
1045167
69691
6323
1530051
1988194
2065516
2065344
433
2065329
203415
2065404
1141190
42780
1358369
2065502
2065471
918
1767461
2065589
1402459
1476665
1807301
28263
2045554
2065663
2065760
2065863
441
1297041
2065021
1890266
2065877
2065940
2065925
457957
586913
8852
1168558
2065897
892974
2065105
503542
1911299
1087609
517663
2066245
1517340
439240
39244
1994992
1455012
1760374
2066328
1767358
2066481
1967341
235348
590687
2871
156816
546672
1364643
1130431
2066670
2050379
2066840
873272
2066745
1929353
1390482
490079
1486077
2066836
1618645
1938601
433050
1519303
2067001
537432
2040339
1502991
528630
2066800
618650
2066936
2067236
2065576
1867221
2066972
2067144
205
2067056
279162
1844339
1513716
179340
2067312
14350
1872601
1409139
2067380
1784850
2067401
2067333
2067480
417265
493011
444922
13370
2067547
45609
1781297
24748
1321211
402399
2067665
2067685
842990
8978
2067045
2067307
2067785
18599
2067775
344149
1972151
1252855
708484
2067829
2067481
39244
524964
2037297
18860
2067852
606731
2067976
1337911
253413
1545130
507647
595205
2068200
1318321
1343926
17068
2708
2068232
2068273
354045
83993
719414
2068243
2068386
355158
2068538
2068391
1918511
64293
2068504
1397565
2068251
117690
2068685
1390938
2068547
993
2068388
171576
2068742
1753844
2069002
1247825
1182929
567989
3470
1423919
2069109
2150
2069095
1548393
5796
1521870
1359231
1403553
1362956
2069235
1672858
45939
794289
2069359
7170
193776
2069370
2069353
277141
768091
100764
1469275
1783012
2069444
2069276
1531461
2006935
789618
2069459
1773129
270464
7432
1289711
1333576
61260
2069626
1851366
2024224
2069612
1282108
191511
2069704
2069761
109462
2069794
590978
1392710
703036
2069671
1324079
2066880
2069844
130872
2069933
2067028
2069852
2069825
2069986
952
1964177
693492
100348
1492393
1950961
1644747
2068384
84025
2070077
1676781
446519
229391
1521766
2070129
1043924
2070083
9287
3621
2070164
2070173
2150
2070203
39
2070256
1547820
17068
2070156
250633
23284
467262
88665
2008015
1072565
1961822
2070391
206532
260502
121848
1420300
2070460
1588244
2069280
2070526
60816
2070538
1480957
2070551
1236
219880
1925610
18599
1148587
2070622
2070640
334140
1495692
2070611
12329
1459229
2070689
48876
2070710
729648
2070718
676620
2070762
2070758
2070753
2070801
1796644
2070805
2070803
1606354
1588673
5585
165294
2070934
614856
1328215
2058683
2071034
2071032
2071069
1394020
348909
324864
1402701
2071231
33256
650835
2071204
1047637
2069915
2071359
767319
2071377
854074
2071513
1282444
2071523
2071524
2071012
1068293
2071301
1521957
2708
1575707
666160
2071678
2378
2071707
2071774
2071692
277
2071775
723373
2052620
101133
1428068
2071841
1292716
1315311
100524
2071953
10261
34351
5140
2072061
2025015
2072195
1315803
1564189
685795
18635
2072487
142684
1120027
1000792
1064365
529583
221763
215238
1708020
1620392
10582
2353
1981829
2072651
2072736
560599
153144
319254
1655909
716584
2072898
2072902
717
1558569
673789
1617924
2073030
702956
1508292
2073021
1318142
1350638
1331854
1511964
1457148
2073212
663
1053986
126441
1752700
2073321
24472
2073360
1774
2073412
975801
1444
1904349
925358
2073525
1060839
770
2073575
2073240
2073553
2073723
2073755
1831
2073271
740091
2073466
2073521
82421
44810
2073885
1751
2057569
316368
1053732
1881762
2074007
1466611
2073782
26796
4538
720479
101390
1372200
2073540
1968695
2074043
1328688
1008604
1416050
1418724
2074137
479490
362242
1320065
1284098
388020
2074157
1751
1628394
1014659
1961105
1537233
2074396
2074409
2074379
687536
143641
749376
2053619
13497
1453535
2073830
223824
2074488
1389458
570224
2066235
838234
2074357
2059166
1393261
1479528
2074947
1520720
2074980
2075010
763521
2074979
4958
2075151
2075028
1129505
1538250
1672
537685
30930
725072
2075370
2075309
3074
1802040
2075451
2075433
98354
1939008
1046058
13879
2422
2075527
1810904
1379061
205
1277689
2075605
460982
1389292
2075690
1389501
1084327
2075673
688803
2075794
441
2075743
212900
2075866
719752
2075912
1089568
1391141
2076026
1472258
1278792
2076077
555427
2076060
1154210
2075979
838841
1961205
126279
721563
2076207
2075678
2076219
404156
1000190
649369
2076290
1375
2076124
4702
261137
1411537
2046345
2076279
1626614
609665
519280
1369387
733244
1323918
2076521
695118
2076512
1616350
2076551
2076568
6038
767070
2076562
2076643
2076638
2076536
2075115
1622433
2076737
1390260
4446
1280352
484843
729137
2071964
2076940
705060
652643
2076977
2076941
2077003
47583
1412317
397498
2077098
2076769
2077198
976471
1341602
6113
2062861
1578343
1011102
1513699
133313
615087
1605022
2077157
1621344
8745
1934303
2077356
1893507
63422
673763
325336
1266
1907778
2077420
104193
2077487
611098
2077662
2077663
297962
325565
172635
1365040
2077690
1051568
1650771
65495
1433775
2077823
2077813
901518
2077773
1940019
1278698
2078001
1378887
2072791
1328546
2015241
173206
2078052
2077907
1359524
2078049
1349504
2067182
2078171
60782
151298
2078154
475138
10907
539353
2078340
2078207
1581266
1562137
932614
2078299
216625
1536391
2078438
2078066
743509
1560529
2078392
1053972
2078405
1045067
1086152
2078583
1705504
2078578
2052524
10640
676
1619586
1638254
61782
432
252895
2078725
2078770
1375316
2078773
1480651
12071
475471
3003
4576
24266
1278590
2078949
2079044
1494792
1155903
1488229
1603819
1680933
377026
2900
2079176
2076237
2079235
1944362
2079099
1424678
1688564
28700
465823
1439
1271029
4597
2079306
2079279
524587
2079363
1345991
1257645
2079397
1570498
188970
2549
644992
1545969
1537053
1820
1773729
57367
829313
2079453
2079660
1322020
2079676
2079767
3114
2079759
2079645
8919
1584787
2079796
1641630
2075301
1171056
1944124
2079776
1384168
1780461
2079937
2079965
2079985
670007
368463
2079971
1381245
511105
2079963
2079946
2080067
748835
2080182
1475380
1733
383917
2080339
1371007
182962
1702181
2080389
157692
1383969
377795
2080431
417256
393
1617343
1089907
1148890
1557997
69548
717
1351284
2080553
368470
2080594
4184
1295385
2080756
2080596
1730646
253
482541
2080843
2080875
2080933
1452599
1141254
2080977
1097735
802
1363216
322233
2081046
97885
2081047
2014314
2081158
1377322
177204
1282160
2081182
1934520
2081221
1166951
964039
2081269
2081265
2081302
42993
669794
1003345
559120
988808
1893313
2081376
1640857
2081364
2025212
2010807
962110
999156
2081420
576971
1380121
2081401
416053
1127887
2081434
1963712
2081504
