162266
1291917
881258
101043
1143007
1341560
279165
1510039
1438490
1758993
1635238
1272376
1947802
72996
1297781
1954087
1954755
1182990
1955285
800948
125361
925590
274782
1604275
1145276
87867
1576136
1961466
342
1783031
1271363
1290953
241388
1912040
1302563
63862
1624553
624331
1973417
1755580
718627
201961
931348
213281
1547077
1115992
1991313
419694
1421859
2549
1766962
2393
1300979
1583895
1513239
333440
1817516
2000003
1235227
2001140
286236
1497557
1497561
1634352
2002819
2003172
2003330
2004423
567932
71826
1440369
2006115
1280389
32101
1371792
1303748
1199285
287270
1543073
140050
87781
43476
1273030
305722
2007487
691999
648173
263523
44874
4597
1431233
952
84268
44215
376294
1854495
102372
342
1954629
846960
1294548
1568923
649569
2007885
2007909
2008001
2006670
1090527
1411725
1524700
1117881
1877695
432
1202
637118
1618648
442850
98948
2008473
331839
1762624
649233
3821
571543
2009206
153014
1047463
204553
1209313
1493
2009969
1880772
1275244
22543
1615355
903076
1519194
734378
2011447
300095
472818
1328441
446360
1626670
693488
2013593
952
508567
453699
54186
433826
2014978
1115820
1946536
1732953
2015000
2015054
1866691
1459687
1471491
1778373
1721021
2014284
1679099
1504480
2015143
512279
2014788
2015164
484962
1939014
2015066
2015058
19177
99490
1266
1997937
1128516
874095
1990792
1939602
328033
1225131
933063
484903
2015258
1956071
2015281
2015326
331
1959469
1374635
2015464
2015122
73313
1393964
432372
1807551
1923609
3003
2015446
2015510
2015307
2015600
1593040
1474705
1800787
76138
1942054
2015623
2015674
2015582
1306457
1340142
2015648
2015707
1948762
686001
641581
1697187
439634
1949665
1947064
2015771
1407661
1970128
1973637
1323621
1939398
1361206
2014895
1364044
1342939
1333784
1956232
2015570
2015930
1335145
132463
2015849
1944162
2016014
1028011
1213737
911329
2015530
2015875
576546
2015769
49691
505745
602868
240158
2016093
2016161
115501
1145317
2016117
1971252
1445340
742925
1916792
773913
891086
1537228
681350
2016280
2016239
342
1668981
1865477
1357197
1418120
345976
1503556
2016415
2016323
490649
908644
1815824
2016368
1506446
1477629
678
1868699
1477159
2016425
1422104
1498256
2012479
1413925
1634181
1406602
671
433
2016617
1336249
993
1471
144334
248003
2016574
2015964
116684
1603902
4538
1502749
1255044
2016770
2016559
604606
2016817
1906904
2016821
1009834
136882
1705587
15947
2016191
1535224
1364129
1580
1947910
1466730
84521
1445699
1777895
1832985
1160422
4311
1958949
1494256
2017009
916273
154677
1538228
2017036
2015870
2016076
176847
1241753
640883
1330503
1051614
1166415
2178
2017124
1743631
2017047
2017164
2017169
1107257
2150
2017145
1513509
2011719
330647
825505
2016832
4706
644096
1986620
775993
1430
2016579
2017252
242726
1123421
2017348
2017353
1101276
1140879
2017165
644590
494233
1231444
1938897
2016790
1874249
848380
2900
2013353
993861
2017483
2017493
508053
2017444
83398
1853322
1403458
114032
1691715
53151
2017432
1268079
2017552
2017364
1266
2017473
427049
1750376
2017604
2014035
1789662
1005534
647372
222253
2017591
134224
1988507
1557165
1797413
1121404
2017784
2017792
180783
1941069
490769
2708
2017814
2017589
1073895
1968957
1482955
1878140
1300638
1944853
1702973
1370938
1147981
2017006
68581
1046104
1330770
1385342
2017885
2017984
2018029
149542
2017895
651938
2018067
2017825
781772
13168
652294
464949
2018110
301171
4719
1482931
2018049
2018115
1439923
2018078
2017936
2018199
2018202
2017465
134305
1427777
2018229
1266647
1514394
2018197
2018131
2018150
2018281
28998
1444786
2017849
2018297
68406
772
2018140
1987952
2018342
990713
1417386
2014491
247148
366539
1205813
1562284
1851334
1939213
2018417
2006114
2018431
2018443
1942226
2018373
172526
1597713
1663140
2018516
1314498
2018497
1735520
2018567
2018384
2565
2018488
2018435
1404408
2018597
466903
717
1403197
2018524
1767537
1413751
331
1055280
2015233
325238
2018640
210039
1212
1743580
57195
1321126
818179
453273
1291478
796303
1668197
2018746
1566019
1303932
97142
1705385
2018681
812
212474
8497
1665814
200877
2014188
77576
2018786
2018818
2647
2570
1973347
2017863
190423
2018832
1277020
1611256
2018572
18736
557395
1044972
1141974
2018936
2019032
2549
1602
341536
2018989
2019093
2019049
390075
4702
1310409
1989802
2018951
2019167
1909558
253
714743
1041424
994032
37893
589269
1965425
1382249
1539435
1902282
1252045
1833292
1050603
225196
1955441
1854228
2019376
1372357
1555901
2018998
2019392
2019348
2019357
83741
2019243
2019444
663085
1941000
12368
2019462
2019465
2019468
2019482
2019378
2019511
149206
2019520
2019458
2019529
2870
592813
1563681
245263
962102
1265323
2014836
930270
2019579
9406
1888107
2019570
1509344
4702
1586151
9634
2019687
2019701
2019733
1920800
2019374
898917
179992
2019756
2019532
730827
2019495
1936044
1798453
145444
2019812
2019724
203051
1591709
32162
2019807
1004248
2019769
1503631
126745
1685058
1534063
1986603
88062
1735406
2019922
1939352
653213
374967
1802457
1961628
2020039
700233
1940214
1975882
3929
2020093
188583
753806
2020114
2020124
1747307
925711
2020131
2020136
2019934
2020050
2020038
750238
1470825
1655478
615979
1890830
459904
2020221
3777
584350
1281816
1612720
2020309
1740053
2019624
24072
149744
529674
1270464
1940019
759154
2020328
755765
2020117
2900
85637
103933
1113774
763756
2020458
2018458
2020475
2020479
1925103
2020496
2020503
1064779
2020382
1282599
1922052
2020538
1955572
1393163
2020554
5554
1351127
130630
1563363
2020474
780009
1363886
2018320
1165058
1817809
1565471
1327546
915753
2017294
1952994
3777
2020630
1446034
1132762
31001
234209
2020716
2020732
2020536
1667507
2020771
1891163
291025
1391759
2020676
2020793
2687
458109
10733
180773
439017
2020852
2020729
901413
2020861
2020724
2020876
1374373
2020902
1370579
1672285
846930
2020818
762192
2020209
2020946
1442349
2020854
2019469
336899
6012
2020967
2020975
2020948
863163
1648274
2021001
2020853
100162
327563
2020936
1575285
1090100
496561
956583
2565
2020906
2019859
857667
310613
2020823
710895
1643134
2021025
215187
1702838
1289857
13834
78489
802
618919
2021181
2021165
2021244
1147336
83018
1956181
237083
2021292
2021321
2021332
1355389
2021408
1958126
1757
3470
17631
578262
2061
106089
1450193
2021482
325118
1365833
2021507
1481041
433
20426
1992268
2021380
2021500
677855
274670
1940110
1801079
2021583
1467245
1511299
2021613
1525348
2021623
2021594
2021691
2021528
2020988
2021711
455053
2014818
1618217
2021765
440680
1273693
2020577
992531
1981805
2021827
2021510
2021805
618104
1996515
1369185
2021785
1644289
2021719
42355
1812508
683458
2021916
1951782
1308971
299
533598
1875252
1707115
184050
358064
2021722
1332354
754120
2021977
2021804
1169270
2021470
1936055
1908850
1042381
1955075
2021881
688436
17068
2022119
1380754
2019914
743332
2021930
562948
1978790
112808
4947
455293
38170
2022266
2022272
1938404
2022123
2022046
2022283
676957
190999
9970
2022317
2022235
2022080
769708
2022384
1346746
222579
2061
2022414
770
675551
666011
1821852
236786
1946103
2022311
227900
609830
1697607
1976401
2022349
670288
1786109
1985510
416378
1589247
2022581
995266
398540
1430130
9472
2022328
622308
1012755
598657
5154
541456
1079397
2022754
1768894
1120027
1583566
2022813
1059871
1998383
4958
335608
1171925
2022805
2022762
2022853
2022932
2022059
143976
2022950
2001885
1944038
578302
1956391
2022977
2022554
49669
2022886
1720320
43044
1316819
968430
1511337
331746
57796
2023083
2023174
383576
2023039
1362489
2023191
2023193
2023206
252246
2023208
2023240
2022876
2021215
459769
1432063
1515096
2772
2023038
2023211
2023298
1005642
1645859
52344
2023172
556240
1568345
1600087
1421535
1379370
2022681
1983493
2023344
2023376
304399
741544
2023368
2023247
1958650
675718
361908
1542557
1380397
1266306
224767
1273047
1148638
1955697
2023461
965275
287357
884573
1083517
1505189
2023482
1579335
2023506
1902444
1508421
1612645
2023537
12534
2023610
1820553
2023598
2023535
2023594
989184
882623
1359492
2023655
2023690
271560
311338
2023686
2023722
1319521
2023650
1485767
93219
1959198
1202204
668910
402207
2023814
1202
2023799
497962
994139
1913333
772321
1514596
1514973
1329630
2870
2023726
2647
2023889
653718
1751
55121
2023961
637158
1772135
2024004
2024005
1240137
227657
1942431
2024057
137458
1391001
677079
2023932
2024112
1948541
12821
913361
1951456
1358644
2023938
1672900
50984
475010
1175191
470095
1345664
249921
369332
2024206
2024186
2024245
2022809
1253899
1440150
2014534
916367
2023794
93971
1661175
2023485
127682
2024286
2023973
206120
1328512
506107
2024228
2024242
1810333
586320
1118434
2024250
422051
1401535
1867045
215310
1420553
1110583
15707
2024334
1633529
2024454
2050
100430
2024480
653977
1303982
2024535
2024549
191674
2024485
2024459
1778257
2024514
391066
499358
1071146
1574615
39016
488099
2178
1429059
2024635
604812
145190
1955311
2024755
1909930
612416
1517635
2024831
668135
938496
1978389
2024749
1414
2020890
1297988
2024868
2011485
234591
1488528
1329936
192652
2024781
2402
53105
797919
2017889
1955690
1535547
784758
111135
2022722
2025042
1972384
88522
2025021
2024947
772124
2025079
2025041
1977909
1826466
836525
1537434
2025139
2025022
686130
148292
55252
1494913
1941401
929228
2025130
1566473
2025223
2024266
213231
2024294
2025122
2025047
1356399
2565
71058
491759
2024821
402
1969468
2025337
2025285
2025099
2025401
2025406
1596567
546918
2025350
2024563
1732829
2025456
1401078
2024984
2025488
2025453
2024433
413503
1481869
33696
2018987
46897
2025545
2025482
1136000
133313
124441
153190
2025598
1996790
1223508
796523
2024667
460602
2025524
1947429
2025201
1965173
650050
68521
461232
102
795168
365662
1149736
1394730
1969703
48629
1395088
2025723
2025711
2025731
342
2025780
2025783
731273
2025713
2025825
1977022
998452
1379625
2024954
2025759
2025275
1478020
1995503
2025810
2025919
1987862
2025878
757733
2025894
1033028
142043
19054
2025991
2004411
1629369
1872089
1964819
592061
2026054
2026045
1289975
2900
240935
1830669
13605
1236
3777
136644
826907
643977
79729
2024944
2026095
2026165
570434
2026195
1957687
168586
2026204
225357
2708
368506
2026213
2026210
314084
2026221
1284853
1943138
1397685
2026249
1111996
952
1537025
2026408
2026409
1129954
1618718
188002
2026202
2026169
1726078
2019310
350600
2026468
658942
994768
856162
1086616
1245105
310998
4311
2026491
440489
885974
53511
604319
612005
1627977
2026587
1416940
93976
2340
2708
2026472
123308
2026722
2026306
2026747
110221
9401
10524
676852
1020733
1236
2026700
2026604
196367
6919
2026841
2026843
1881379
178543
1918328
2026780
2019800
2024291
2026860
2026893
812
1260523
237982
1396006
1551081
1173402
305220
1067867
1278982
2026968
2026996
2027017
516105
1878433
2027107
2005287
1140142
611062
1131736
2027134
486057
143843
713142
2022878
927930
1451158
1485511
2027122
130400
1502506
1364384
1938341
194239
1305503
1280167
1523631
1406112
1354271
2027301
1302177
2027224
383309
139595
2027332
253018
2027320
300223
626930
1976282
30425
1818289
2027360
410791
1332340
562635
223058
1983301
42726
662947
2027347
1276202
2027440
412016
2027509
241045
33428
910003
2027461
1569472
1465488
2027387
2027582
2027512
850016
2027285
2027619
1808133
22156
1404958
2027620
788953
406301
1712109
384739
2027080
1461885
2027534
2027724
1426298
2025958
2027736
1049203
1640993
1957189
717
2027758
2027752
2027520
2027643
2027793
983469
816807
927547
851541
1604950
2027843
2702
690132
2027889
1508644
1287323
2976
1774
1589817
1848278
2027908
1699333
3470
1617011
90271
785857
2023153
2028092
2028058
2028113
1129424
371189
2643
248582
1944015
709451
1293771
362311
47583
1935911
1436926
336061
2024754
2028247
2007850
1086840
221537
2028339
2028292
2028134
929636
1675014
956000
1382865
1384460
16002
1366603
1021376
5367
1346809
1772270
445309
2028495
2003552
2028365
1289162
2028451
399016
964102
1914926
1065225
1916631
1450043
2028048
770
2028383
1765589
1459365
1569118
71325
1643267
1448299
2028606
2028670
515271
2028509
2028693
43980
910399
760078
2006211
1797248
2028686
2028636
769914
1640779
1328370
1234701
2027415
204428
2028732
2028614
2028830
2028646
2028816
1415717
2028895
1620420
466470
1202100
1287408
510376
2029019
1736844
754945
2029006
230486
1536410
791127
23710
313942
2029087
2029126
219233
39
1517698
772490
2029184
246915
2029220
522948
2029013
1613292
2029233
616289
290696
1309386
2007934
1962172
2029324
1977822
2029259
1047484
1021606
510973
2029384
2028783
1949829
1623589
1749723
2029250
1125221
591594
1505404
2029430
1861138
2029511
221672
2029388
1063474
566806
152806
1969560
1943981
2029070
2028933
696324
2029586
1962258
1475207
126240
2029613
14164
2393
236585
947966
1939986
841792
2029660
2029670
393
1942938
83014
2029704
1956080
1696754
770
2029795
9778
2029256
2029746
2028343
135781
2708
2029718
2029827
242070
763534
117066
2029863
2029763
2029830
7219
2029605
2029604
2029862
2013339
687035
1688219
630122
1323605
1239585
1015729
156
63961
2029843
662951
1386568
941285
185868
2030059
1606207
479170
438213
1625441
1326565
179280
2029688
1187249
156485
290342
2030173
2030240
283434
820887
66504
905366
2029923
986500
1391949
200387
444492
1898835
143193
2030241
2029709
1968070
1118362
3297
1365203
1752139
1129157
2030361
1770584
2030365
2030443
2030182
18669
757106
2030478
2030457
2030464
2029860
13472
10948
6257
1424392
1966842
2030391
2030518
152738
305079
1387889
537024
290854
2030527
1455508
1972622
2030687
393
1367858
1517669
2030716
228120
2030792
1736541
791868
1757
2026012
2030735
2030873
2030883
547647
356979
22632
3071
1435392
2030032
1703895
1538082
23615
1202
270643
2029223
1050724
2031087
1634981
474689
2031008
5367
476701
2031122
68807
555883
1049978
66983
2028458
2031115
603099
2015443
667616
217045
2031225
2031182
2031231
1422534
34596
1424405
1874480
2031279
141916
2031284
30871
368110
2031313
219010
492880
1608156
496927
2031375
2031372
698592
36473
77753
993
2031442
1672304
645304
10183
2031493
2031494
383450
2030467
2031456
2031547
1067157
2031373
2031422
2031580
2031336
134392
1171189
1147333
1272515
1984547
1967921
544528
1842908
1475828
2031632
1607399
15019
514361
155607
2031690
1269171
1628083
1339839
7864
1238329
2031879
1393012
2031944
2031725
2031872
1644431
5279
2032031
355272
960279
2032003
1114209
2028986
2031383
2031642
2032182
2032093
1574793
1537896
205577
2032215
1886271
69528
1586043
486447
2032347
136826
448
1997358
1991905
259613
2032382
542839
1605261
2031816
350342
1423642
2032466
2032522
2032264
32784
1183944
50678
291002
16744
1313174
2032645
1320916
29427
1819922
2032579
278422
3074
2032744
2032791
39037
2032800
1275830
242504
1212
1621961
4597
1741136
6082
1913124
550846
1423618
1801229
2032920
2032887
1592481
465641
2032992
2033039
111007
1950552
1837
741443
2026627
2033222
1524172
1347236
1345201
409481
2032968
2033045
1556050
1650768
2033346
2033363
1381054
729461
1523282
44065
1304541
752839
951293
1893239
2033458
2033525
98625
1271427
1387838
2033577
2033464
1588838
1405802
204258
1474990
2033493
1370869
2033636
676046
2033422
1619762
1223061
726890
1691787
2033655
737572
1640883
1485864
836678
2033870
1569
1573021
1543988
2033733
2033859
1243749
221268
2033875
1138642
2033936
2034036
1506471
43497
1415399
313173
2033887
1959926
9361
2034136
2034022
2033826
975499
2034167
710440
1961254
1530557
2034177
1111526
2034214
1629684
1889619
979868
1994067
3
2034283
2034158
1398960
2034143
2034297
1248771
1216495
2034102
414288
946218
2034376
256388
1717327
1573073
21540
1281344
1964782
2178
1801794
1589275
2034498
2034249
2034539
2033774
1323264
13904
224204
2034454
376991
1341436
234426
1397734
1300920
2034626
74000
2034740
1979611
2034815
4657
2011411
448889
2034907
10713
3028
1113477
2034932
652411
1150357
366508
2034971
39
1016322
110324
2034861
2035047
2035098
2034703
1105087
1766678
1250851
1120769
37349
2034997
1466607
2035164
1520140
1558707
1465299
146051
2035157
115891
236339
630066
1375
1906443
1431613
2035319
391651
17777
941350
3513
1440097
4400
2035275
2035415
295281
2035363
2034918
2035379
1966984
2035479
2035544
861580
667651
1308888
12277
676
448580
261048
2035632
1368679
2035567
2034319
2035716
229581
543513
2035764
127642
2035747
131679
1390821
1566602
2035725
2035833
809883
2035839
119027
2035852
2035828
505308
30551
6604
684293
2035873
831858
2034810
2035937
634438
1288998
1143879
1463110
1476456
1689052
2035966
2036011
1498389
160341
509400
2036118
2036066
341548
2035910
962820
1590791
2036165
116861
1496222
1544023
1911988
2034038
703278
2036162
2036305
1968879
1549374
2036140
1717232
39244
1318668
2036327
2036071
987139
2022779
2036381
6291
358086
2036266
1868552
1134067
2036284
1034119
1961512
2036489
694615
1454693
700646
2036536
31889
2036433
2036522
2036494
49331
638793
1757
2036571
2036583
704322
1298128
2035849
2036618
1746532
1657915
2036638
952
2036619
2393
1456687
1350921
1045979
708080
1878797
1774
2036725
479974
637305
1415830
19545
2036811
1339912
13472
136194
476185
2036713
1717630
2036556
384907
713467
1537842
28318
579276
1947937
222857
180527
1298533
1234386
1456581
491846
419536
2037150
2037186
1965298
1312140
179156
646465
556925
2037304
1548284
2037289
230905
1448898
2037376
2037076
1483391
2003219
1945234
512189
2037367
2036933
2037415
1247079
2037456
303275
71743
1261271
1459333
1276633
2037298
2037209
1286103
2037545
2012342
1338175
583751
2036949
1408220
1829907
9406
2037504
315327
2037669
715450
2037678
2037625
515876
1510127
1383961
1352410
2037700
1435310
1872885
2037784
1141469
998153
2037839
2037852
10524
2037802
2037927
2037931
1288185
1922826
2037926
2037718
2037859
191686
1356812
2038021
2037857
679091
1651857
1513427
936038
737947
15964
1677149
1675999
1637154
655415
1215262
714128
2038190
2038042
1562544
2038002
1115853
1315
1858889
731408
31524
2038099
448275
1925674
2036255
1574269
2038334
18635
1737059
631436
673297
2038151
2038380
71326
1499661
2038186
2038290
1166792
2038281
1970719
1967281
601576
6257
1840374
2038544
2038590
1147948
117832
747673
1504
1751
1951274
2038638
2020467
2024470
82220
709028
1952737
810901
2038656
138393
693967
1608592
422557
567008
900454
1431279
9882
10582
1439
2027836
1316624
1602433
1702328
2038884
61715
2038785
2039047
1211242
2039036
1466239
1433462
1969254
1272581
2039084
1584451
2039067
1531401
1888230
903276
1584498
1662690
10183
2039157
47591
2039190
1604185
1375682
659609
2039231
1626521
1611817
2039259
1213779
1408147
1161382
301852
1818035
880804
181265
1580953
1575188
2039280
1092776
667920
1588995
2039116
739211
1586032
837477
2039406
2039388
2038964
650489
1985120
2039506
1608378
100474
1927131
854736
1364809
1378908
1443210
1757
2039581
2039443
658929
484405
248045
2061
1115165
1386190
2039647
1380912
1999438
1733
2039556
2039701
1614281
2039704
2039730
2039771
1499450
470947
2039596
1762
2039772
1939751
2039776
988737
1937164
2258
38243
1981838
734754
1732267
1059578
693359
1936417
1369134
1672737
1617779
2039737
210081
1377428
1302576
2040075
1300934
2040097
54303
5154
2040192
2040006
1382645
354768
2040316
423958
2038677
604652
355410
559375
1309876
2039795
1868405
2040420
2040366
1444
880772
2040389
2040410
680528
609955
367247
505209
2001802
1924673
441
1960336
1366726
1539656
1359543
2040562
1612994
1991578
318995
1636210
2040168
286461
284712
2040620
2040714
1819316
2040644
2040707
2565
2040606
2040776
1053650
2037378
1742550
498898
2040775
2040539
1107117
1291393
321905
597591
1429323
1382570
4657
1312158
2041033
2041036
2041038
683
2041069
1523871
2687
1895929
688292
2041063
10084
1555134
1966391
86130
2038742
2041181
17594
1813818
978431
2041213
2041288
1350856
102331
1653928
1087751
2041298
75577
1845591
86735
71743
3071
112062
978880
2041466
2041481
2041500
6323
1336884
1756696
2040154
2041474
19010
796859
1424641
1495567
1935814
2041573
1937055
4597
2041557
308290
1476602
390852
2041608
1495044
1843778
2041546
2041655
751508
1966309
287220
1644211
73061
2012912
2041776
378266
2041796
2041821
2041787
2040358
467505
1628057
888899
1931736
2042003
2042006
7198
2042017
1774
1726226
981401
774300
1285682
31276
16550
1440456
1931941
2042065
1486082
2041580
894587
201784
1266
1851131
1848733
2042139
1958509
36578
185889
1614966
237902
2042138
386170
1360988
493152
2042162
2041818
373760
2042039
1928419
1593833
1887425
2042328
929902
2010157
10084
1501958
2042281
399941
1422152
180568
2042318
1393822
1626246
2042398
1477330
717
2042431
379701
1604295
1551101
2042503
2042524
1723811
2042556
692354
2042449
2042499
2042625
2042066
851916
1284870
2042654
576254
92376
1270351
1443257
2042618
52830
7008
43964
3074
6823
2042756
1873832
577870
2327
1594519
1472916
2042823
1343323
1322645
6507
933124
27186
1239423
2042860
2042832
640811
2042886
1296956
1471722
169518
1620256
82870
1331912
2043084
727567
772046
1476147
2042771
1286627
2042828
9472
2043189
2043123
1332641
2043145
2024675
1392136
1329169
146685
2043276
2041271
2043275
1072424
2043307
18750
1056105
2043170
1423721
405758
2043405
1810147
2043382
2647
397705
2043528
1072279
2043326
310809
814796
141502
54503
2043540
2043526
1431047
1948556
2043525
1922747
540775
548686
1580548
374593
2041005
1478496
1605692
1858360
2043731
2043714
149629
2042862
440806
1983726
2043725
4972
2043710
1301984
2043825
1702679
2042512
2043807
715235
1658800
1451554
2043856
347140
2043827
2043616
1016358
699165
2043475
1394929
484515
1671459
1707923
979490
1336178
1435552
2043614
2044062
1475209
1958807
1084989
1418238
2004741
2044024
2044058
2043715
2043971
1658576
485714
718339
81867
2044165
216829
2027932
1445021
1577281
1702279
2043815
2044204
2044029
97830
273224
1011437
1259751
556247
1466269
941795
152927
3621
1633516
1368335
952
948961
29645
2044418
1589139
775308
2044484
1327053
1276508
1611893
2044565
2044457
1386653
619738
1899924
2044540
2044583
2044573
1843331
4059
946826
1404012
289504
2044543
29837
1332559
2044616
1516491
1286524
2044731
1286729
1362767
1552529
2044764
2044525
2044817
1594824
1368815
155970
1698999
2044751
683
379216
2044785
27532
1339403
2044887
2020385
486754
1301455
568737
2044978
1599464
1404470
2042218
1881387
2044986
2044924
2045061
1642080
1873910
437161
2044854
1610795
947986
587750
1294164
2045064
1489082
701
2044983
2045171
39
1564736
1984773
2045210
1224268
2045259
1878160
547458
432
760667
1648482
266981
2045184
745251
1498154
2040925
1695945
2036075
2045270
2045326
1296733
244494
2045461
2045422
2045395
98506
1923651
1670949
1330511
849362
216161
2045540
2045469
470735
774006
1130342
2045651
1293299
1772644
1415719
2045530
1272592
1833410
1707876
2045380
250294
2042826
656261
1434864
2044076
1281480
2045894
2043510
637098
1058578
1923095
2045901
1292200
1991481
2258
522862
1566261
1485149
428926
387954
69532
267193
1629
2046083
2046121
2046069
1418961
585759
1572062
1306078
2046124
1378145
1358622
562006
1299468
2046180
539249
638011
1618085
611082
1867721
2045065
1964573
2046442
2046256
2046312
1399823
1001589
2549
678
2046469
71587
553009
2046514
2046437
1068
1307333
1411095
1424469
2046633
1092166
144027
1273785
717
2046670
1390160
2046707
527223
305415
587337
2046708
18588
10261
2046762
1267776
1280251
829143
1552992
6034
2046772
2046862
1879260
1617052
2046798
1038
123126
11276
2920
1909424
2047013
2009376
1310870
2047079
384623
2046838
2046322
2047136
1751527
2047213
623576
585431
227882
1336071
1642188
6400
1010135
425666
2047284
947366
422457
32624
1043133
155516
2047366
74892
1913478
2047408
2047427
1949111
1622343
756857
1880994
2047334
1937423
342
2045802
2047531
1716080
352331
2047324
1558844
1282488
2047574
1582278
6430
2047638
2047525
2047740
249650
451063
1343391
1547971
1236475
825106
532337
1465955
2047754
1055322
2047861
1772615
395524
487140
2047818
222907
2047860
2047868
1839742
2047930
1586057
2047879
409976
1927655
2048020
1902331
2048059
2048064
233278
1170741
2870
539251
1953574
682894
1581274
2048160
2048173
1608247
2048214
1285976
1385104
2048257
684369
68709
577542
252210
2048293
2048121
1955875
206075
2048223
1977043
1652862
113388
1989760
1801469
1348383
1925213
2048479
918
1991122
2048324
113589
301839
1896482
685250
1643148
1001296
1646820
694899
2048578
2048537
320370
537500
574812
1599241
2048375
2046550
1395087
1474986
2048654
1756022
1354161
2048669
2003587
2048760
1379948
2040378
12177
2048792
2048806
1901832
723244
259516
1346864
2048860
1451579
1537412
1300249
1751060
2048924
298206
1927343
1395677
62242
2049014
682050
13232
762415
2042812
1294287
2049073
1554268
456600
2049140
1757248
1593110
1975519
1602649
1735040
81306
1847253
2049293
2043158
1573677
2049309
1978630
919491
69610
2032695
406017
2049374
1352697
1440497
1520599
2049397
1498353
2048871
2049430
2049418
10948
28670
1383415
2049460
1458315
434049
228750
662029
217405
927256
2318
329589
277
1577325
1608748
2049158
13275
892258
1535032
2049632
155752
1199398
1471401
638255
1299485
1213973
484497
2049719
2049812
541292
65811
402
1004663
2049873
2043454
113003
1342516
2049878
2049924
442524
46959
1053683
2049980
1439767
166045
1275365
1606379
2049953
717
2050024
1934389
2050025
1380453
1460784
1117573
2049840
144362
21348
1484925
728675
1536126
1328820
1542639
1555909
2049723
1291634
1949277
2050177
915021
2050202
221226
1608639
1754072
2050196
1569
2050233
529356
72327
1786322
1292832
18649
1342531
792394
6113
935636
203913
2050416
301013
1587077
494931
1569
3513
2050443
2050381
2050477
2048262
990428
654938
1537336
517552
1389563
1323460
425458
581685
1148041
2050384
1330871
3
666190
1396796
1404316
1956512
2050625
2050624
1573218
2050693
1730705
154467
8547
2050727
1359521
1257344
1927463
1880638
2050774
734017
1606500
942
941139
1557323
1269047
2050810
943339
1558226
464222
1580657
1141656
1220095
2050905
1547007
479658
1080205
2050966
1625650
2050986
1583758
433190
2050991
2051006
1668539
2178
2051072
913452
2051131
368215
1442144
199270
168943
1537933
1520493
2051099
121161
1935395
2006196
2051310
1398055
1058357
1303407
2046821
2051301
2051397
2051408
1699316
1410389
1214497
222688
978716
405488
1560067
1290290
2051563
2041909
2051584
2051636
1578740
287019
329590
2051706
2051744
1935473
1407896
624497
174141
2051693
2051311
2051808
1648382
5699
2051870
2051806
2051813
2051864
2009518
716991
21252
2051974
981684
2044967
1175
1542704
3003
1402942
1504374
1373098
1615071
1595531
2708
2052041
1293346
2052270
521020
120339
2052306
441
1387229
1526677
14164
77505
85124
6323
2012782
11087
1702280
467907
2052277
1939134
2708
2052563
2052568
1485645
1796899
365533
2052599
1461344
2052649
2052693
150618
2052680
1291131
2052725
1292037
1567585
1362622
9634
2052800
2052849
1114146
1936761
740043
2053025
1273271
4042
1604623
1501520
106003
2045596
1792653
2053147
2052967
2053194
2053358
1940057
1937868
1948296
1928161
2052979
469887
1435659
1463538
369798
2053141
2053362
2053428
1466946
2052837
2053387
2053350
10750
441
376058
2053453
2053532
2053619
1340247
2053597
323712
1504567
1174377
317348
999444
5010
1958891
228850
987034
1338140
402
2053867
1512256
2549
2053892
2053943
2053582
1733061
1139737
225307
2040026
1700671
9905
1304397
1785626
1370068
2054024
2054029
1301842
192727
2054185
2054198
2708
1927290
2054051
1810102
335047
203300
71326
1821138
482374
1474241
255975
1364706
141488
1132876
426120
366547
361757
2047057
591245
624384
2053564
2054400
2054445
1265832
2054452
2054492
485
2054523
2054634
219576
2054668
981255
1526317
2054611
2054733
423199
2054772
2052744
1146016
2054823
1950940
2054802
1940261
2054775
2054959
1415142
426159
2054440
799
1355336
1014440
2054529
1506828
1941541
9775
36643
2047412
11710
740274
14452
484202
834967
79872
619160
2055369
2055536
737956
2055647
465
1895576
1169793
668681
331
40318
1350605
377667
422504
1322817
2055714
886488
1670098
1566242
2055798
429383
716584
297592
2055897
925384
1875277
1327822
2056039
320354
2056184
1560085
613101
1167818
213341
2056332
1594402
1837276
2056372
2056416
339874
145445
2056470
2010807
1478790
2056573
1038
5585
2056166
2056577
5635
533200
2708
1466468
134777
3513
1774
1390764
1551343
2056816
2020834
1805372
2032005
2056862
2056923
2056733
280780
489909
456750
2056785
2057020
2057091
468344
1398897
2057143
2057162
2057173
1508376
1430953
265143
25802
2057298
2057300
1731101
1428067
2057327
1359039
57679
29487
2057374
483104
4972
853536
2057418
1320157
2687
1779931
25569
449087
1383905
1529296
1306136
2057663
275915
2057662
690889
722138
1067052
1327376
1941011
1314915
1622645
1432971
1236
100080
1213147
19659
676
526048
81279
1108709
1545173
177253
1616995
2057937
2058023
2057882
1404499
226757
1410133
1277490
1309219
722903
12840
325677
1430280
1302018
5
580671
1659220
14832
1751113
2058323
2058267
1266
1820766
1119146
86224
927904
2054145
151265
2055374
1021211
3821
1571083
2058519
493290
2327
2058534
527303
1933903
1038
1510922
2058649
1903706
2058658
2058550
640894
1432896
1454642
13232
490340
631854
1751183
1933421
658702
1537379
2058753
1555713
1649
2058783
1436711
815260
1623896
1276578
3302
2024395
1565905
1197287
232245
1530879
2057967
2015545
1990357
4311
1311426
1455405
207244
2058778
1539247
2055978
2059001
2059027
67775
2059124
1626281
1058886
1122400
1616019
2059021
13482
1441904
2059166
3813
2059089
1736038
1611732
2035692
1418724
2059400
2059251
402185
1136088
1998540
161508
2059356
179294
1476701
6823
2059448
431115
1060990
2059506
488802
264739
2057124
707419
2059520
46152
2019179
1993538
1284206
1605709
915509
113411
1343445
151215
896032
203139
2059843
740831
2059793
1283978
142451
2059920
1429676
4936
103814
514941
2059901
2059870
2059898
1985274
1637241
1403664
703469
1347907
2059959
1754849
131904
1905955
2059982
1553415
2060007
2060088
1878204
1992599
2060148
1598681
450436
2060299
1554691
51599
2060359
1961149
141876
1367907
2060167
1027662
1720181
62799
2060447
1763806
1288266
232907
123994
2061
1594399
1302899
628460
1523000
2060627
2060638
1897995
203328
2060724
1717405
1306006
6823
1064938
341561
2060793
2060871
651569
2060837
1575055
333192
2058194
2060845
2060953
1622858
352720
2060973
2061035
2060979
628442
277
2061094
900886
402356
574166
2061098
31001
1352192
2060764
1814182
83816
239768
1557232
703668
993173
1291640
1733
1397096
1428444
2060907
2061227
1419403
2061069
2061347
1251373
1399960
2061350
952
4059
1708857
1072986
2002356
1959012
1645247
1436381
460598
1412588
1571633
4538
1761940
2061497
1793031
2048358
2061649
2061547
191185
372989
1254983
1922260
2061425
76571
1300160
538937
620479
1266
2061280
1735248
2061814
1966149
1825126
12811
2061908
2061843
2061875
2937
314014
3882
300805
211418
681655
256484
1876974
1415722
2061999
716717
2062048
686454
1046385
12946
1550409
30143
2062140
1902335
471623
1173086
2047332
1144147
2062264
2062285
2003992
720452
35826
2062155
632044
394627
1352685
2062414
342
730473
1566110
1584398
676967
886807
461052
2062380
7657
1651735
1442378
4576
2062539
2062531
2062449
1281339
863143
1400844
377382
2062443
1621089
12840
1600318
1331058
436990
1275871
1331409
2062795
1803447
1945076
2062827
589877
456115
1774774
2062893
668907
1350938
480913
2062938
2062869
1494043
1604562
1751
252062
134134
1230825
8427
1375028
620647
684446
714626
2063107
1226362
1278333
756931
1365271
1142520
1358
1507655
2062906
1241236
1444582
664775
1977689
1539244
2063160
2063241
2063335
2063353
167220
2063459
1509727
1545034
1347807
605813
2063529
1290258
2063585
207133
2063597
1907514
439001
1079097
1340926
2063669
2026363
1465679
616276
689859
2063764
1918893
589858
372563
2063793
723331
979473
2063862
5154
557922
1666269
17951
556684
1988401
2063715
1673861
2063830
1279668
1271624
1593334
2063941
2063986
2064037
2064033
1345626
2064034
61409
28560
1843718
111367
2064132
1602467
1969132
1854945
895225
1022760
581731
2064184
2643
1398889
3513
2647
654571
1344202
1511600
18253
784725
2063994
2064408
2064410
2064409
1134068
1989727
2063390
508080
1351474
2064477
558686
269522
1337710
1428594
1935603
2064557
1254918
2064536
1392001
1011270
2011186
2064558
450120
4099
2036725
2064344
2064663
385783
1001346
1448518
618559
2064667
645472
2064644
2064693
543839
2064684
2064769
1308726
2064698
1501725
2064807
1563502
1965843
732884
1721915
1370990
2039893
2708
6051
2064847
2064936
1617908
1357647
1374088
1336965
90160
74880
1398885
2065017
2064970
2065075
2065024
2064962
2065097
1391229
2065087
2065104
1523516
1089527
1820
1760676
2022446
2870
2065220
69691
1440209
316383
5548
1431284
1003821
801367
2065391
1045167
1530051
1389877
736553
1872221
111075
2065438
2065329
276978
220377
1762949
271475
1141190
1807301
2023048
2065502
293048
2065527
1358369
2065589
1767461
1556366
1314710
1611639
1550894
1410229
2065760
2065762
2065636
2065593
2045554
441
1262643
1906527
1890266
1877960
230058
126129
2065877
2065866
8852
802
2065826
13347
918
2065864
2705
2065897
1168558
2065975
1048586
439240
709
2066016
2066001
2066103
2000155
13879
2066118
740627
13572
2066078
1087609
2066235
1517340
2066234
1462940
2065844
2066341
1892814
2008980
7251
499045
957617
1994992
1130431
1465953
2871
1995303
1869925
1946428
73844
2066370
1330128
2066594
210379
1262796
686040
2065745
2050379
2066746
1287926
1386474
472818
1358040
684242
1574713
1479152
1401203
1618645
1325495
2044453
2066836
1519303
1113599
2033800
2066899
2040339
52582
1342600
1162121
2066927
1273766
1451908
1543728
1193786
1526808
169420
279162
508305
1578586
62747
2066972
2066961
110136
1867221
1614587
2066936
205
2067045
1381057
2067207
2059454
2067171
1350458
2066834
1844339
1612300
1513716
517835
14350
2067373
179340
1781297
1120305
2067394
1784850
184061
1760927
1484922
2067333
2067312
1306997
493011
1488666
45609
1531461
13370
1321211
2067547
402399
746223
1410958
24748
2067307
844675
468545
491273
2067481
2067685
842990
1252855
1451035
344149
268981
2067775
1946563
2067835
18860
343452
1134475
2067912
1549626
524964
606731
5010
1633984
350196
2067718
1629460
1607373
2067960
2068042
707314
2067976
1315
1490789
1318321
1343926
1545130
507647
1655838
230029
358667
1499673
297682
2068204
1142491
516949
1614135
2068232
2067401
354045
2068243
355158
2068305
84997
1854142
1595552
1941604
2068385
1934303
1595664
2065779
1794700
2068391
2068247
1282578
1565957
64293
1519965
1776785
1438108
2068388
2067816
2068612
2068251
358750
2068547
1618297
2067457
2068681
2068179
448
1671706
2068700
993
159474
637071
2068759
2068806
1753844
2068742
2068886
1628902
1113549
232393
204372
2068974
72150
1182929
2068941
2069011
1423919
2069045
699338
2150
342669
439324
1631729
2068796
2069095
2069087
158066
102419
7170
1362956
2708
45939
2060987
1418093
1773129
2069195
1672858
1641981
794289
1028482
1251587
193776
299
952
1681896
597825
1469275
277141
2069276
2069459
2006935
441020
2069555
1492731
7432
1999786
1289711
1587104
5790
61260
2069612
2258
2068068
2069645
2024224
2069651
1282108
2069659
1783012
191511
1798019
1212
2069656
2069626
2006574
2069704
2069761
109462
2069740
590978
2006617
1392710
2069795
2069671
1324079
1434774
365046
41104
2009261
25774
130872
1932789
2069692
1931867
563111
2069927
2069852
2069952
2069825
136762
2570
1133350
1628467
420912
357242
2069986
952
1558695
2070005
2069991
1583818
1245591
10562
2070090
7741
1895645
2070083
385111
9287
446519
1043924
2070121
3621
2070147
188253
1299109
2070164
706995
2070203
2070225
1638698
291389
3797
1399934
1302936
2070156
17068
1888647
2070249
2070288
250633
2069902
23284
467262
53179
1745603
1140606
88665
1072565
2006165
397291
7049
1133686
1617135
206532
2070391
1549152
1613
260502
1420300
2070492
654881
2070379
1659896
1588244
2069280
2070526
60816
1480957
1396717
1236
1706849
277917
1260485
2006825
804592
1057856
2070610
18599
1148587
2070611
675950
334140
79029
2070652
2070658
1495692
2070668
2070689
2070710
729648
1362662
221029
676620
1420718
2070753
2070761
1279726
1268261
2022374
2070787
1528447
2070803
1569919
2070609
284628
2070841
1606354
1259851
699658
1588673
1939915
1419472
2070883
511309
1620224
2070934
283908
2070942
192306
365193
1485959
2011055
2071055
2071032
331
630712
1394020
160687
2071093
348909
210106
1402701
2066416
277
8701
1389089
2013226
2071212
730982
1047637
2071204
2071242
2071295
854074
752690
1590695
2071377
155898
39319
1959114
1263089
2071395
175027
562889
2071576
1938386
1640007
2071053
1575707
2071605
2378
205
1884430
1341737
2071678
666160
2071692
2071658
2071707
436241
2071725
1762517
2071775
1418986
101133
2071841
1292716
100524
2014471
2071954
1315311
2071953
1319636
2072072
2072018
2072034
1598286
120928
2072130
2072061
2071891
2072129
1512339
1315803
401502
1812154
2072230
2072164
2072210
297007
1564189
1948240
87924
18635
76759
2072382
2072349
142684
2072410
2072538
1000792
1120027
1331146
1938220
2072574
1708020
1407783
166632
2072540
2072651
10582
2062256
2072751
605910
560599
901464
2072736
2072746
2072576
153144
1889594
2072843
2065931
1328483
2072848
2072865
305591
95706
2072737
2393
2072898
1558569
18622
2072947
717
2072777
1508292
1031181
2072850
702956
1576161
115750
2073055
1796339
2073132
1315
269060
1350638
1457835
1331854
640801
682894
1457148
512445
992021
2073212
2073248
1953850
663
1060580
570120
1485987
1053986
2073271
1508597
18253
126441
1306495
1752700
24472
2073360
925358
1511964
876300
1992784
975801
2073412
74926
986517
2022494
1774
1569004
130336
2073463
2073432
2007401
1060839
2073518
3297
1831
1904349
953757
2073575
1696850
2073240
68589
2073521
2073703
2073732
2073758
3
949583
2073744
44810
2073837
632916
82421
1514842
2073938
1798192
2063714
362570
2073782
1946280
2074007
38246
1602063
101390
4538
2073540
2073161
2073988
2074071
706121
2074059
1968695
2074082
2049779
98354
2066430
1328688
2074137
2074189
1994714
1550448
1284098
1372642
1574814
2074157
552408
2067056
1628394
1560716
2074288
1320065
1332397
1508292
1508506
838234
1136985
1426983
634453
2071357
1479317
2074518
13497
2074476
1940696
806254
1396310
2073830
299
30050
570224
335726
1393261
51237
1479528
228555
2074862
763521
1502585
4958
1302354
752510
2075030
2074972
2075031
706966
2074927
2075054
687536
154773
1250343
1702243
1885271
4875
1538250
2075098
682181
725072
2075324
2075309
954198
1802040
44301
1278792
2075451
2075433
1379061
205
1810904
653568
2422
2075524
1277689
1494519
213426
952
2075553
7580
952
2075605
2075579
1389292
2075527
474964
335381
424609
1389501
1084327
2074177
943764
2075782
2075794
2075743
990018
277
719752
2075881
2075927
2038317
1119714
333310
1089568
1391141
2076032
695118
13232
86622
2076060
2076137
1154210
610273
1993269
1000190
1143260
1281425
649369
885189
1411537
2059888
2076124
1375
216949
321386
1403806
711360
27335
2691
2076301
2076299
2076279
869830
2046345
1284562
61077
1347980
2076351
609665
1447525
2026737
2076288
2076461
451444
733244
1008604
2076323
1323918
2708
1616350
2076551
2076589
2076562
2076536
440059
2075115
2076689
971757
1097735
224
1622433
2076747
889034
2076737
2076862
2076518
197262
484843
1332649
1280352
2076850
2071964
705060
2871
652643
2076895
2076941
2871
50778
1875919
497163
1151012
2077003
1502724
2076769
2077098
636051
2077143
2076915
673925
2077191
641342
1342019
6113
1578343
2077157
1363703
133313
1011102
2002401
1066419
2077342
2077265
8745
506104
1621344
1397702
2077460
1814482
325336
2077420
2061
1266
673763
1613515
1993767
1907778
4634
104193
611098
1609369
16174
325565
511139
2077580
1986115
2077690
60719
1650771
2937
65495
1365040
6823
901518
1375820
2077917
1328546
1877629
1378887
538709
173206
2077907
2077979
1471426
2078081
1916569
475138
325064
2078123
2078154
1850673
500792
2078195
2078227
1278698
1311951
2078207
1581266
2013642
1560529
2258
216625
367360
952
102274
2078381
1536391
743509
2078392
2078405
1053972
283157
14017
18599
214760
359894
693451
751473
1705504
2078578
2078609
2052524
61782
10640
1134114
1619586
1953572
2008598
427132
45102
258993
1638254
2078725
432
831429
2078770
2078775
2078773
1612221
88851
990331
1921149
1480651
12071
2078877
1489775
642700
2078951
3003
1961822
75622
2078949
24266
1278590
922096
2073329
1155903
2078802
2079068
2079102
1925445
2079133
1603819
57383
2079140
1680933
1387815
1462624
2079147
1944182
1266
2079153
2063837
2076237
2079099
1688564
1042358
2900
2079198
465823
1271029
2079306
3699
2079325
4597
2079397
2079363
2079314
1345991
1504958
1257645
2549
1773729
1286168
2079527
2079475
1063137
829313
2079570
2079579
978365
1938548
380533
2010686
2079551
2079660
1881585
1322020
1328371
3114
1995285
1939993
2079759
2079760
205929
1641630
1617673
1171056
1944124
2075301
2079776
2079645
3014
1956463
1780461
2079809
670007
1819680
1956766
2079965
2079946
53024
1381245
2079829
2079987
1903059
2080062
1894818
1552125
748835
2080098
2080119
1889541
4972
361803
2080182
1057000
1466667
1475380
1733
383917
2080292
1806960
1931432
2080274
203629
2080312
591018
1371007
2080339
182962
798256
2080348
1565121
2080254
2066058
1376317
1383969
797752
831752
2080431
19539
7219
1617343
2080506
2080358
69972
1557997
1246245
1089907
402
621867
2080553
368470
69548
2080594
717
2080643
2080660
699483
1278630
2080709
1295385
1574297
2009823
1988962
118983
1895816
236412
1141254
1274155
1588143
2080816
1068066
211841
2080933
598352
1607206
1452599
659253
2080978
1215840
2080977
1363216
1855579
322233
1166951
5245
74559
2073823
2081047
639677
1377322
1934520
2081182
964039
2081252
1099676
2081271
2081269
2081265
1068524
1003345
1733
559120
1893313
625369
1640857
863187
366023
962110
2081401
922562
576971
2047498
204667
1127887
2081442
416053
2081435
2081434
28812
1959073
2081492
