1955311
273050
786470
1869185
1965900
1979509
1981326
204199
63207
1983376
1983417
287214
761428
1984798
1369401
1986328
1326415
583293
1817459
1491096
393936
1992324
1994995
745217
978431
1949096
94669
1997793
1998226
1296743
1305672
1999385
640928
1999320
369199
2001154
366037
1735
2002865
473698
2003208
4875
2004412
690
529370
2007385
2007837
1254171
2008120
4597
1389505
3038
2008979
168847
601344
1282300
2009487
2009510
2009546
354190
1291215
1452366
2009742
1526808
1483648
1437292
2010036
2010074
2010030
756913
2010191
645320
50469
663649
1927155
30701
27669
23688
1881379
208191
2011882
2011973
1261052
2012328
2012500
2012555
2012704
1293789
7657
1429336
1661
2014209
2014528
2014570
1714194
363522
1312937
2016318
286228
2016507
1959945
1686129
593119
2017601
1458013
817276
2018595
2019695
2020472
2020541
3980
1649542
404310
7432
2025114
2025636
2026557
2026797
1029670
1606791
2027690
752006
2028561
1305621
603531
2031711
995507
2032958
1960435
1629
2034017
2011411
10582
941350
2035390
862673
2014343
2036464
2036603
2024764
2037055
92373
6823
515876
2038455
5633
2038728
1404893
2039641
2039691
1977768
376422
1380912
693359
1939751
1262296
924891
2039609
2018551
2039848
1732267
2258
1377428
1937164
2378
1740034
1302576
2040026
2039992
2040075
2040149
5154
210081
2708
54303
1507655
2012712
2040110
1888905
2040168
1617779
951293
1936697
2018227
355410
604652
1205813
636651
2039207
1634473
14164
5773
194239
433
2040384
2040439
1366726
93617
2019094
402
1924673
1960336
2040565
2040562
318995
284712
1636210
2040527
2040620
1004619
1819316
2040651
1552999
1626709
1733
1291393
1427777
1053650
2040674
2040606
2040810
73324
337267
1658173
1302177
2040874
1804039
2040917
2037378
4657
1429323
1894007
1107117
2040977
2040822
2040873
1793166
2041038
936285
2041013
2041063
1523871
688292
10084
500333
321905
1918995
180768
1895929
1555134
460199
803910
2041058
1756696
2041260
238915
17594
23468
142695
2041021
2041293
2041298
549038
1349450
1833674
1462575
1952142
2041305
2041288
1966391
1087751
157155
1845591
227709
1376541
978880
1431991
19010
1937055
1935814
1495567
1424641
2041573
737947
1969560
2020543
1542672
2041392
390852
1323264
1281678
1478790
2041655
625212
2041703
46274
2012912
1071797
446840
55740
707052
2041796
2041821
1050569
2041878
2041602
2041930
2041891
888899
127639
1628057
267500
2042003
2042023
2012858
31276
16550
2041554
2042049
1057531
1390221
2042043
2042127
2041818
894587
185889
1072632
2042039
201784
2042138
1848733
2042162
2040154
929902
2042226
237902
914065
1089504
1887425
2042258
1055667
1509469
399941
10084
2042236
2042318
2042251
1740567
517201
2042440
2042449
1393822
328080
1477330
214689
175024
2042503
851916
1723811
75355
2042524
9472
2042066
2042586
20648
1979374
576254
400243
1249574
1134475
1270351
52830
1534348
3074
2042717
1472916
2042612
1322645
933124
296623
1873832
1594519
1295907
2042696
2061
2042862
2042886
2041271
2042756
2042902
546997
1002727
397006
986686
801186
2042934
1296956
402608
2042994
1620256
2042968
866911
2043021
43964
1290807
533354
2042828
2043123
2043101
2871
1331912
2043109
2043107
1707348
1332641
2033545
2043206
1204040
2024675
146685
1923954
810587
1062001
2043237
1072424
2043264
936954
1579335
1810147
1934709
1423721
1589606
2043405
2043343
2043352
598805
1147174
2043382
272176
388049
310809
2042281
1924782
2043539
2043467
814796
141502
2043528
2043268
1431047
45529
132292
1922747
1478496
1418188
548686
1240157
1580548
1605692
1858360
2043647
91531
1357289
2043714
899369
1333048
2043725
1702679
2043713
94665
2043710
2043827
2043687
2043815
1658800
1296392
2026968
715235
347140
1409851
469808
2043614
1016358
2043954
1775703
1394929
2043963
1671459
484515
1364311
979490
485719
2044018
1715403
2044024
1577281
2044058
731668
757472
2044110
1795215
557817
2044153
283415
1658576
2044165
2044152
11704
2044062
2044204
74000
1896915
2044197
887119
938134
1642389
205
1818289
2044306
2044229
2044354
26752
2044298
152927
1259751
2044384
2044414
2044422
2044398
287673
2044457
2044309
3621
565882
680689
2190
2044392
2044424
2044418
2044076
1998431
1276508
843486
1386653
1332559
619738
946826
2044561
2044531
2044446
1899924
7059
2044543
1404012
1487251
1327053
1147280
1286524
1426215
2044640
1165058
2040447
2044667
1993859
451
751693
1286729
1368815
7945
1360258
2044751
644437
1519162
27532
1339403
486754
2044887
683
1620265
2044904
646852
568737
2044952
2044944
47745
2044982
2044986
2044790
1878180
1262084
2044924
552851
1599464
2045011
859912
2045035
2045061
2045065
2042218
2045057
437161
2045063
1440456
516914
1642080
2045094
1610795
587750
2045085
1562551
2045171
1733
2045181
2045064
2045210
132273
1648482
1245127
5642
1145292
287665
745251
2045258
2044029
2045326
1997556
6384
1944266
2036075
1405475
1918488
2044844
1772644
1980977
2045651
2045666
1366320
87781
1368569
1475222
2045380
1924748
2042985
2258
656261
1434864
637098
2045894
1571455
2045995
428926
1629
585759
2937
1896514
2046083
2046124
2046069
1358622
738881
1069759
1056685
611082
2001333
2046312
1964573
1738647
562006
1001589
514468
383576
2046469
57099
583250
1340257
1521536
1307333
2041375
948145
144027
1390160
399528
2042511
1758747
2046738
1585772
1911683
587337
2046708
18588
28922
1280251
1451155
1267776
1552992
987830
1617052
1010135
129889
1910229
2046937
1735406
123126
2047013
829143
470506
2920
1128063
2047079
1642188
623576
585431
2047201
566806
2047191
1310400
425666
1505206
1945607
422457
1310522
2047284
2047316
155516
2047366
2047408
2047427
1622343
1949111
354860
5205
1329630
1716080
2047493
586571
1282488
79657
1955455
2047574
2012960
619514
6430
2047638
1049889
451063
422557
2047640
227657
2047703
2047787
1700394
532337
825106
2047754
1459365
1866044
2047860
2047868
1839742
714164
2047930
2046970
671482
34596
1416882
2870
1415801
1902331
233278
1170741
624730
682894
1608247
238929
1402794
1977043
1787451
1581274
2048121
684369
2048262
2048223
1953574
259881
2048164
413478
2048244
2048295
2048336
1652862
1973034
1955875
1989760
1348383
110900
918
1991122
13482
2048532
1643148
1455627
1437491
1904864
537500
1474986
2048728
1354161
2048756
2048806
2048184
727383
1346864
574812
1170407
1300249
4972
2048922
2048924
73959
13232
2049014
1672719
1294287
962102
456600
1975519
2048701
1015423
1873814
2049285
919491
1520599
1847623
927256
1519085
393
329589
454847
1837
1577325
1005498
519392
155752
2049632
683
2049493
631383
431853
1304001
484497
5154
2049814
2049824
1045980
1275076
113003
2049924
46959
2049905
144362
1949277
219087
1516075
1542639
54614
529356
1960603
1292832
2050331
6113
935636
2050386
2050444
51382
1485354
2050498
654938
1323460
1955301
2050577
1330871
666190
1956512
1655478
2044823
2050661
13106
1730705
2050727
2050748
1884974
770
1927463
734017
2050774
541046
1557323
943339
1558226
1141656
999733
1220095
2050894
71119
2050956
2050966
1417386
2000249
1336960
2051100
911329
1385505
1815370
1620392
1574136
2050933
2051283
2006196
1214497
2051414
2051484
2051542
374138
2041909
127279
2051706
2051694
621582
2051693
2046959
174141
1940769
3805
2051807
716991
2009518
2051959
2044967
664205
3003
2052041
1293346
689192
120339
2052295
1387229
77505
14164
1148378
1944044
2052419
2052356
1953470
2052277
1485645
1735061
150618
2052693
2052725
267720
2052884
2052967
1934951
326577
123591
2053025
1273271
1604623
4042
2053097
1501520
1792653
342
2053194
1315118
2041182
2052837
1732953
2052979
1937868
2053277
426527
151265
425707
369798
441
10750
1562434
2053350
2053585
1340247
1744399
2053582
2708
2053532
132368
2053457
1174377
317348
2053867
2053836
785395
1733061
2053943
1746781
537685
1798425
220899
2054080
1304397
1785626
126240
1330770
1701202
2054029
1554108
2054185
1473946
1810102
1965298
71326
1977448
203300
1960455
1969352
2054334
1364706
141488
1132876
255975
931555
2054433
1509344
2054628
2054228
2054638
1339839
1526317
652891
710480
2054668
2054733
1146016
1306714
2054710
2054814
2054775
1441012
2055034
1397096
788975
2054440
6137
2055135
378048
2055213
2055164
1941541
2055288
2055298
2048174
11710
719445
484202
1837997
79872
1190144
1957782
1913124
2055647
331
1443790
1322817
886488
1566242
2402
2055904
1001616
1625569
1877695
2056039
1216267
2056061
2056172
613101
1404488
2056332
2056355
215630
254782
145445
1650703
2056481
2056470
5585
312294
2549
2708
3513
533200
2056314
1466468
1774
2056799
1463823
2056863
2032005
2056733
2056901
2056816
2056824
456750
731273
2056956
191664
2057046
2057091
2057162
1430953
4719
29487
1359039
483104
1140879
25802
1779931
2057508
1339326
2687
1383905
2057112
2057549
1623791
722138
275915
600439
2057705
2057373
9401
1327376
1622645
1213147
1508376
2057491
1314915
46516
526048
100080
1476488
2048486
81279
1119146
2057977
1112619
2057937
499783
1277490
1597713
722903
580671
1319514
14832
2058207
1751113
16286
2058267
927904
979240
1021211
493290
129753
527303
1432896
1751183
2058550
1997005
1411225
2058758
815260
2024395
2058684
2058885
3302
1454642
2058959
1199398
2022681
2059001
715450
67775
1511337
486447
1512377
2059027
2055411
605491
1989843
203139
1611732
2059083
1418724
1476701
1736038
1881337
2059251
2059356
1136088
2049504
179294
2059255
6823
471392
1670902
1993538
1560040
1083426
32385
896032
1821138
2059817
482374
2059867
2059843
2059670
2059582
1460740
514941
1985274
2060007
2060108
1941011
2060072
1548525
2045974
726182
993448
1407937
615543
2060359
1961149
2060299
1058784
1367907
346226
1720181
62799
1288266
1520263
515238
1418730
2061
1777895
2060398
1870568
628460
1897995
36638
2060664
2060702
2060724
1245547
1306006
2060793
651569
1575055
2060735
1213382
2060633
2060978
2061022
2060953
1815030
2061059
352720
28581
2060861
2045540
239768
1441780
697728
2060907
1922260
1637093
2061351
707867
2061350
952
558153
4059
2061497
2061425
1739338
1793031
178979
750384
1300160
538937
1095492
2061716
2061766
1735248
2061814
1825126
301282
2061843
2061756
300805
3297
3882
687035
388274
716717
1902335
1173086
757106
1957829
720452
686454
2708
678467
369455
342
2062380
7657
48629
130393
2062531
1934601
2062675
12840
1600318
1803447
589877
630196
2062512
1350938
506901
2062840
1604562
2062844
2030241
1751
684446
313283
2063107
362481
479170
762679
756931
1365271
2063237
527032
932581
664775
1444582
2063249
1650768
2063379
1363035
2063390
1352868
10640
605813
207133
1907514
2001802
1340926
2026363
2063657
940723
2063752
447610
1749007
786416
2318
1666269
723331
408343
201642
929143
556684
1673861
2063863
2063941
2064034
2063793
2064120
1312158
61409
1854945
1058635
1602467
2064170
2064132
2647
1511600
2064323
2064249
1817515
2064408
1989727
508080
1337710
269522
1011270
2011186
2064344
2064684
221829
1807349
1534572
385783
1965843
1721915
1374088
2064855
1923967
2064847
763716
2064962
2064970
2065075
1617908
2065086
1143329
416539
381949
1430637
1820
2064558
1431284
676838
1368879
316383
69691
191674
2065471
2023048
196552
2065527
1767461
1240587
530912
605072
441
2065793
802
709
2066032
439240
2066016
363652
2066117
553212
2066103
1911299
377573
2066146
1615662
1517340
1481054
590687
1995303
2066411
1330128
1931530
2066610
210379
1262796
2066630
2066443
2065745
1364077
754325
1414736
13472
1576578
1401203
1325495
1533738
1691787
2066836
433050
2033800
1342600
1543728
1193786
169420
814689
1867221
205
1050603
1364531
411102
2066936
2067090
296993
2067241
2067177
2067256
1147981
14350
2004365
1784850
2067423
2067401
1760927
2067433
13370
1917264
1465120
952
713564
2067713
2067721
1946563
1134475
22852
266862
412449
707314
1940089
2068039
1490789
2068111
1553709
2068171
354045
1067842
815868
1140834
1282578
2068391
2065779
2061
1519965
1565957
1072986
263812
73580
1756199
2068251
2066430
118417
1640874
448
1647977
637071
2068806
592438
1113549
2068829
2068717
550280
2068974
1247825
2150
551723
2069043
204372
2069095
1773129
45939
392568
2069195
1672858
1028482
193776
1531461
1467163
2069322
952
2069383
1469275
1926201
2069459
757477
1776877
1085490
166045
1195194
7432
1183325
2258
1365203
369173
2069704
2069742
2069740
2069671
2069774
1324079
2069852
136762
23899
420912
1872509
2069991
1218600
7741
9287
3621
2070182
954198
1886222
1302936
1888647
23284
2070328
1532906
393
250633
1961822
260502
1480957
8701
2070560
1397685
1260485
804592
1148587
334140
2070658
1848776
633856
729648
676620
1672737
2070805
1569919
1588673
1939915
2070883
296302
1620224
2070942
9982
1485959
2071012
13991
2034082
2071013
331
1394020
8901
2071093
2071275
2071242
1991842
2071249
2071377
1630067
2071481
2071053
1831230
2071678
2071610
1036470
945579
2071804
100524
1938404
180258
1938341
34351
1418986
2072081
705857
120928
2072061
1315803
297007
2072247
1440097
2072382
2072422
2072169
1423919
1467175
1141615
1120027
1355951
1508421
1733816
1635590
2072540
34596
2072601
2003552
766290
2072651
2062256
2072677
560599
2072791
2072830
716584
740203
969905
717
1573073
2072979
2072850
1508292
542911
663
1508597
1053986
24472
18253
2073350
1774
2073432
925358
2073434
2007401
1898863
949583
2073575
4538
490162
1506446
996399
2073664
2073271
1236
710440
2073657
1264676
854865
2073782
1330503
1350456
355901
2074043
1328688
2074183
362242
1462698
2074238
2074157
552408
2074317
2074315
2074341
2074409
2073830
2071357
1479317
13497
749376
2074555
1506367
570224
335726
1899301
1590791
619961
2074867
763521
4958
1165375
2075031
1250343
1986333
208094
1054633
725072
1657327
1934386
2075324
1802040
1278792
2075451
44829
1810904
2422
905487
36101
368982
1389292
1430010
1364716
1575150
2075687
2075733
1211886
2075678
990018
1118715
333310
1089568
555427
2033880
695118
610273
3038
1049203
2076124
1143260
649369
1411537
321386
2076283
1239116
869830
2076216
2076279
224
2076323
2076461
2035275
2076536
767070
1350353
19054
2075115
2076679
2017081
2076689
971757
1622433
863893
2076769
2076737
4446
2076495
646487
484843
1280352
1722049
47583
2076915
2077010
4902
654881
1502724
2077030
1811663
1624162
2077157
1363703
675718
1342344
6823
845504
514941
1979560
1621344
1429379
1471426
2076592
2077356
1934303
1528816
697864
2077420
1907778
1672
1609369
1633840
1650771
2077690
601278
2077840
1328546
1877629
1616802
1170794
2077954
1916569
1349504
1544413
500792
216625
2078207
1581266
1278698
2013642
1560529
2078367
2258
743509
2078392
1053972
1086152
359894
1638254
1371074
86874
2078825
2078666
394542
990331
1489775
2059454
2078951
922096
1155903
5554
1773632
2079099
344149
465823
2010983
281039
2079363
723244
2549
2079482
188970
2079527
834674
2079587
1938548
1366673
1617673
2079762
1641630
2075301
1615385
2079645
2079840
1956463
1780461
670007
1738138
2079829
53024
2079729
4972
1637848
2080267
2080274
1817471
1572916
27120
1371007
1435683
1383969
19539
1140348
69972
621867
433
17777
717
1495591
699483
1494279
2080735
1574297
1279687
39200
2019570
1318364
1141254
2080791
2353
1607206
1452599
2080952
2080956
1245330
2076032
2081007
354209
91330
2080890
2081047
1001787
867131
1357891
405207
1934520
448886
456760
1388733
1933856
964039
1099676
6872
2081252
2081265
1730265
559120
1893313
2081376
2081364
2081360
922562
576971
156197
204667
2081419
1824169
2081442
1935395
114419
