1612221
1967265
1938403
1974212
2071
24911
1627971
25208
1982157
205276
358086
1982504
445734
1984683
410107
1136909
43332
3797
1045996
1543141
2061
1462230
1617779
942
680970
528279
1993852
1388290
1022680
419823
2686
410170
1266
10261
2000380
1334632
1145604
1956248
2002834
426660
1805750
2014188
715235
1799880
1330503
485759
1618316
1868302
149542
2019541
1867849
1618307
9357
286781
256270
2020109
2020488
327563
53151
2020721
2020809
2422
1621020
751522
2023506
668135
322973
1323633
119129
1650834
209745
368753
1535467
1140126
543938
1620824
258190
1605278
2039292
285629
1783223
1658800
1405178
428826
841305
1746532
72067
2047977
10568
258538
2048892
1216
650764
2063847
1537025
473508
1530474
1407357
2068632
1044989
1636274
2069968
2009334
2070513
57755
78464
1954117
3003
2017275
1125105
1257687
4599
605910
262037
2072759
2072778
2072807
2072837
693
2072887
260042
257894
607808
717
2072965
2073142
236759
575329
34307
3743
1058559
2073329
2073597
1689394
2074399
2705
228269
2074741
2074848
498940
816579
2048924
705684
754780
1645837
1331188
608919
2075083
1682956
2075095
8221
2075098
716991
1885271
695118
1538250
1311600
1525859
2075201
2070144
4875
208094
685795
598410
2075232
2075210
2059982
1503520
2075028
682181
1796644
1551268
2075154
2075218
343263
1539521
1140879
1465784
107012
2075324
2075326
725072
2075334
2027482
2075275
1937656
2064403
2066880
1050857
2075370
2068305
537685
633244
44301
2075420
2071012
2075433
36643
51237
61260
2075445
44829
2057162
1589934
2067906
561277
2075460
1337406
98354
312294
13879
1129505
36101
1810904
2075527
2075483
1277689
2075520
1938404
1430010
2870
2055011
952
952
2075574
2075606
313489
1939008
37667
1459365
433
424609
2075605
1389292
429804
1608748
1084327
2061
1022760
2075699
2075718
89626
2075708
2075687
1445021
2075728
2033464
1321211
717
2075758
1992022
1582135
1315
2075743
2075771
2053619
2075781
2075785
2075579
2035924
557917
2075794
1284035
191511
673230
388020
2075715
638090
2073540
1411537
212900
250427
2038317
282471
1530039
2075866
2075852
2075886
704100
4875
1961205
2075666
1119714
2075881
2075912
609665
1423919
1089568
1391141
2075968
2075984
1494519
812
2076032
86622
507629
342
1089329
2020356
2031946
2076067
111263
1869142
2061
2076078
2076097
2076100
1049203
2076088
197097
2028676
2076103
110558
1735306
1143260
649369
1993269
2076166
651569
126279
1461907
261137
885189
321386
1448032
172721
869830
2059888
1000190
1375
1239116
272606
4702
2076301
2076279
711360
2076316
3045
224
2046345
2076351
1347980
2076310
1284562
1939877
663
2050684
2076323
88776
383498
1810618
299
1447525
2076455
1686940
1304640
2076475
2076424
1616350
2076491
2076499
733244
1548322
2035275
1165058
155304
387685
2076512
2076536
705060
2072751
767070
2076562
2056184
2076584
2017081
2076594
1254918
19054
1979128
1651308
2075678
539347
2076590
1752839
2076639
1397702
1902027
2076650
1898764
441
1820831
2076592
497163
2076704
1622433
2076747
998739
2076808
197262
410283
1472335
1515618
1530210
2076518
1390260
889034
715450
753486
2076850
652643
2076769
1332649
1935814
1063137
47583
1280352
1751320
1722049
729137
1875919
743654
2076895
50778
863893
1384326
2076941
2076598
1387663
2076942
1378705
2076041
2076965
1589712
2076931
2076946
2076990
2076991
2077002
4902
2077022
654881
2077030
4323
636051
793754
1562434
2077112
673925
1811663
251492
36217
2077140
2077136
2076838
4042
2077170
25874
976471
2077191
1294983
641342
2077216
351855
6113
2023038
1569919
1578343
1599241
2077265
694619
418350
1513699
2077224
1134068
2077289
2002401
2003552
506104
1820
2076592
1605264
133313
2067856
2077342
8745
1621344
2077356
2077386
2378
1066419
1640309
18860
325336
2077441
1814482
1528816
2077462
697864
2027787
63422
803896
1893507
2077495
2077381
611213
273224
1993767
1960523
4634
1907778
1058784
1650768
104193
1927344
1969560
1770948
372228
1420982
1613515
1363703
2077157
1389563
2077563
1813800
611098
1766962
2048293
1633840
839062
210134
2077604
409319
1852315
1519965
16174
1650771
2059756
3621
1326703
2077672
2077684
2077690
2077696
1732953
172635
1493725
1488721
601278
264313
1620039
1548606
332820
2077739
1589615
497111
454941
395348
1433775
1783012
1288078
1739406
1693930
2077800
1495591
59473
1906
2077826
1375820
371063
775172
1662
2054198
2077847
901518
1455052
14017
333516
2047357
1328546
389376
2077931
1877629
566607
2077907
1359524
538709
1170794
2077986
1378887
1745444
1545034
2077948
9280
2072791
2077979
2078013
1749084
1383563
2078049
548792
1349504
1509344
2078054
9472
500792
1278698
60782
699165
1614803
2053842
324042
486447
475138
2078123
48860
2078154
2078171
17550
658924
2078195
216625
369413
2078207
173206
2078202
2078234
336079
1581266
8701
1459789
2078066
2076729
39743
2013642
2078256
2078303
2078291
1311951
367360
2078316
2078305
2078274
2078324
426704
2258
495252
2078352
36892
1257300
819293
2031202
1061052
743509
1658911
1362645
2078381
2078392
2061
2078405
2078378
1086152
1105299
753806
2078418
1053972
2034498
1775941
8852
283157
18599
359894
11087
194239
188970
1268763
2078478
2078491
214760
2061425
2078510
10640
2074157
2570
79939
2078433
880772
2078557
340094
1820
2078386
676
1865781
2078559
795522
2052524
2078599
1516520
2043040
1630974
571953
1374403
1349764
1953572
1840374
1619586
1361401
2078640
221365
61782
1566612
710440
2078667
2008598
2078666
45102
610622
1771288
88665
1638254
2069644
31807
2078715
209287
2078725
1448952
5554
1381414
1327104
36843
432
1812817
2078770
2078772
2078773
2078744
1878797
28700
1596602
1371074
1417386
2055132
87781
2078822
1913124
23616
990331
2078848
1043995
831429
1921149
1577910
377372
1373406
1489775
2078882
922096
2078896
1480651
12071
2078880
634209
2046708
1375316
1579893
1010082
2078951
3003
846196
2078969
3003
1702803
1278590
1615850
3071
1466445
1605869
1472
1991895
1155903
432
90470
75622
57383
1343594
2079054
2066432
773569
1488229
2079096
2079099
1983493
1584779
1640623
1603819
2079075
1680933
1387815
1012659
2079139
1933785
2079147
1266
1597201
296623
344149
642815
742942
1086732
1944182
2079188
2079190
2079191
1516869
2079189
465823
135622
1688564
2079215
1944362
2079241
2900
2079279
2079306
1504238
1271029
2079179
2079347
2079363
726539
2079368
4597
419243
723244
2402
2079386
2079402
1856808
784183
1345991
2079418
1053732
1257645
1502060
2079429
1537053
644992
57367
2079436
640102
2079384
2549
1773729
417492
2079441
167800
30750
971893
2079476
1523320
1942031
2079461
2079482
1063508
2178
2079526
2079527
734017
2079551
1373543
829313
2079570
2079587
2010686
2945
249213
2079605
1138421
642850
2077895
373148
2079660
2079676
526573
2079675
1881585
9836
380533
1322020
11087
1617673
2079732
3114
296121
2079729
770
1351552
191877
1548660
1641630
1944124
1171056
2075301
1147981
205929
1100574
161725
2050570
2079792
1328371
1745616
2079645
1276106
3014
1956766
2079809
53024
2079840
311615
1756022
670007
733232
1523411
1464380
1780461
1977022
2079893
1176230
3980
1411635
2076207
2079937
1142206
537476
2079928
2079946
1738138
3721
1465953
69532
2079963
2079951
2079965
1545784
1445965
2079948
2079987
503542
2080039
2080044
1878609
2080057
60037
656261
994840
1005524
409888
2080087
2080098
1597523
368463
438004
2940
4972
1373448
350141
1475380
251277
2080182
616061
361803
1057000
1626281
56591
2080241
383917
2080248
156031
895254
532337
1016390
203629
182962
27120
2080307
362227
1371007
703322
2080318
591018
2080339
2080254
1867795
2080348
798256
2080346
1203886
1565121
2044076
157692
213927
2080370
1283041
717
1702356
1376317
2080384
797752
1383969
2080397
2080414
1617343
1497736
377795
2080427
19539
2080431
653022
69972
831752
206075
1510958
417256
1937294
1485298
1283095
1089907
2080424
250549
244369
1140348
263337
838236
2026701
39
1967799
2080358
178903
853564
2080493
433
621867
17777
1148890
2080531
26353
2080553
1443116
1574269
1351284
342
69548
2080594
717
2080585
2080603
395108
2080597
245263
2080612
2080623
2080599
2565
2080632
1594519
2080596
2080643
1491307
1796329
2080660
1402794
1446805
698266
4184
717
257898
1680308
1278630
3028
1559406
1379625
2080756
2080758
1295385
1452321
441
2071841
1730646
1494279
2080695
1873826
375806
1279687
1508196
1362662
253
2009823
2080816
352720
2080801
1001296
689445
23284
1988962
1588143
1895816
1318364
2019570
2080875
4597
1545299
460429
1274155
1068066
2080894
2080931
1610472
2080936
211841
1949222
2040026
3071
1300249
2073575
1544463
598352
1389458
1452599
2080964
2080952
2070141
1097735
1934709
1215840
1055667
2080977
986639
1134655
1220095
1245330
1855579
1361457
201304
2080933
802
1515386
2065438
1614093
2081008
490473
2081041
2081046
968962
1633760
962102
1166951
91330
2081047
97885
2073823
2081102
13106
639677
2081128
1357891
922352
1535032
628460
606731
2081158
1479006
1377322
1934520
1632124
2081152
2081182
298923
2081189
456760
1886469
205
2081221
704353
964039
1933856
1959926
209584
1597208
21348
2081252
2081247
62610
1871346
1934462
2079518
670559
1099676
2081184
2081271
2081269
2081265
1396382
2081291
2081302
2081306
1148041
2081313
1751113
1003345
2081322
2081324
2065636
1733
231513
559120
333129
2081360
4719
1557323
1558226
625369
200510
2081364
788131
2070942
2081374
2010807
863187
502113
1935630
2081388
260502
999156
366023
2081401
416053
1050448
657236
962110
1957894
1380121
2047498
156197
2081415
204667
1634748
1127887
1936251
2081430
296258
2081440
2081445
2081434
1040030
2081450
331
8547
1959073
2081473
1935395
6038
1384816
2081487
1963712
2258
2081504
1282349
1091182
1879645
1937445
