1990836
1992627
1919391
309628
1992966
612520
4706
268858
1757
1966
1993340
600698
1993480
1993629
401574
416459
1993973
41760
1227826
1994128
1994262
1400190
50362
1994472
1994480
1994519
1994561
1994658
1995112
56269
1995280
1995500
1995506
688450
752741
1996401
1997065
3074
8637
1997191
1997232
1129676
1997595
1997660
1532098
293168
1998247
971951
1606802
1378141
578083
58242
1999799
1999790
1999947
194940
2000330
2000569
2000987
1166305
2001120
626992
2001314
2001755
1448543
342
1625314
2004779
2005196
2708
2005367
2005666
1584055
292940
40249
2006514
1977087
2007720
1186978
2009026
2009330
444986
272625
2010689
1329277
2012630
2012747
830656
2014159
1894090
2014741
67980
1273978
2017879
2647
1819475
2019340
1383009
992324
2020422
142890
1260073
2021729
2023219
1412341
2024912
2312
2024911
170160
2026446
1682098
23816
2029525
2029472
1701648
1984403
2029991
1251684
2030370
1646147
640026
840810
1764011
2032016
1853666
2032450
2033745
561869
2035937
1055138
2037981
670583
586489
1766724
2040357
2041179
2041494
2042022
2042063
2042229
2042256
1968603
952
1265014
2044564
2044629
931203
2045138
2045200
2045342
1844218
1440456
2045364
2045397
1751
2045326
1366320
1980977
745251
1668654
1944266
2045489
1919380
2045420
2045465
1695945
6400
102439
13497
1286451
2045426
1405475
2045651
2045618
1130342
1293299
2045380
883983
1464282
16786
1368569
2042985
1434864
2045452
402
1292200
2045844
2043510
1043995
1825420
1615092
2045800
637098
1912854
2045910
487403
1058578
2045977
1571455
539249
2045928
1805934
486598
267193
99437
3028
2045910
1703435
1896514
1418961
1874249
1831849
4538
738881
782410
2046069
2045044
1983872
2046169
2046124
379833
1420102
2046336
265605
441
1964573
2046360
2046386
2046180
1738647
1001589
2046443
1889672
2046473
2046474
1498807
383576
57099
1875235
19450
1340257
2046503
678
1460226
2046437
1307333
933413
1521536
717170
2046541
562006
3777
609830
2046493
114106
1837
2046510
1273785
215162
2045863
1390160
1070538
2046646
2046687
404310
2046708
2046464
1866269
2046738
1911683
450869
587337
1585772
2046748
2046695
1581773
219610
14474
2046643
2046762
1714541
1552992
1796063
2040149
1992022
2046772
612416
2046855
1280251
2046862
1424469
1617052
1210190
987830
435797
2046908
2046918
637669
1264798
6257
829143
433490
37968
1893148
2046950
1403914
88864
2025201
120789
1128063
3417
2047006
2046979
2036532
1751527
2920
1315271
2046941
1489139
384623
2047079
2046937
77630
395871
1202574
1970388
2811
298217
2047148
585431
2047191
1700861
2020948
1310400
1945607
425666
422457
13115
2047215
1310522
1806070
6323
2047316
2046290
2016268
2047372
2047304
155516
1613830
173198
74892
1554462
2039639
1728272
1913478
2047399
915272
2047334
1622343
227534
2018872
1149092
2047493
1282488
675856
2047448
79657
2047597
1116346
1003857
1998786
2047640
1966
451063
416248
2047471
27532
2047592
288239
2023838
249650
2047727
1700394
2047614
1812803
532337
1931198
825106
2047754
1866044
2047828
1933207
2047830
2047695
1459365
2047868
1404012
2046970
714164
671482
2047848
2047928
277668
2047925
312147
34596
653592
911443
2870
2046986
1902331
2047995
1415801
233278
2048048
1930335
2005776
1144037
1846842
824629
217602
624730
682894
2048121
258538
2012073
912765
2048124
2046947
1402794
1557001
1953574
2048223
1581274
2048239
528479
1441000
338660
2048244
413478
398540
1310409
731370
1348383
2048293
1652862
2048273
67367
2048430
110900
1663139
1991122
2048467
2048480
901706
1866691
2048502
113589
2048532
352946
1896482
2048508
2048567
1455627
2048579
2037811
2048537
1701610
694899
1800337
2048578
2048575
685250
320370
1904864
2035824
2048686
537500
2048479
1474986
1354161
1756022
1046129
2048669
308145
2003587
2048806
2048792
2048701
2048805
801054
2048788
259516
1341450
1557331
1346864
1115650
1170407
1432712
1451579
306874
2048922
2048950
4972
1300249
298206
1983990
2048924
1862798
1395677
1927343
2048976
1642198
2049014
1975519
1294287
456600
2049085
1728296
159893
1794300
2049065
2049132
2049101
2048724
1873814
1492891
2049242
1441028
2049285
172665
2049277
831441
1927655
1978630
919491
2049341
2041853
2032695
1608748
927256
2049418
1847623
2049061
454847
522840
2049445
1701680
393
329589
1837
1554268
8015
1237253
1326591
1577325
2049158
1434099
4597
519392
2049585
1535032
1613857
2049493
2049640
2049682
2049632
106628
1471401
613075
1817220
239416
2049790
2049746
484497
1511675
1209696
2049777
2043454
91560
205
2049851
1877119
2049893
288765
268986
166045
510463
2049905
990901
204667
2050029
144362
1920223
2050083
2050085
4936
1536126
427381
1555909
2001795
1835087
1949277
1328820
1291634
1952261
219087
24745
1516075
2050134
1754072
2050225
178903
358086
116861
529356
744163
72327
1212
1757228
1292832
1052313
18649
2050339
2050249
1695760
6113
2050372
2050386
916658
1979284
1293614
2050379
1774
2050413
836419
2048262
336708
1266066
3513
2049964
2050477
1304779
654938
1389563
1614569
322529
1955301
1330871
666190
2050567
1985845
1238321
1404316
1956512
1280239
690
571420
2050661
2050668
28769
2050684
2050758
1486346
1880638
734017
1606500
941139
1269047
1557323
1558226
2050836
1491345
999733
2050873
623417
2050894
115648
2050916
2050900
953774
1080205
2050956
1576145
2050986
152927
345578
2051017
1764545
1625650
1887783
329042
2000249
837712
1936683
2051072
2051087
2051090
2051131
2051154
911329
2051155
339131
2051164
2051169
1385505
1526119
1815370
963238
2050933
2051197
2051238
1305503
1948734
2006196
896838
664582
83816
1935395
1285233
354174
306352
1699316
1410389
1390029
2051259
1560067
27239
2051540
1935226
2051564
2051559
2041909
2051600
2051618
2036782
127279
2051706
2051693
1407896
624497
1940769
2011411
2051808
5699
723728
2051813
2051846
2051807
2051866
716991
258521
225268
1361592
664205
2052051
2052027
476689
3003
2052041
2052104
1945538
1533318
1402515
2052194
1385250
1960423
491297
482378
1845355
1293346
2052252
23088
2052285
629947
1387229
77505
2052184
2052367
1953470
2052392
2052308
1277732
2052419
39559
2012782
614596
2052429
2052463
1702280
2052277
2052506
1294208
1735061
1954444
79499
2052451
2052480
2052693
1349149
1053338
2052725
802
2052778
2004143
2052792
1942332
1977927
1934951
426527
741310
1273271
1604623
1501520
2052986
495048
453987
4042
2053065
2053100
488228
146802
782463
1792653
2053114
342
2053194
2708
2053244
1768647
1419060
2052837
2017842
9464
1732953
2052979
1937868
1377204
1840152
2053277
2053316
939617
2053358
2053410
908513
2053409
2053425
151265
2053473
425707
1466946
2053453
2053251
441
1562434
10750
143024
2053528
1059847
1340247
2053532
1140879
381752
2053662
1805066
1504567
1174377
1539933
1958891
1746781
1953755
772124
2034127
856952
1700671
1926737
2054029
2054024
1304397
9905
1785626
1813383
2054094
2054180
1554108
653793
2054051
2054198
396961
1810102
71326
203300
1569
1509608
271007
2054336
1984934
2054334
1749367
141488
642060
2054311
2708
366547
1132876
361757
1960053
2054154
2054437
51756
2054445
1306714
2054452
2054471
1526317
2054286
2054228
1956122
1672027
710480
2054629
1146016
2054733
2054668
2054710
423199
1013
2054772
2054807
2054843
2054852
236140
2054828
1387482
320563
1969560
1506828
2054956
1502235
443885
2054434
1767379
788975
1397096
132904
2055098
170674
2055006
378048
1058960
1941541
1212834
2048174
970834
2055319
2055388
1837997
2055434
2055407
2024795
1473004
527075
666444
2055369
79872
728389
1913124
340094
1957782
2036198
737956
2055647
2052521
465
1895576
331
1575448
2055688
2055738
1322817
1566242
1526049
2055844
1960534
749459
143693
429383
2055987
427913
2056039
1817081
1877695
2056061
1216267
465116
2056127
1514897
2056160
2056172
1774
1736789
1996205
613101
2056214
1737095
302156
2056275
1443228
1279180
440489
236332
2056273
1837276
812882
925384
162478
25522
2056470
2056502
1478790
2056540
5635
1292334
2056590
2055717
1604965
1402860
1956022
450436
1390764
2056782
2056793
1923778
2056824
2056885
2056857
2056733
2056816
2056745
605878
581666
280780
456750
814327
2772
767869
1485551
229656
225886
1428831
500255
2057046
2057091
1772135
1994792
2056806
1636354
2057143
1359039
224117
2057125
483262
2057131
4719
29487
1711542
2057213
265143
1245732
1956216
2049764
483104
8701
1833534
2057258
3038
1320157
1779931
2057317
25569
1728726
2057340
2057486
2057112
567210
2057507
1383905
2019570
1529296
2057577
2057491
1959825
355313
659609
2057298
600439
479974
2057705
1119146
722138
2057699
1327376
1213147
2057758
2057753
10935
1622645
46516
1799027
100080
1941011
733745
526048
1177559
2057870
2057848
1545173
173484
2057965
2057989
2057937
1404499
8852
1489133
1302018
135667
580671
1272515
1381698
989661
14832
1112508
1751113
16286
317204
1335216
722641
2055374
1893379
2058348
1142921
2058350
2058428
349796
1571083
1177880
1637593
2058478
527303
1510922
646647
2058619
2053648
2038529
331724
1432896
490340
1997005
1988115
1751183
2058768
1282986
578862
1413374
2057967
472449
1623896
1111944
1539247
10497
2058684
173484
1382325
2058910
2058934
1726289
422660
67775
3302
2059036
2059008
1413899
715450
1620256
267626
2059027
177141
2059003
2055978
802
1242383
486447
1122400
1441904
1616019
81491
2059071
605491
2059185
3817
2059083
2055411
550352
1418724
2031865
2059251
1923082
2059293
526112
456067
839135
2059438
1136088
2059448
2049504
2059473
2059506
1670902
1060990
2058643
1519585
46152
2056809
1676934
3721
2059180
2059752
2059739
1778263
2059787
2708
488802
151215
991327
1787784
2059764
1124868
2059823
1460740
448790
1942357
514941
1800336
90833
929717
203139
131904
2059982
2549
2060007
867219
1311830
1907635
2060108
2003059
620049
1548525
2060234
1598681
2060126
993448
1654730
2057162
2060336
2060337
1058784
51599
1961149
1832440
2060360
2549
1367907
2060431
854818
62799
1027662
543999
1288266
515238
2061
1418730
1837
2060492
1777895
2060539
1645919
669771
2059879
382515
36638
111858
1212876
2060611
2060484
471570
1817848
2047623
1306006
665421
1471841
2060738
2060778
1731766
2318
960479
2058194
2060896
1213382
1942818
2010817
2060944
2060953
2060978
585736
920709
2060973
2061035
908374
2061059
352720
1417386
2060907
703668
1291640
697728
1235543
1441780
1922260
1571372
1964902
2061239
2033295
1419403
1984429
2061347
707867
288608
1285114
2061069
952
253
2061361
2061425
933768
666280
2053145
178979
1390563
729786
2061622
1752023
372989
1300160
1254983
2061713
538937
648222
1923126
620479
1995258
2043824
1259968
2061814
1825126
1735248
2061841
2870
1641325
301282
2061280
2061843
1931229
2061900
2061923
314014
2061946
503629
3882
1463577
388274
1304244
795381
1489477
1858122
686454
272242
80174
472818
1761532
2686
1902335
1107117
1660757
451
2061811
618137
959179
2062239
2062226
632044
1930702
757106
720452
2062346
688595
2062342
2708
1852768
394627
2013353
2062424
1464347
369455
2062471
342
676967
2062512
7657
929801
1355092
1448225
2062531
761868
1621089
1400844
12840
1600318
1331409
2062453
630196
489016
2062840
2062886
2062920
2062836
2062938
1604562
2062972
432
2062795
213352
2030241
620647
1112478
1751
2063138
362481
630409
1278333
1131084
756931
1358
932581
2063223
2063237
667651
2063210
637686
1650768
2063299
1360988
1352868
440144
2063421
1648925
2063568
207133
89807
1718777
1907514
1368314
1311058
2063637
1079097
1315756
862750
2001802
1340926
2063657
1936765
1226362
1607052
689859
1925454
891179
1572544
30691
5154
1593334
408343
467505
1988707
2063876
17951
1673861
2063697
635669
1279668
2063941
1388676
2063994
2063644
61409
270124
2043636
1860980
1777822
2643
2064226
2811
652444
1276013
3513
2647
1511600
814310
1556864
638951
2064249
1409408
2064406
1134068
2064318
495865
1975829
2064409
2064410
1342965
3244
508080
558686
1935603
2064536
205
2064710
2064720
1563502
1453137
2064767
2064809
1918601
1721915
2064855
2064902
2064847
2064894
1923967
1807349
1256258
790803
2064888
2064970
2065017
1617908
2063163
381949
1303714
2065110
1752395
1820
1430637
2065189
1431284
1089527
2870
69691
1490659
2065239
1347850
1003821
1286964
801367
233768
472194
1389877
2065412
2065425
2065379
2065459
2065471
191674
1888722
2065519
2065576
316383
2065589
2065527
293048
1556366
1255346
1149748
2065249
1315402
1402459
289504
2065021
2065455
185477
1272723
2065807
2045554
2065779
1877960
2065636
2064944
1625221
802
1455871
2065925
1226219
6467
2065924
671601
709
409536
382302
2065975
1570344
2066001
474562
2065938
553212
1911299
740627
2066078
2066168
1398580
653091
2034498
1615662
24975
1462940
2066294
2062857
346180
2050402
2015355
2008980
1276633
2066309
53326
1010226
721519
1579600
2066507
2066370
1869925
2066452
2871
2066463
1931530
85702
1173488
481140
2066549
2066146
354
2066687
2066729
1494389
2066750
754325
1975896
472818
10261
2066752
1401203
1618645
1325495
244974
2066822
2066431
433050
1234660
1342600
2066900
2040339
52582
1576578
49883
2066995
2067057
1388953
2066972
2067050
2067061
62747
56947
1526808
508305
1833847
205
632513
225346
2067215
296993
2067244
1625109
2067299
2067304
2067337
132839
556925
1550308
2067401
2067394
1484922
1166297
2004365
2067333
1760927
139703
2066983
2067430
1306997
2067045
13370
2067481
746223
1523665
2067619
2067594
2067668
1917264
713564
2067713
18599
842990
1291706
1358622
1465120
370156
2067775
2067829
2067805
1134475
524964
2067718
2067847
266862
1469853
1889664
2067906
707314
1134475
248108
475416
1629460
2026811
2067987
9930
2067850
465
1527143
274577
1167105
2039047
338104
2068160
2068123
1902210
663037
770
2068204
516949
2068213
2068249
2068232
2068247
2068243
736876
809301
1595552
1067842
1934303
2063897
2068391
283728
1794700
1002751
64293
263812
1519965
2061
2068548
2068489
630452
2068575
1756199
2068547
2068579
5504
1640874
1162
1436629
5268
448
1973637
1751202
171576
1469327
475233
1090210
232393
2068766
2068842
1113549
2068717
2068820
550280
1696865
1504126
1247825
2068983
347617
2047214
2305
243880
1034840
2069027
2069043
1423919
80672
158066
2069046
2069192
2069214
1773129
690
2069195
392568
1672858
794289
1028482
2069317
1642550
2069329
2069338
952
335141
47159
1889589
2066094
2049356
2069459
2069453
2006935
2069498
7432
2069475
1183325
1289711
5790
1365203
2069612
1282108
2069727
2069774
1473397
1324079
317486
1698635
2069844
2069671
2069852
2069856
2069825
2069933
136762
23899
420912
1644747
9287
229391
2070083
2070077
2070106
7741
2070121
3621
1345415
2070164
2070184
7049
2070182
2070232
1886222
2070258
17068
770
567502
467262
23284
1588244
1532906
1072565
2050172
938487
397291
111292
1961822
2070379
1420300
393625
654881
2069280
2070526
60816
1236
1736930
2070557
277917
1397685
2070584
2006825
1260485
909069
1148587
1695373
906917
2070611
2070651
717
2050402
1828541
2016579
2070686
633856
729648
2070716
2070729
676620
1420718
1672737
815005
1569919
2051993
1606354
2070543
699658
2070865
1454154
2070883
296302
511309
1982
9982
1485959
2071013
13991
331
1444254
2071059
1393243
1394020
2071101
1772008
2071093
1402701
2071165
441
1719692
521596
2071204
2071256
2071242
2071275
1975882
752690
2071249
2071341
1702328
1818428
1213079
2071407
2071467
2052664
1641583
2071490
2071564
896604
1604198
1575707
1802895
1612628
1463286
10811
1784081
315326
2071661
388032
1884430
1036470
945579
492319
13854
2071751
346351
23553
2052620
2071854
1424677
2071892
530199
100524
2178
1122596
2071953
1938404
2072001
1319636
1938341
2072081
1598286
120928
2072096
2072129
1508720
1091288
1846914
1652367
1812154
1948240
1564189
87924
685795
1156941
11187
1556506
2072382
77264
11710
1467175
2072454
1204463
2072508
2072169
2057257
624418
1355951
2072608
1331146
1708020
1733816
1120027
2072540
2072601
2003552
766290
1635590
2072651
2072639
2072677
319254
560599
2072791
232166
1328483
95706
1708405
2072907
740203
399941
1573073
1508292
441
2073055
542911
2073067
1813800
2073131
2073213
1060580
1458208
557651
2073212
1929818
1508597
663
18253
1176420
2073350
971050
1992784
2073360
1774
925358
540431
333708
2007401
1888450
1961428
2073438
494920
1295475
953757
2073575
4538
2073240
2073573
2073553
1506446
957732
2073645
2073697
1273356
2073664
1236
2073804
1418597
1264676
1366291
32724
1945111
174507
720479
1794849
255186
1881762
2073782
1350456
2017434
101390
2073978
2074059
2059258
2074107
1023960
479490
1376524
1328688
562911
2074137
1994714
885351
1284098
460832
98424
1372642
2074315
2074317
1195509
2074368
1508506
2074357
2074379
838234
13497
39543
2074488
63601
400882
1590791
2074409
912801
1479528
2074668
77768
228555
1973394
2074867
2074969
2074980
2074978
383914
1884971
8401
1250343
849599
2075115
1049037
2075122
1268524
758375
2327
1846569
695118
231207
682181
1934386
725072
2075154
1802040
580094
2075463
2075433
44829
36101
3038
1745726
2020387
2075574
1813422
1389292
1364716
2073544
1371840
2075678
416885
1284035
2075743
2075858
539905
719752
2038317
492288
333310
2075963
1511337
2075968
2039299
1472258
1959918
1887045
1808595
2031946
2075979
1049203
2076145
1461907
1281425
1236789
2076124
272182
869830
4702
2076279
1347980
2076351
372350
50155
2076491
858620
1714924
205
434296
1651599
1255613
603525
19054
2022288
2076650
2076668
1332696
441614
2017081
2076689
971757
2075888
1622433
863893
2076780
1332649
1935814
1022342
2071964
2871
2076915
2076965
4902
2077030
2076964
2077073
793754
1765179
1147773
1766631
1811663
2077158
349362
2077140
2077191
641342
2077078
418350
845504
185261
368073
1979560
1288415
2077360
2077160
514941
2077329
2077380
1419182
2076592
2077356
325336
2077469
2077420
1770948
2077541
1960523
2077565
1773400
526926
2077498
2076270
24272
454941
2077690
1493725
2077740
4039
1321684
1415630
2077689
22714
2077773
2077837
2077857
2077840
1940019
2077886
2077904
1740954
2077940
1328546
1877629
2077978
1378887
2077907
173206
441
1470364
1749084
2078064
2078049
1916569
1303844
1614803
1349504
1531245
2078146
1302457
2078171
500792
24072
369413
2078237
99089
1581266
39743
1216173
2258
952
2075730
2078395
1991578
2078392
753806
1086152
1053972
973185
416911
2078481
1268763
693451
2078545
10640
391463
2074878
2078538
751473
2078579
2078593
2052524
2078559
1566612
2078669
1638254
36843
697740
1327104
2078767
1375
2078685
2078825
2078666
394542
2078917
1489775
2049699
2078940
2078960
77507
2079002
2078802
1155903
2079034
2079049
5554
2079089
2079116
511345
1283778
595121
2079099
2079162
773569
2079178
344149
2079194
2012948
1105191
1700352
2079233
1994750
1953958
465823
598404
2079209
2010983
1271029
2079215
1991439
723425
5585
2079393
1345991
1428631
2549
1601756
2079461
57367
2079482
30750
416866
2079521
100101
2079541
2008455
2945
2079585
19291
1770800
2318
2079721
2079726
2079733
1995285
8919
1641630
1944124
2075301
2079790
1902687
2079645
2079847
1956463
670007
1523411
2079882
53024
2079891
2079976
6051
2079983
1186850
2080017
733232
1894818
2079729
2080057
2080087
2080055
2052931
2080098
2080103
158267
4972
616061
1880566
1463083
5154
2080251
2080210
27120
2080329
591018
280875
2080339
1516582
1435683
2080348
1597815
1283041
1383969
1882783
797752
2080414
19539
1574297
1967799
4647
621867
865709
2080554
433
2080493
2080580
25874
666974
1351284
61137
702684
2080599
2565
1215002
2080711
1431241
528029
2080787
2080800
2080802
14983
1667510
2080844
786096
354004
1141254
1318364
1588143
956450
2080733
1545299
598352
2080956
1452599
1457068
1215840
101909
2080988
1245330
2081012
2081023
2081040
5902
322233
2081069
1108655
18732
5245
398773
2080890
867131
2081128
2080203
1357891
2081113
1934520
1933856
964039
2081234
1099676
2081252
1871346
1452619
2081364
2081388
1050448
2047498
640541
719143
8547
1959073
2081496
