1479278
1354161
1417620
1290617
266367
1442220
1774868
2009990
1062174
5279
1672737
2010309
1643749
463029
1872509
1956973
1293299
2012136
1333972
1934798
2007133
109929
1620420
702130
269463
91203
2686
911329
345976
176847
221140
1291413
477233
2870
1614063
1005534
2018227
147622
334507
2258
775681
300284
1762812
2023711
1337538
2004487
4597
9472
2024363
191674
115379
1736598
1932244
1329936
2025167
1126600
2004411
1977022
1236
2026165
1234389
2003695
2026633
2026769
732468
2027003
2027032
1607318
1562977
53431
1295506
2028365
334876
2029126
1613292
2029752
9778
905366
1973178
2030467
3028
34054
2031008
2031138
2031310
1412842
1704904
638361
2032151
752632
1522599
2033284
1648256
405798
1691787
967712
710440
2034242
2034319
30050
373418
2035234
17777
710031
2035693
47929
1046055
2036367
1741136
2036594
1963902
855076
6257
2037224
1459333
2037570
2038192
1115853
1291237
1623381
1584498
1166792
1999438
2039493
2039567
2040136
1507655
489047
2040562
216887
1005136
2041000
1339769
2041151
2041379
1256187
1456869
1162719
2042097
1730239
373760
3797
2042592
1332641
2038317
2871
2044618
2044764
437358
432
1509920
2045011
946826
2045184
1245127
1145292
760667
727457
1878160
2045257
745251
266981
287665
2045270
1224268
1844218
1440456
2045386
1405475
2045380
2045326
6384
2045395
1296733
2045345
98506
2045461
1207242
2045420
2044817
1668654
2045422
2036075
1944266
2045465
2045540
13497
228269
347140
2045353
1328676
2044853
416762
330618
258952
2045633
1772644
1924748
2009376
1175
470735
81867
2045596
2045651
87781
2045614
1368569
952
883983
2042826
1792850
2258
1489082
2042985
1424052
656261
2045744
1434864
2044844
1588217
2045733
402
2045872
2043510
1405551
377246
1536225
637098
1825420
1485149
645346
393
492405
1268237
2045995
454788
3621
1442914
281645
2045928
2258
1424392
1629
2039443
52363
2046087
267193
69532
4538
1896514
894587
1910684
2046121
2549
2046107
402
2045707
1418961
30368
1874249
2046169
1985510
751245
2046141
2046069
1378145
2046233
1125658
39127
562006
2046255
2046271
1997818
522862
2046298
5699
952
2045065
1980977
2046094
376470
1867721
1572062
2046312
2045802
1932988
1498807
2705
1964573
1746532
2046360
407436
238413
1738647
2046456
1001589
572398
1399823
1966
1404012
1480878
2046435
539249
383576
1381445
594395
678
2046514
710751
1552025
933413
2046550
1340257
3777
1307333
2041063
2046541
717170
1486
13370
2046634
1092166
144027
1424469
948145
2046645
770
2023811
4657
114106
2046676
2045863
1273785
2035893
1735845
404310
1864604
1451155
1390160
215162
465
2046670
2046464
1409102
1363218
1581773
2046738
717
2046694
676162
1585772
587337
2005078
527223
6034
2046762
668907
2046708
2046798
18588
1941401
2046816
2046838
1620256
154206
1879260
1552992
2046855
1280251
1267776
387877
209016
2046881
136906
987830
507542
1622170
265608
829143
1617052
1350075
2046908
2046918
2046928
1367639
69689
455439
1236
1988421
2046934
2046937
1840374
1265489
1038
1893148
1447356
658702
1403914
1642188
470506
2046996
1735406
435808
2025201
635887
123126
637669
973648
2047013
2047006
11276
1909424
2047039
2920
1315271
2047045
809349
263698
115602
2047072
2046322
245263
1310870
384623
2047079
1692706
2047150
2047148
745618
3074
102
1740270
2044842
2047118
2046717
5661
6400
2046947
227882
585431
113506
622411
566806
2047221
2047191
1310400
918
262845
1734661
425666
5773
1945607
3513
2047261
2047269
2047260
194609
2020948
2047302
947366
422457
1257042
1310522
2047308
2047288
2047341
2047284
1176694
1613830
155516
2047304
1043133
2047416
2047366
74892
1951095
1591709
2047427
6038
1554462
1983493
1949111
1913478
1329630
958536
2047399
1622343
756857
5585
1716080
930292
1877676
1344176
2047472
1468456
1937423
2047448
2047488
1149092
2047493
1282488
2047548
2047557
2047574
625800
1558844
619514
57273
481474
624730
403876
1058452
1355980
2047533
1387663
1000577
2047638
1043498
1966
1005589
2047525
1436509
2047531
6430
2047540
1404168
2047660
385320
1485645
422557
227657
288239
1582278
451063
952
2047708
1522100
249650
27532
1931198
1547971
766373
1165058
825106
671482
1465955
2047745
1515771
532337
1175387
124099
2047754
1866044
1641127
2047830
1459365
2047863
1772615
1543256
717
113436
2047860
2047868
2047879
2047818
1839742
7049
1864141
2047930
165747
409976
1927655
1746755
1481290
34596
2047592
2870
2048020
2048033
1902331
233278
2048048
2048059
79872
2048094
1170741
1953574
682894
2005776
2003219
539251
2048160
2047582
258538
1608247
56383
2048173
622481
1142710
1402794
712669
1385104
2048214
2048121
1977043
684369
1955875
2048189
2048223
1855755
1522138
709611
2048291
2048293
2048295
398540
1310409
1991122
2048334
1668867
2048164
134777
2048364
1652862
2048376
1348383
1604204
1414604
2048444
2048461
595051
1383415
2048467
2048474
1256054
2048480
2048486
2010131
2048375
1866691
258523
2048536
2048555
2048567
1643148
1896482
1521816
2048537
1455627
685250
694899
201131
1395087
56660
1001296
2048637
2048578
1653538
1800337
1437491
5
5773
2048665
320370
1599241
1881379
2048677
1904864
6823
537500
574812
2048654
1474986
2048580
1756022
1957151
2048669
622527
2003587
2036806
284628
2048756
2048791
2048806
1669302
259516
2048741
2008732
1346864
119027
2048892
723244
1107858
1170407
494931
832346
2048874
82861
1300249
4972
298206
588617
2048977
2048701
1395677
2042553
1927343
2048976
13232
465
2049005
2049008
2049020
2049014
2042812
1294287
962102
2049073
456600
2049103
275216
1873814
1757248
1015423
1794300
1593110
2049140
578003
2549
1379471
2049215
2049217
1577910
491083
1602649
2049243
1735040
1847253
133313
2049261
2049263
517520
2049275
1510261
2043158
1199398
2049293
2049282
2049285
438004
1573677
1978630
919491
1352697
406017
2049310
2032695
57803
2048871
1608748
1520599
2049397
1498353
2049414
2049418
277
2049400
1498613
792797
319014
2049460
1458315
2049439
434049
522840
2049490
743771
217405
1016390
393
2049524
2318
927256
1837
1577325
329589
2049430
2049566
277
811125
1620573
2049632
1331854
155752
13275
1535032
433
14832
1471401
2049723
2049727
239416
1424969
1299485
1264704
484497
1209696
1004663
520788
2043454
113003
205
523520
17440
1675259
2049924
1260041
2049943
288765
442524
1275365
2049953
166045
1439767
1606379
510463
29740
2050024
2050025
204667
2050037
1380453
2050026
5
1460784
1291852
2050058
1642443
2049840
144362
923041
2050085
1279781
1587131
21348
728675
1536126
1542639
1555909
2050145
1949277
24745
2050146
1328820
1961512
1291634
2050170
2050185
2050179
2061
14017
2050196
1608639
1754072
2050233
358086
529356
2050261
2050262
72327
2050266
1960603
1786322
2050283
2050286
1292832
2050297
863726
2050291
1922747
1774
18649
1757
792394
1342531
1970651
2050331
2050334
4972
292639
6113
1979284
2050372
1695760
935636
2050416
301013
1587077
1569
2050384
2048262
34572
3513
1537336
2050381
2050477
33469
990428
1305284
654938
1395489
1389563
1323460
791366
425458
2050537
1395500
1148041
1467915
3
1330871
666190
565628
120670
1396796
342
1404316
1294243
2050602
1956512
73378
948228
2050625
1655478
2050624
200890
2050620
2050661
1499359
2050693
13106
154467
8547
28769
2050731
2050729
1257344
2050684
1365052
2050737
48628
1884974
2050760
770
2050758
1927463
1486346
1876468
2050774
18736
1880638
2050771
734017
1606500
2050793
942
83026
156197
1557323
2050830
943339
2050810
1558226
464222
2050832
2041878
1459674
1580657
1893967
1141656
2050875
999733
2050880
1220095
2050899
2050905
1887853
2050923
479658
1080205
1282896
71119
2050956
2050966
2050969
1576145
1625650
2050986
432
1583758
2051006
2050989
687537
1417386
2000249
1936683
1523848
1254918
2178
2051090
2051101
2051100
1559124
913452
1132172
1360270
2051099
1442144
1718435
1385505
1941011
2051131
1620392
1815370
1598328
2051203
802
1335721
1346914
168943
2050933
2051238
1520493
2051257
1305503
2051260
2051259
1402966
1610068
121161
2006196
1935395
525592
2051293
1427958
2051310
671494
1398055
1058357
1303407
2023722
2051301
2051387
978716
2051397
306352
497269
2051411
2051414
1699316
1410389
1560067
206397
53930
222688
2051487
1030066
1519086
2051523
402
2051542
1290290
2041909
2051559
1460759
13834
2051595
1283783
2051584
2051616
2051623
1665363
98354
1578740
98354
1320770
1748259
458480
2051701
2051693
1020271
2051706
329590
2051699
2051744
1935473
1748960
629466
174141
1407896
1932465
2051311
1940769
4493
2051806
2051808
323874
2051750
2051870
2051805
2051813
2051864
1978331
2009518
716991
2051974
1504638
2051969
1618398
2052028
1175
1361592
664205
1903221
2052027
476689
3003
2052041
1402942
2052119
4039
1504374
1373098
1595531
2052136
2708
1402515
2052241
1421903
1293346
2052270
2052170
120339
2052306
1387229
85124
441
2052184
14164
2052350
2052329
1351287
516975
78979
2052442
2052251
2012782
2052461
1953470
2052465
467907
1175480
1322567
2052277
951564
1735061
996287
933502
1939134
1333018
1707123
2052596
1521342
547346
2052599
1274573
2052626
2052682
2052649
1810618
2052693
2052680
1349149
150618
2052764
207167
2041764
333892
2052725
1291131
1567585
2052815
1292037
2052800
1519957
520008
9634
9472
1867
2052923
1290038
1638075
1934951
2042771
2052849
953625
1453160
2053001
2052967
1936761
740043
2053051
1604623
1273271
4042
1939986
106003
1634297
1446034
2053138
2378
1647127
2053114
1474857
2053147
342
2053194
225196
1768647
1419060
9464
1732953
2052837
1159449
1937868
1840152
2053277
1891511
2052979
1722498
49200
2053362
1928161
469887
426527
369798
1463538
1435659
2053468
425707
2053489
2053387
441
2053515
2053548
10750
1293603
376058
2053582
152408
2053609
132368
1440251
1851131
2053532
307710
1140879
2053597
1744399
1161382
100798
323712
1805066
711794
1636631
1504567
1420237
642241
317348
1559674
18635
1405422
9790
1746781
2053489
1338140
2053853
2053867
2053842
796859
2053884
402
1323834
1966630
772124
1700671
1733061
2053892
2549
785395
481665
856952
225307
2040026
194239
1798425
537685
495252
1422775
1563363
9905
1304397
126240
1785626
1330770
1370068
989354
2054029
2054024
809883
1955311
2054178
4706
192727
2054185
1301842
2054198
737766
1810102
335047
71326
203300
2054292
677227
2054111
92440
2054331
984392
2054273
1474241
1364706
2054385
141488
624384
426120
2708
361757
2570
2054465
1578396
2054452
2054471
2054529
1509344
2054492
2054537
1339839
2054228
2054576
2054634
1002862
2054675
1751320
1422783
710480
2029913
6919
2054708
1146016
423199
1013
2054772
1944145
2054696
2054802
2054814
2054823
2054807
2054862
77009
236140
1410431
2054959
888129
1415142
1940
295035
1969560
2265
2055008
716633
1204863
1397096
1327569
6137
2054440
2019623
1906
2055006
170674
132904
2055219
1014440
2055213
1053430
1569034
2055205
36643
2055286
342764
111119
857251
1311360
1497719
713701
11710
1581478
740274
14452
1298639
2055415
834967
484202
2055407
2055244
145363
2055467
2050977
749277
43146
1276578
2055369
728389
528454
1455405
308290
2055536
1519177
1913124
2055629
465
331
1350605
838985
40318
1711363
2055717
1687399
377667
1443790
2055714
2055615
1625569
886488
1322817
948048
1670098
1566242
2055798
7362
1001616
2055970
429383
1650767
750841
716584
1687021
2055897
1013924
2056030
409497
2056021
2056039
1877695
2056061
1875277
1308888
3
1608156
2056184
2056172
1560085
613101
3821
377569
213341
925384
2056332
2056363
302321
1594402
1837276
2056416
270051
215630
2056470
1167818
2010807
2056511
339874
1478790
2056581
737295
5635
312294
2056590
2549
2708
1466468
1402860
1774
1292334
533200
527209
2056625
2056728
2032800
1485551
211562
450436
2056812
2020834
2032005
2056824
1936423
2056862
1315
1989955
2056733
605878
280780
2039665
456750
489909
731273
2015447
2033464
255572
2056785
166143
1065225
1428831
2057046
2049710
2057091
1295155
1772135
2057124
2057143
2025759
448432
2057162
2021237
1430953
4719
265143
29487
2710
1508376
853536
483104
3038
4972
2057373
1322177
466705
1779931
25569
1732248
2057493
2057491
2687
2057112
1202962
1383905
1529296
2019570
2057549
1306136
1959825
1893864
659609
1958250
722138
2057298
2034380
1006038
2057646
2057663
275915
1067052
2057662
154763
2057758
1213147
526048
1314915
2057753
1675778
2057848
1432971
1119146
1799027
100080
19659
2057825
3028
566659
81279
2057882
1545173
1462042
637442
1767931
2057937
177253
1987952
1404499
1277490
226757
1309219
1597713
1430280
15433
722903
1236186
580671
1272515
2058196
1401078
14832
2058207
2058267
1751113
2058323
979240
86224
2058297
30381
1820766
2055374
927904
1270631
2054145
2058428
785455
493290
1346055
1021211
1571083
1309002
1955476
120892
527303
1640623
1323605
1933903
1987280
2058577
75040
1510922
1590618
2058550
1237052
465
646647
1432896
2058683
13232
490340
1751183
1124144
1411225
1567229
2038966
1702735
1333765
2058783
1555713
2057967
4323
1623896
1311426
2058278
2024395
2058835
1556473
1565905
2058885
1539247
1530879
1363151
173484
1990357
190833
2022681
4311
3302
2059001
2058778
67775
715450
2059027
1750128
2055978
486447
802
1058886
1616019
1441904
184906
81491
2059194
1989843
2059254
1611732
2059255
1733
550352
1202900
2059302
1418724
1736038
2059333
2059251
50031
2059244
188351
2059293
1481901
1513099
2030708
161508
1895645
179294
6823
2059463
2059506
2059519
1060990
1122400
2059557
1519585
264739
2059520
2059584
46152
366210
1993538
1670902
3014
338104
2059658
2059622
2031894
915509
2019179
1607869
2039992
2059737
1343445
1377360
896032
151215
1821138
1750233
1565365
740831
261425
1709949
2059739
629801
2059823
2059867
142451
1672
2059898
1429676
1472550
514941
4936
2059901
1637241
2059870
1553415
1347907
2059959
1403664
203139
1754849
2059982
131904
2017155
867219
2060007
1905955
2060108
2003059
2060140
1594064
478480
2060148
1878204
529297
726182
2060213
2060240
1598681
1654730
150514
1145763
1554691
51599
2060359
1058784
2060299
1658283
2060167
2018998
106541
1367907
2061
1720181
1763806
62799
2060431
1426893
1416863
1288266
2060478
2060447
1423158
3483
621959
232907
1418730
1837
1777895
123994
2060535
2060492
628460
1523000
2060627
1897995
2060582
2060638
2060664
36638
6823
2060704
203328
1717405
2060724
1471841
1064938
1306006
2060753
2060776
1731766
1317499
2060738
2060793
1565256
1575055
651569
1291899
333192
2060802
2060778
2060881
2058194
1213382
1049603
1942818
1271017
2060939
2060735
28870
2060633
2061006
2061003
585736
277
1622858
2060973
289467
692274
2061035
2060979
703668
900886
352720
1295986
402356
2060764
574166
1352192
1814182
83816
240492
5902
1715363
2061205
993173
102970
1404470
1557232
628442
1964902
1323123
17961
1984429
2061069
952
2061350
2002356
630066
1072986
1708857
10640
1959012
2061422
1989853
1261056
1571633
2061425
4538
266596
2061497
1793031
2061547
55517
1673493
372989
1300160
1095492
538937
202463
620479
1878797
1966149
2061814
1825126
1855599
301282
53580
12811
94850
1577882
2061843
1342989
2061872
1975823
1461866
2061900
2937
300805
314014
503629
687035
3882
256484
2061975
1463577
211418
1415722
2062017
2061999
1304244
1489477
2062048
1869142
686454
30143
2062070
1046385
1265755
1321319
472818
80174
12946
2062140
1902335
1382865
1173086
1975651
831987
1144147
1459598
632044
1449480
1930702
2062273
757106
2003992
720452
2062150
1739191
2062346
2062371
2062342
2708
2062351
563520
2030342
394627
1352685
2062298
1621089
2062403
1777172
1566110
342
2062473
2062380
1627158
369455
676967
1597206
1327053
461052
1413925
933200
1442378
1651735
48629
130393
2318
2062531
2062539
2900
1349438
2062443
2062449
2062603
492280
2062512
1400844
2062593
2035115
436990
12840
1945298
1803447
1600318
377382
1999817
1331409
1977459
1275871
589877
630196
1945076
456115
2062793
2062836
2062840
2061
1774774
1350938
2062886
1949089
2033422
2062893
480913
2062869
1494043
1443257
2062795
1751
2062998
2063007
2030241
1158746
2062906
620647
252062
1375028
684446
1672
714626
479170
2063181
1226362
57108
1278333
756931
1365271
1358
2063241
667651
932581
2063265
706229
664775
1444582
1539244
1650768
1977689
178518
1360988
31249
2062566
2063353
2063335
2063359
167220
2063354
2063390
2063406
1545034
605813
784555
1290258
313509
1360099
207133
1907514
2063597
1311058
2063573
2063637
1368314
1315756
439001
385626
1940495
1079097
2054805
739974
1340926
2063657
2026363
616276
689859
2063656
1749007
74259
1572544
589858
612041
979473
64658
2063793
2063821
2063765
5154
2063838
2063862
723331
408343
201642
929143
2063715
556684
2063280
2063863
1673861
374593
59188
1279668
1303411
2063830
1271624
2063941
1825412
234506
2063994
2063986
110638
2063976
1460876
2063961
2064034
2064076
61409
2063585
2064104
2064114
1312158
28560
1875599
2063998
247466
2063978
111367
1927455
1237127
1969132
1602467
151338
1854945
728741
895225
1592567
2049356
1022760
2643
3513
2064295
1398889
1344202
1939076
2064318
2647
1511600
784725
638951
485759
1801827
2064374
1568002
1134068
2064357
1707348
1815779
1409408
269522
1167389
2064406
2064403
2064408
2064409
1342965
683
2064441
1989727
508080
2064477
603099
1337710
1984920
1351474
558686
1428594
1935603
2011186
2064410
1011270
1935978
2064536
2064558
4099
2064344
1001346
1448518
618559
2064667
11540
2064693
1501725
2064764
1453137
1371918
1534572
2064767
2064425
1965843
2064797
10948
2064840
1370990
1563502
196552
1721915
732884
1374088
2178
6051
2064900
2064894
2064847
675167
2708
2064930
2064936
1389458
1357647
916083
693
986356
2065002
74880
2065017
2064970
2065024
1398885
1617908
2064962
2065097
2065105
2065087
2065075
416539
1391229
880772
1303714
118730
2065149
2065126
1430637
2065104
1820
1412601
7194
2870
1431284
2065178
69691
2065183
1440209
2065291
1286964
1940239
2065342
2065341
2065329
1530051
736553
465
1045167
1314710
451
2065438
1284978
2065414
433
376886
1992829
276978
2065471
1522660
1141190
271475
2023048
2065569
483715
1933921
2065576
2065502
293048
2065609
2065589
2065612
2065527
1412565
2065665
1767461
1556366
646970
2065624
1324654
1240587
2065592
1402459
1550894
2065385
2065636
2065712
1410229
1296950
1807301
2065762
2065593
1427246
2065760
1906527
441
1890266
126129
2065249
2045554
2065663
1877960
2065728
1844143
721566
8852
802
2065793
1724806
2065918
2065864
2065897
2065925
1226219
586913
1964304
1579094
1799238
1278654
1425532
1168558
2065975
474562
1649470
709
439240
952
1570344
689654
2066024
2066016
1136415
13879
2066001
2066094
2000155
1727618
2066054
2066103
740627
1087609
2066146
2066078
13572
517663
588609
2034498
2066188
2066260
2066181
2066235
489182
1517340
39244
1462940
1481054
346180
2066328
1455012
1892814
2065844
24975
2008980
2066341
957617
9357
2066425
1010226
1276633
2066309
1535912
1967341
1514648
2066463
590687
2066432
1994992
1465953
2066411
2066370
1435392
1995303
3071
1946428
1130431
686040
210379
1330128
2066605
2066549
1461116
2066608
71743
1364077
35565
2050379
2066732
2066740
2066745
2066757
2066746
2066743
1358040
472818
1618645
244974
960285
2066752
1622103
684242
1574713
1401203
13472
618650
1662712
1364638
1325495
2066844
2044453
2066836
1519303
433050
52582
1113599
1234660
2066919
2033800
2047264
2066334
1508415
2066900
2040339
4947
1543728
300095
13211
2066969
1502991
2066995
304856
49883
2067001
2067061
2067056
814689
1526808
279162
2066961
110136
508305
804954
205
1050603
2067171
2067129
1888230
2067193
1607373
1364531
2067090
2067119
838314
2067144
2067207
632513
1381057
2066834
2066936
1077986
1540330
609891
1350458
709371
3074
1625109
1781297
1641814
1052972
411102
1612300
517835
1455513
2066051
1202412
624499
556925
508777
1872601
2067045
179340
2067421
14350
2067394
2067371
2067401
2004365
2067439
184061
1120305
1760927
82246
1484922
2031725
2067333
2067480
2067457
1513716
1306997
2067511
493011
1488666
2067299
1535777
2067525
45609
2067483
1287848
2067486
13370
1353037
802
47398
2067547
746223
2067481
1410958
2067307
24748
741952
2067665
844675
1545130
2067685
606731
18599
842990
1291706
344149
2067223
2067760
268981
1919267
708484
501437
2067775
2067816
1958114
1339882
39244
1413084
524964
1549626
2067826
18860
5010
2067718
1469853
1633984
2067906
1134475
2067960
2067976
2067430
1220659
63118
1629460
707314
1878081
2067850
680803
57195
384825
1318321
1343926
1655838
2068073
2068101
355158
2039047
261554
1944967
2068160
2068176
448
105680
358667
2068171
2068163
71587
2708
425668
6257
1142491
2068232
297682
2068204
516949
2068179
1906705
354045
2068273
2068247
2068305
84997
1941604
1854142
927547
1353509
1067842
1282578
2068243
1934303
2065779
2068391
1794700
2068388
2068251
64293
1953581
1519965
2068504
1565957
701
1438108
445284
2068547
715047
2068596
668135
358750
116493
2066430
1390938
1618297
1918511
2068663
5268
668202
1963827
2068681
448
1973637
2643
809973
637071
2068742
993
1647977
638024
1629
551723
2068806
2046184
1753844
2068804
2068791
361666
1628902
2068796
232393
1294896
2068869
2041938
2068927
1696865
2068820
1413431
2068953
2068974
1182929
1504126
2056352
1247825
2069011
699338
204372
2047214
1579755
2150
342669
2069027
2069043
2035632
567989
3470
1997051
1631729
2069068
2069095
2069089
80672
674584
5796
2069087
2069157
2069046
7170
1528
1359231
1362956
9970
102419
45939
2069206
2060987
1418093
2069195
1672858
1641981
794289
1028482
2069287
2069289
1646989
3
1672
1251587
193776
1805436
1467163
952
299
2069383
1300879
1783012
2069400
1681896
597825
337475
1469275
1506997
2069276
2069464
789618
1598580
2006935
137059
2069536
166632
1492731
7432
1333576
1587104
1289711
5790
2069594
61260
1289733
1406653
2069612
2069626
2068068
2024224
1983081
2258
2069645
1365203
1282108
2069659
2069656
1578245
191511
434490
1798019
2006574
1212
2069740
109462
2069761
590978
1392710
2069671
14955
1751544
59453
1324079
1434774
2009261
100445
2069851
2066880
2069858
2069867
2069852
2069844
2047357
130872
2069692
819
2069933
2069934
2069825
136762
2069959
1133350
204258
1628467
420912
1443210
952
100348
2069991
1985030
2070005
1583818
1950961
1492393
2070046
9287
331600
2070066
229391
2070083
2070121
385111
446519
3621
1043924
2070129
1540292
2070147
2070144
2070133
188253
1299109
2070164
7049
2070192
706995
2070173
2070203
2150
2069988
2070226
291389
2070225
2070232
3797
1399934
1302936
2009334
2070256
2070258
17068
2070156
1888647
2070287
2070282
2070288
687939
250633
2069902
1532906
2070341
23284
1588244
1884654
53179
1745603
1140606
1653928
88665
165046
1033919
1072565
2006165
2070386
393
2070391
397291
938487
1133686
1617135
1331954
111292
206532
1961822
551841
1549152
2070379
2011096
2070460
1420300
420171
1453311
2070492
654881
2069280
2070526
60816
2070538
1480957
402
1396717
1236
2070549
1706849
2070562
277917
1397685
1596640
1662
2006825
1260485
804592
2070610
2070611
1148587
334140
675950
79029
2070651
2070652
2070658
1848776
1828541
1495692
2070668
2016579
2070677
1165006
1459229
508059
2070689
48876
633856
729648
1362662
221029
2070718
676620
1360295
1420718
1453816
2070753
2070761
2070758
1268261
1279726
2022374
2070782
2070787
2070803
1143879
22723
1713218
1569919
1295122
2070827
1259851
2070609
2070829
2070841
1606354
2070543
2070855
2051993
699658
1558516
1454154
1588673
1419472
2070826
2070883
296302
511309
2070934
2034442
283908
1620224
2070940
165294
2070942
2070982
2070992
192306
1328765
1485959
2071012
2011055
2071032
2071034
1444254
331
2071059
2071069
1996116
630712
61547
1394020
160687
854074
2071122
2071120
2071093
2071137
348909
1402701
277
8701
287501
33256
2013226
2056935
2071242
730982
2071256
2071261
2071204
2069915
2071276
704897
2071295
1975882
1336965
155898
1755311
1630067
2071400
2071395
175027
2071175
70309
562889
388539
1282444
1559997
2071517
2071526
1954117
1938386
87200
250962
2071053
1640007
1575707
2071605
1463286
104816
2708
487602
2071692
2378
1446948
2071678
666160
1937799
2071707
1321318
492319
1569
2071784
1762517
2071775
23553
101133
2071877
1424677
302053
2071909
1292716
1752221
100524
1315311
1212793
2178
2032961
2071954
2071962
2071953
449406
2052700
2023721
1938404
1374243
2072001
2072072
1938341
1319636
2072018
2072061
120928
15964
1652367
1512339
1315803
2072169
1166915
1812154
2072164
2072210
1948240
937129
297007
1564189
2015281
2072269
2072289
474431
1620579
1440097
1982
2072341
18635
11187
685795
1562441
2072382
2072410
77264
142684
2072453
11710
1467175
9361
1733816
2072554
221763
529583
2072574
1000792
1355951
1508421
1708020
1331146
1941064
1407783
2072605
1938220
2072540
2072601
2003552
2353
2072651
2072635
1569
2062256
1445277
2072751
560599
2072736
2072746
2072791
2072793
2020356
153144
1889594
673789
2065931
2072847
1328483
2072848
305591
2072737
1378887
2072888
2072898
463454
399941
18622
2072940
2072947
717
2072777
1573073
1508292
2073021
4311
441
702956
2073055
1318142
2072968
2073110
2073050
2073131
1457148
1813800
1492018
1060580
1953850
2073212
663
1982457
570120
2073274
1508597
2030735
2073294
1053986
2073271
18253
1306495
126441
1752700
2073348
24472
2073329
1904349
2073321
2073350
1992784
2073360
975801
1419290
74926
1341930
1444
2073432
2022494
1774
925358
764418
2073434
1329621
2007401
1060839
2073525
3297
2073540
1831
1720204
949583
1027514
2073521
775459
2073240
130336
953757
2073575
740091
4538
2073518
490162
2073614
2073553
957732
1640314
1276659
1506446
2393
2073697
996399
2073722
2073733
1382554
2073744
1749491
44810
1053732
1264676
2073815
1418597
1796570
2073918
1514842
2073804
1121058
2073782
2074007
1729819
2073992
38246
1946280
2073996
4538
2073988
2073161
1372200
2074060
2074043
2074059
2074082
2069351
98354
1968695
2049779
309049
2074109
1348375
1328688
8978
2074179
362242
1430301
1430111
2074191
1652783
35956
738138
1284098
1372642
1320065
2074258
2074157
1628394
1406216
552408
2073909
2074288
2074249
388020
1537233
2074322
2074385
2074305
1508506
2074402
2074396
2044748
838234
2073830
517581
2074379
2074357
1426983
2071357
2074425
319963
806254
1479317
1136985
1940696
812173
13497
1142956
2074476
808680
1176150
1515281
749376
1396310
2053619
236176
223824
5616
2074645
2074677
2063272
570224
203051
2074740
1479528
7219
1393261
51237
460982
77768
2074854
1577182
2059166
108501
2074862
979091
94575
521902
2074867
2074945
763521
48027
484223
1302354
2075005
4958
2075031
752510
2075030
2074979
2074972
1128653
2074457
2074980
1463243
1250343
2075045
706966
2075028
2066840
2075115
154773
2075122
1885271
1538250
4875
2075207
1525859
2075218
682181
208094
1977822
1503520
695118
317022
1672
2075307
1050857
2075309
1326750
2075324
954198
2075334
1934386
725072
30930
2075364
2075154
775460
2075370
2075326
2075392
1802040
1820980
1278792
9775
2075460
1379061
2075433
44829
2075524
13879
36101
2075527
1810904
653568
2422
1424670
1277689
2075553
2075520
213426
1939008
952
2075605
2075612
433
37667
1813422
1155540
95262
2075650
1389292
313489
424609
1430010
2075684
1084327
2075673
2075687
1389501
2074177
1445021
717
2075678
2075758
2035924
2075743
1574108
2075852
2075874
1284035
2075881
1945150
282471
212900
1530039
2075866
1733
2075901
2075918
704100
638090
719752
2055791
1447525
1089568
1391141
1158651
1136084
1472258
555427
812
2076032
86622
2033880
1384460
2076087
610273
2076078
1136369
13232
2031946
2076067
616595
2076088
1154210
1961205
2076137
1049203
110558
1735306
1877060
2076145
2047490
299
1461907
1000190
2064288
507629
1143260
1411537
155252
404156
649369
1281425
885189
583331
1733859
321386
2059888
1375
1239116
2076284
2076268
869830
4702
711360
2076301
2076295
2076279
2046345
1266334
61077
1369387
1347980
2076351
609665
383498
2076401
2076424
1806974
224
2076439
2026737
2076288
1616350
2076461
1304640
2076323
2076475
1008604
733244
2076491
2035275
2076518
1548322
155304
705060
2076512
7198
2708
2076551
1651599
767070
387685
2076536
1337969
2076562
2076593
6038
2076584
19054
539347
10935
18635
2076639
1332766
2003221
1722211
2017081
2076746
1622433
863893
2076761
156850
2076747
998739
2007184
4446
2076737
1515618
1530210
1390260
753486
197262
2076862
410283
484843
1115867
1332649
2076850
1280352
1935814
1472335
1513251
1384326
47583
2871
2871
652643
2076895
1875919
1416374
2076941
1378705
2076598
2076041
2076965
2076915
50778
1151012
497163
2077013
2077003
1569
4902
397498
2077030
1502724
2076769
39839
636051
793754
2077098
1766631
458428
1874405
1811663
2077157
349362
2077140
673925
976471
1341602
2077191
2077177
1342019
2047184
387195
6113
2077236
1578343
1979560
694619
43871
2077265
675718
4323
1363703
2077312
615087
2077249
2077224
2002401
1066419
133313
2077339
2077342
8745
2077160
506104
395972
339338
1621344
1313090
2077386
433
2077356
402179
1814482
2077491
2077489
2077420
63422
1893507
2077510
611213
1960523
1266
1993767
1907778
1613515
1672
4634
2077563
1927344
1347481
1420982
104193
878770
987671
2076270
611098
1633840
1609369
839062
325565
487239
297962
16174
2059756
521810
2077580
2077684
2077705
2077690
60719
1488721
264313
2077737
601278
1365040
2077689
1415630
65495
2077776
497111
2077751
1619626
1433775
1739406
1368733
2077843
2077773
901518
1662
2077847
1749406
1940019
1362645
333516
693
1693930
1891206
1328546
1877629
1170794
1616802
538709
2077907
173206
1359524
2077979
2078054
2078066
2078049
1916569
2078081
2078100
1614803
2078117
1349504
475138
504499
60782
48860
325064
500792
151298
2078154
1850673
2900
17550
216625
369413
2078195
1949665
2078227
1278698
2078207
1625264
1459789
336079
1311951
1581266
39743
1562137
9604
2013642
2078316
1560529
367360
4059
1536391
2258
952
467563
2078274
2031202
819293
702104
2075730
1061052
1658911
2078378
743509
2078405
2078392
753806
1053972
2078417
14017
2078470
3071
11087
1086152
359894
2078491
2078506
964350
2078510
1268763
2078482
693451
10640
2078555
340094
2078578
391463
43497
676
2078386
206491
1374403
61782
1935088
1134114
1619586
221365
1953572
2078640
2008598
1566612
2078692
2069644
1638254
2078726
45102
2078725
36843
1812817
1327104
432
2078770
2078773
1611503
2078772
1612221
2078775
2055132
2078666
990331
1921149
75622
4576
1129770
2078891
1082259
1375316
1480651
2078909
2078903
12071
2045348
1010082
2078951
846196
3003
2708
1278590
2078802
1237317
1155903
90470
1991895
299892
1494792
1488229
5554
286341
2079069
2079102
57383
1603819
1680933
1387815
2079138
1462624
2079147
773569
2079099
1944182
2079153
296623
2079062
2079140
1688564
2076237
2012948
598404
1944362
1803893
465823
2900
1254472
2079267
1271029
718281
2079279
2079215
1439
2079335
2079139
2079306
2079367
633396
2079347
2079368
2079363
1591282
2079314
1257645
419243
2079337
1345991
784183
2079439
2079429
1504958
331
1502060
2549
1537053
188970
2079441
57367
1545969
3699
2079482
1286168
2079453
644992
2327
167800
1773729
834674
1942031
1504238
2079512
1063137
233938
829313
2079570
2079587
2079397
2945
978365
2079605
221365
2079604
2079579
1938548
2010686
2079660
642850
1171030
380533
1242053
2079698
1881585
296121
2079676
1322020
3114
1939993
2079759
2079765
1171056
2079776
1617673
8919
2079760
205929
1944124
2075301
684170
2079645
1384168
3014
2079840
1956463
2079882
1956766
2079809
1780461
670007
1819680
1523411
47640
1894647
1411635
2079937
1142206
2076207
2079964
2079965
1381245
2079946
2079951
2079975
537476
1745616
2079963
2079987
2079983
733232
236338
1466609
2079729
2080062
2080067
1584787
1894818
5010
2080098
1005524
2080097
748835
2080119
2080117
1962241
413503
1475380
4972
1466667
361803
1057000
2080182
1637848
1617789
1626281
383917
2080248
219520
2080274
107727
203629
1806960
1373448
1371007
27120
2044076
2080312
591018
2080297
2080339
2080329
182962
2080336
299
2080254
157692
2080384
1376317
1383969
717
797752
377795
2080414
206075
831752
2080427
2080453
2080431
417256
653022
1617343
19539
1089907
1140348
2080190
2080494
2080495
263337
1557997
1283095
2026701
621867
2080493
433
1148890
26353
1443116
17777
2080553
2080597
69548
717
2080594
2565
1602120
1594519
1215002
1796329
2080643
2080660
1059330
698266
2080596
4184
1461952
1680308
1494279
1916411
204607
2080756
1295385
1379625
1730646
2080807
1574297
1279687
1461487
2009823
2079838
482541
2080829
1006701
1988962
1895816
1141254
118983
2080875
1588143
2080918
1274155
1068066
1610472
2080933
3071
1949222
2080936
1452599
2080952
2070141
1934709
2080980
1712850
2080978
1215840
2080977
1097735
1957777
1245330
802
1614093
1363216
2081008
2081041
2081007
2081013
2081046
1166951
5245
2081047
97885
2073823
2081102
1535407
2081121
639677
2081129
1357891
405207
1602696
2081158
1377322
177204
1934520
2081182
2081189
2081152
456760
1886469
283570
2081221
209584
2081237
1933856
964039
1959926
1597208
1162
1099676
2081252
1934462
62610
2081271
2081269
2081265
599478
1926277
2059167
2081302
1847054
1506629
1003345
2081306
1733
559120
988808
1893313
2081360
625369
2081376
2081364
1640857
2080298
2025212
2081388
863187
1935630
366023
999156
1050448
962110
2081401
416053
576971
2047498
1380121
1634748
2081419
306141
1127887
2081440
2081434
2081435
2081442
2081455
8547
28812
2029035
1959073
946469
1963712
2081492
2081504
2081487
1879645
2081515
1396544
