1897061
2059626
2061000
2061371
2062342
2066084
2066601
2059052
1692274
107316
204860
2068296
2068298
1163102
1865689
2068330
2068345
154867
2068351
2068355
2068365
2068366
2068376
304245
269723
554131
2068423
1394455
2068436
660479
520738
18599
2068483
2871
2068501
562059
757272
2068581
2068587
2068594
360941
130360
2068659
2068666
2068756
2068771
2068775
2068808
2068846
2068882
319876
2068930
25367
122495
2068972
663799
2069044
1142966
2069213
2069378
2069410
620434
2069488
653529
154793
2016346
2070407
2070493
2070563
1952108
1300737
319336
2070832
1920061
2070961
1982
1889103
2071088
1756019
2071185
2071186
1168758
1949504
2071252
1610666
27888
2071271
2071274
5279
2071298
1926647
850
979626
2071353
1983093
494214
44201
293561
1961992
4400
2071402
1941809
2071435
2071443
2071478
2071485
2071490
1363343
2071531
7773
2071599
4323
2071633
2071709
1253584
259001
2071739
1141601
3047
2071849
2071856
2071860
271549
2567
2012803
2072024
2072042
170796
2072083
587128
1162336
502732
1156941
1330712
2072206
2072211
2072213
2072276
339863
2072377
2010064
2072546
1308316
787697
2072634
114333
2072683
1631771
2072814
2072901
2072677
2072907
2072526
685795
1908960
694554
2072777
1573073
2072953
399941
2072968
2067066
1508292
24085
850270
1910600
2073067
3003
2073079
200077
1839677
2073110
1234360
38290
1918801
2073140
2052693
2073154
787449
9401
1613761
290587
2073180
557651
2073228
2073233
1628727
2073293
971050
1596116
2073344
2073323
621062
2073333
540431
2073379
677959
2073385
1341930
573524
2073419
1774
1942154
147067
243680
2073438
518628
2073449
2073457
2073443
12642
1747078
2053591
1027514
1796967
378048
280771
1898863
612202
1831
837540
2073582
696627
2073551
2073575
2073602
1506446
2073662
2073657
2073664
1792653
2073683
1273356
4634
631383
2073728
2073773
2073744
1264676
1751
1503917
2073808
236077
1430817
2073842
2073858
32724
2073782
1794849
2073804
2073964
4039
2074012
2074023
1830127
420614
1334695
1023960
2074128
562911
40249
307078
381302
2074140
2074157
2074147
2040624
2074214
649805
2074224
2074240
1527460
2074238
503726
1219521
655562
388020
2074306
2074315
2074328
312294
2074338
2074339
1195509
18635
2074357
2074396
678
2074408
2074409
2074417
2074425
13497
2074448
2074462
49572
413131
1142956
2074484
2074503
31784
2074505
2074536
1389458
1565343
1572220
53024
1294090
798662
2074652
2074692
2074717
2074726
2074728
2074733
69412
1969560
2074781
1296620
70238
1577182
228555
2074847
710075
2074867
560394
2074908
1528320
484223
2074978
2075025
2075003
2075079
1928850
2075105
2075152
758375
628460
2075183
2065675
2073078
2075250
1894490
2075301
2075286
19883
227054
497059
1140879
246060
136772
2075387
2075391
2075394
2075420
2075433
7362
2075459
2075478
2075503
2075539
2075549
1813422
2075574
1459365
1430010
313489
2075644
1608748
2075677
6257
2073544
416885
277
546796
2075778
1255407
1889806
2075865
1866405
672800
2060907
2075965
2075954
1959918
609665
812
2076032
2020356
2076069
2031946
2076075
57626
1877060
489845
1236789
261137
2018459
869830
1239116
1741148
2076279
2076310
1347980
224
2076323
383498
358086
597775
2076495
1714924
2076528
125537
2017081
69583
98286
971757
863893
1472
15964
1315
715450
1833847
4902
2077036
1765179
2077030
793754
1883780
2035169
291461
1922260
1010107
1569919
441766
845504
2003552
368073
2077265
6515
2077356
1313090
2077409
2077420
2077469
2077463
1146110
1650768
1773400
526926
2048293
2077604
1919380
1964213
1732953
18650
1038858
509873
2077715
2077830
1062846
2077953
2077931
700730
2078018
255925
2078072
1349504
1614803
548792
2078096
500792
1574978
216625
2078211
39743
2078324
2078392
1886222
1745548
2078466
2011582
2061425
1260510
276947
1820
717
1953572
2078669
2078706
1638254
84205
2078774
2078782
2078497
394542
1921149
1082259
2078887
634209
2078951
77507
1994796
92259
2078995
41587
595121
773569
2079099
2079152
344149
431203
1688564
2079215
2010983
382044
656402
1271029
2079363
547374
335820
30750
299
37250
233938
2067643
2079616
2945
2079651
1171030
2079675
2079714
1617673
1366673
1641630
1147981
2079790
1902687
1602
394827
26741
2079839
10350
1666531
292056
2079857
1787832
1894647
2079859
2079872
2079876
975934
236638
2079905
2079909
2079913
2079917
615147
473410
4042
2079941
2079891
331408
1186850
2079954
729404
2079973
2079976
109288
2079991
2079994
3297
2080027
989223
237228
286145
1475294
2080092
2080094
2080111
105460
1962241
2940
438004
2080193
114296
2080164
789617
2080197
27184
470091
532337
27120
2080304
2080267
1371007
2080322
591018
1662
898532
673020
1435683
1979003
2080331
2080346
2080392
797752
2080397
388270
273036
19539
1937294
2080190
1140348
200674
1237032
2004216
178903
621867
2080579
317256
2080601
2063944
1402794
769726
643797
2080733
2635
1279687
1909799
2080766
1141254
1318364
1847587
2080914
1650045
1985377
598352
2080956
1452599
128111
1245330
71720
2081026
2081029
322233
805775
867131
2081128
2081113
2081154
1909122
2081181
2070379
1933856
6872
1099676
1751113
2065636
2081350
2081360
2081376
2081388
1050448
1351567
2081517
1937445
