269276
218583
1088584
1508651
2083696
2083712
2083974
109545
1586596
2053410
1932606
1640895
95828
164993
59345
1298344
1960503
2084864
135543
1276160
770
9809
2084896
1624606
7659
1317651
2084909
750311
1948449
1888647
2084934
386559
1310664
2069951
1327916
1278591
550866
1327865
243743
1371805
2560
2085052
2085057
258806
2085089
232983
1406521
94512
660694
1721561
46764
1615710
2085255
1970169
2085288
2085296
1877676
213473
1038
1878773
2082108
1350496
854745
1937024
1788597
346812
1991174
2085747
2085750
2085751
1282488
52363
2006529
806228
2085794
2085797
2085810
2686
110187
1279863
1610981
1641199
737900
1165375
1361129
1897139
2085828
4538
1632262
138121
2085844
2085845
739647
1280711
234430
2085853
1283199
713085
2085863
694177
2085866
225307
2011583
2085869
2085870
1978184
1641127
1641495
173757
1880973
16887
1607905
10640
952
2085905
207211
1873910
1640873
1348558
2015307
248039
136644
1658699
2085965
2085971
2085973
4446
2085977
158684
2085986
2077119
1292107
2085993
1505383
1939689
896032
384612
2086033
1599241
663
1219153
1012724
2086074
512769
164198
308280
1267903
2086092
2086095
2086123
2057162
1141911
2086110
990376
1165221
3777
1540311
1285188
1958207
485033
2086149
301852
2086113
538498
118762
1579536
1308661
227950
342
23710
1240587
2050071
1306817
6400
1340752
2086154
60876
2026815
2086176
787538
1369027
360853
2086186
1458288
430640
2086188
1116772
2086187
654516
904135
1998383
4576
1439879
1647360
1226362
2086203
1268237
2086207
1298080
1209887
2086209
1889244
1626224
1596481
2178
1375488
2643
2086227
2086224
596340
2085958
2086232
881031
1936503
731828
1758712
1425975
1379370
278584
2086217
2086200
775172
1310888
2086248
2086252
402
1408819
1993274
1574572
1613135
2086265
1326700
1726585
266594
2085595
2054907
1976548
895837
626392
4972
13434
2086283
1437954
505745
1939014
1501958
29376
1295593
202005
2071377
2086294
245820
501996
245271
2086302
1002573
2086305
2086307
1575999
859695
24180
2086311
1627546
2086312
402
32726
1730667
218414
2006985
1655177
658493
4039
2086321
2086053
1934768
2037072
2086332
2086334
2086336
1314769
2017636
1357244
2086310
2086340
1549410
1518494
581180
2086353
2079402
2073161
1140328
1133281
2086359
792091
386017
1390918
955202
2071440
2086369
2086370
468994
1305672
1334204
1646516
588223
336844
2086379
2086372
333533
1939134
2086387
590186
1236
962164
2084295
37432
1923609
701710
2037859
2870
2086376
958536
1605709
1884611
2077735
1534285
517558
1293636
148169
6113
1434310
2086410
1889619
438364
955972
1833676
2086422
2086423
1733
10261
2086392
1630968
1204060
2086439
645822
2086443
1936898
1805040
2086445
485862
2086448
1957291
3086
1935729
1934150
5405
1700567
2033935
1115833
2086460
611394
2086450
708669
1356857
2086470
71587
2086333
2086416
1159449
1437881
1736883
2085400
2065158
1845591
2086479
109624
2086420
1481000
1469721
2086483
2086476
2086488
334724
2708
2549
1960460
2086497
1279970
2025292
1001557
2086504
2084300
2086508
1896987
2086512
2086490
1459871
2086519
2086388
1585112
1425623
407815
1277627
276941
2086525
2086536
459942
6430
2086543
2084647
1732953
722325
94416
261572
1906
2086554
566806
4597
2086551
1513600
753423
791975
2086559
2086560
2068305
2086562
1389458
252963
441
2086564
1497678
2086569
1295199
2086573
740006
1358074
1449559
10084
1906505
2029106
148986
1957184
6038
2002820
267272
2086591
2086587
882502
2086593
105080
2086515
1092645
2086609
2030654
69923
2035078
2086624
90926
2086628
1204040
493423
2086632
109998
2086635
2086642
980582
2086654
2086631
2086657
2050442
2085434
2086659
2086660
303900
2086641
2086663
1550317
266384
1284516
125902
1273095
1975382
1821047
155992
1536219
1762170
481141
626770
1734434
1482622
1474066
1326381
2086696
5279
1415279
2086703
2086708
1744217
1302354
1390986
2086711
1278260
2086702
683
2086714
2086719
1429857
1284319
2086728
1276001
337867
2086637
1323333
524470
1254918
70061
2086756
2086759
4972
213020
97303
2086767
1880110
586776
1134114
311615
2086774
362146
1613135
2086779
1211795
66526
1139817
27200
2037724
2086787
2086788
118417
1026214
1947429
2086698
1074706
2086794
3621
1977438
1913199
610142
2086796
89601
1162
233143
2086801
1879639
47829
2061
2086803
2083814
55937
1904991
1345190
1348279
194239
1490612
2086811
2086810
1640883
1617393
1877534
7198
1389920
371168
13370
1469397
2086824
974487
2086827
139865
314591
424793
1507655
2075308
39
757368
1609588
408909
2086844
54169
1306298
2086846
309092
1602054
1451542
2021612
152723
691479
652643
1941000
2081730
1979021
203245
2086851
2086853
3014
693
1301010
2050
661430
717
2086854
2086861
1998499
730984
425375
2086856
397361
2028603
2086849
2086868
3821
1067234
1598057
257981
2086880
1215757
1540122
2086834
2086883
315327
1723492
486743
2086890
2086889
1867792
2086885
1581022
2086892
3929
1877128
1473532
2086894
1958424
1409960
773424
1384460
7170
1118864
1381784
2086904
2047550
525252
109039
2086909
830677
527303
300357
2086913
2086915
1350353
1989279
1020616
236917
1535032
1282678
1371436
1910107
132868
64676
2086905
7432
2086928
2086920
1939629
13106
85944
1253285
54278
2086943
1266
49702
1849751
1283866
120612
1656534
1440097
2086955
239866
2086961
2086676
2086964
2086965
1443763
2086966
1500973
1499305
2086974
1607651
2086895
8745
2086997
1470411
1140879
1345139
2087003
376360
2087006
761479
2087013
2087014
1236
1443284
368753
742637
83485
880534
2087020
437858
713278
74682
120676
9775
1779898
2047830
585584
221420
2087034
1770529
197990
1073481
32132
127999
1373448
2087051
2087044
1914098
776066
2087055
1092740
2087057
1494729
2087058
825440
2087060
1266
203117
1344701
1131583
2087067
2087071
59453
9967
1820
1056984
1998321
1520595
1947671
2086950
2034998
112012
1940
2087068
2045554
1993344
2087086
2087088
1387550
2087091
2087093
1324307
1369070
2087094
952
1884774
930007
984607
1078906
19291
2081913
2086980
1612543
1940110
10261
1356943
2087114
880046
2087119
1886213
715450
2087122
2087123
1584166
2087124
770
1931394
2087125
2087127
489
2087130
2087139
1628464
2087142
82270
2087148
2087158
1988401
2564
1992338
2087157
747599
2087164
1086152
1274844
2643
79236
47295
2051288
399311
2087161
2087170
167291
1375028
648710
1576756
1935814
151298
84225
1315455
2011998
1985782
1381057
2087189
2087191
2087192
1994959
2087193
202344
19291
432
1953725
2087187
1863962
88894
28210
2087196
501451
2087201
1939092
278860
1179733
1606975
1624748
1509344
2086973
2061
1290529
10811
1924673
2044784
1922958
2087218
2087219
2042281
1436228
2087225
2087212
1442603
2085553
376150
2087231
343731
2010881
2042908
478555
2087241
2087195
651569
1713327
2087249
1534572
672653
2087221
2087261
1650768
1951519
1162774
2087109
411256
72327
477113
1774
1910695
1266
2087271
2080744
79404
4958
5796
2087136
2087275
2087278
2871
2087283
353639
710704
8892
1756813
393
426343
2087292
888973
391348
595459
2087294
1577984
2087297
4184
2087281
192143
1623221
2074409
4972
2087310
2087298
1615874
2087313
2087314
2087318
1080116
883108
2087322
1381360
1268255
1794313
1616350
2087327
1325738
1922371
2087282
416504
45293
1484978
2087335
2087336
3777
2087342
2081829
2087345
1930790
580388
2020948
2087349
2008327
1113599
116475
359257
1276200
1977022
2087362
1708452
1534946
2087368
2065125
87352
1089935
2087382
26732
2087386
1516554
2087389
4702
1490757
342
2087390
699165
14012
2087393
2087311
777081
1212
2044029
2079418
738304
959619
2710
279290
71119
66514
2087414
2087405
2060987
2087422
1279781
1998715
80876
2087424
4538
2087427
2087428
2087429
249018
2084221
1318354
2087434
2050
2087435
952
821
2087436
2087437
2087439
435987
669125
2087447
2087450
14937
1462805
2087452
2087454
2087442
668135
2087457
1564618
737076
5790
1741136
1623381
230029
18635
2004153
918
2087469
2087344
1725388
2087459
1652206
907686
1352685
1555579
1491347
2087475
362435
2087481
1337406
1367987
1351766
1023245
2027668
661488
1174323
2087489
1408100
507599
1582705
2087460
1766626
1662
2087492
708168
2087493
634401
1489993
531215
2087501
1770909
254588
1942124
2069459
471204
1666849
1939329
1305478
2087506
11710
486447
315360
1369196
1532658
1048185
2087509
254488
518375
441
2025409
683
2087515
1589953
2087517
2061
2087518
2065589
2084447
1941013
2087527
1736233
1294348
2087528
4706
1352671
1161134
2079335
1057000
1235022
1757
2087540
1734498
1546376
2078316
1349060
1202
1881633
666029
1692586
2065913
952
302798
1813435
2087555
2087557
1578874
433
2086899
281322
2087575
1128586
2087576
2087579
1595065
1290370
1613241
938126
1130524
1732308
1407703
1094958
1796270
2087597
2087602
340658
1621344
2003219
2087609
1486827
2087610
234943
2087612
2087621
1375
2708
2087614
2087626
2087628
189899
2087633
814148
2087640
2087641
732051
2087638
94209
437652
2087645
2087646
618519
1246827
18599
1385802
2087627
1462577
1274433
23429
2087658
409153
266367
1658942
1322630
1387746
514789
1368110
2003214
108739
253363
1263914
323705
1330338
4323
624966
304903
1756022
1575831
1735196
2087688
45556
2087690
1996381
2087696
303129
240464
2087699
2087703
2087704
2051022
2087712
2087715
1291796
139900
1110578
2047269
2087720
2087695
580416
2087722
1284870
2087723
714163
1874249
6257
10705
1588622
1299162
2014885
326866
1614272
2050
1515575
2087736
569021
2087737
643195
2087744
2087740
2087748
2083036
10640
3821
2087755
2870
318750
1434827
666741
1295385
2087767
470301
1612532
2087776
2087784
2087775
1022680
459216
1632932
404322
56636
1576081
2087792
931524
89977
1022748
8547
9815
1702913
952
1290873
2087700
1618448
42993
1795245
1727168
2087804
2087808
1613
1791467
6823
101427
2087816
2062906
1015057
7170
87562
2006574
2027905
772046
28700
585474
2087831
2087832
606731
2087846
2087855
2087857
1275701
428309
2087849
2087858
1633075
2087859
1288998
1382362
2072746
2087862
216652
1801719
641813
277
1806501
1646349
1476279
2087872
1945581
2087876
972288
2087880
1257273
1400008
729417
685223
628938
312039
4184
2068203
386170
87942
1530850
1364697
2087901
1339344
221226
364284
2087900
82484
2087913
711094
3003
331681
837928
1927455
2087926
275876
1548939
1703674
2087919
2087932
1618995
475810
1553865
2031725
196616
1383055
1202
1340133
174790
2087941
2087942
1528816
2087944
296533
2087946
275654
1158868
1672
3860
1173138
2084262
2059038
3071
2087963
2087964
2087965
368463
1069893
912699
2077638
2087967
2087969
2087970
2085012
2087974
801367
2087975
2087978
1292716
2086874
571793
2087986
466128
239416
1881379
2087988
401152
2087998
2087985
1033963
2087976
1591957
1562551
2088005
420465
92372
1399198
1268352
1678054
1305260
1475
2088012
1622343
5554
68106
2088018
2088010
2088019
2088020
1488475
626012
2088024
361908
2088025
2087143
1983081
1382104
2002718
972202
1533809
24400
324312
12139
2088032
1143585
1781399
1608378
1968098
2088036
344149
4184
2088045
1489354
2088041
2088050
2088038
2088054
1966
2088048
2088056
1493
580174
2088058
874735
2088062
2088063
2088064
891171
1416385
1092760
1768735
1443517
13024
405906
2086218
1620265
411544
2088052
2088085
103529
1350272
19177
952
2088090
2088104
163083
1816043
532337
1275559
691735
1385144
1202527
678
2088114
1609169
933170
75308
2088118
2088120
2088124
2378
1822863
2083964
2088126
2088123
640406
139184
580679
260389
524470
1913333
1275534
1344429
684549
2088136
1794664
1307901
2087346
2088142
2087973
2088146
2088137
1596068
1171030
2088159
2088162
207067
2088165
1376407
1473798
2088167
473750
1545034
2564
2088016
2088172
2087848
2088181
2088180
1994995
2088184
1771175
668205
522076
639900
1335674
1471987
2088197
437831
2088200
2088201
2088193
2088178
2088205
2088206
1736538
2088169
2088208
1339717
1329060
717
1881166
1486072
2085429
1482138
2088216
2088219
366023
1921999
2378
106353
2088225
1579893
2088228
2088229
2088231
2088236
599208
2088234
1629
2088238
890117
2088240
1796159
2047427
2088249
2088244
62424
24199
2088251
2088253
2088099
448245
266933
3003
2178
293629
2088250
591590
2378
2035820
2088254
419124
1686564
284608
2088270
2088273
663932
2088279
2087897
682855
2088255
2088275
1481537
2088281
2088290
1621857
1885027
543929
2088300
530300
79847
2088304
1171248
2088307
477715
1044798
2083913
2031087
2088314
575416
2088316
2078810
2076850
3817
2088317
213341
3274
1570242
2088326
734017
2035264
2088327
2088328
935448
2088331
912472
819204
1035115
1337071
1558226
2088339
2088342
2088337
2088344
688
2258
1557323
2074392
398540
2088347
233278
432
4875
1265346
1364721
1640389
2088356
863651
2088358
1391518
1461475
1816805
1525229
156607
1877695
2088367
1735406
1288998
2088340
3777
318669
1874096
705060
1983493
2017164
1308888
921303
2085648
937781
727739
2088415
2088416
2088419
317841
2046087
2088423
1714399
1283456
2708
2088418
1744831
114938
2088437
1309924
1326565
4184
1464524
212594
1981159
2088447
453287
904564
794796
345781
1450034
1850948
2088456
2064908
1685
1537763
1236
1325853
1935273
518578
16513
2088466
1950961
19177
2708
2088467
1507759
1362662
420912
2080791
1274829
30075
1071983
12642
2061
2088476
238249
899732
1634048
2088490
2088471
2088492
245011
2088504
135698
2088511
2088517
102911
1266
213925
2088477
153533
2088509
627731
1484465
2088523
2088454
1207407
2088525
2088529
271560
1443402
2088534
427563
2088242
488228
2034319
1514544
1614569
418522
2088546
1578356
712582
5
5796
183990
2075854
13246
2088551
2088558
927661
993
2088514
1852415
49755
2088560
1115026
337673
995762
1286040
74686
639624
1444
850996
2088568
2088572
523361
922361
953376
2088581
662029
39
668599
1379471
2088585
2088586
2088594
2088599
364076
10524
1324481
277
2088601
1706616
2041938
2070710
1962282
1541754
2088612
457947
716064
1933103
3071
1895845
2050584
1297631
2088587
309074
35745
1502723
16214
1313506
2088622
1895645
1275131
4634
2088628
2088629
1376233
1665710
2050539
1790550
486927
2088632
2088322
2088634
1966
2088636
1877818
635406
2088626
1988170
1491902
628460
1489296
68489
2088643
1840374
60796
2088645
2088647
2088646
1372065
1921610
1011311
29423
2088652
2088653
1219472
651778
1107104
2088658
86637
367459
520201
5699
2088664
1945535
1340153
1136551
2081181
2088666
3297
876706
1158929
2088671
1625264
2088677
1618316
5585
1047520
177230
1685815
1556831
2088685
1386993
65955
2088694
6400
1975599
2088696
651778
1954117
191504
1435385
106225
2088700
1986085
857770
816384
402
2088706
1774450
1330487
1868561
43332
1537336
100171
1326636
2088720
448
2051582
2088730
39
2088736
2088735
2088737
1952514
747333
1467298
693
894587
305392
4059
2088746
1554636
2088748
565960
2088756
994768
2088754
907066
2088761
2088764
1345004
2088763
1272515
1607768
9905
1862267
211747
147200
2088772
1304461
1783456
2088775
1334417
1546089
5367
757148
2088783
2088787
2088790
2006270
1440226
2088794
304538
43625
2088799
607808
2068247
2050415
2088800
410528
1594604
12642
152047
23710
208450
1284359
207160
812357
1876468
2088812
823950
1260804
857851
2088819
2811
1886862
1945515
517520
109268
429595
650666
241592
302066
2088833
251900
637049
2088836
512826
1299464
441
2088840
1365478
1476866
1956566
620373
1805339
1489494
2088845
2016388
2088851
3297
2178
1389875
955208
2088863
2088864
3
1923940
2071
395298
1618474
2088876
1311373
1618448
1559124
1537933
1148317
11803
1913124
2088886
1450837
1799594
2088891
1161103
680266
2088888
71599
1288586
1373126
1398568
1437204
636975
2088903
1207058
1387346
2088913
1533250
1399573
2088482
2061
1359817
1593437
1485398
1499624
2088927
742877
2088928
1966
98354
98354
402465
1008015
79485
1408106
1316175
116623
1475445
2088937
526078
2088943
1538851
2088945
5154
732108
2088941
165143
2088948
1855546
195144
223144
1796733
300805
2088967
2088966
1202127
2088973
2051364
58913
1549152
1648045
1236
2088989
2088993
1609570
2088997
2088996
2089000
1519965
2089002
1563164
411323
1481035
1519162
1892153
2089004
378544
5585
300988
1192628
1041060
2089011
6967
1973337
1819147
2089022
2089024
1329464
85527
1600871
2089027
1305503
1924034
760540
911325
1768487
2052041
2002002
472818
2089042
1289879
5554
2089051
2089053
953860
2089056
2089065
1974070
103905
2089074
2089075
1189040
1459225
5205
2037772
1858467
1459695
812799
705004
1208647
2089094
1288202
1454270
234887
2089098
1661046
2089100
2089102
1187080
2089110
2061
918615
224763
2089117
857775
2089118
624592
2035826
2089121
1522431
441765
2078632
1281573
1948308
2089127
2089080
1285659
1620304
1971387
2089139
374827
2089140
299
1443088
2089124
1495641
905248
2089148
2089149
1348218
15947
5279
1916507
1364676
1298944
2089159
1322937
2089162
109131
1309078
1740072
1444
1510276
17750
1185336
662124
2089179
2077686
2021463
445973
3114
2089182
13472
2089171
2089191
1646193
1365616
2089196
2089197
2089180
2089199
1501176
2089201
2085940
1327560
5773
616595
2089211
2089219
146548
2089229
667073
2089217
1931531
511688
59038
120744
2089240
1586110
2089228
143163
323402
2089243
2089244
200835
1313201
662295
590757
1045048
14603
2028764
2089256
2089259
1956265
2041878
4719
2089266
2089265
2089274
2089275
1310990
1501139
1021442
2074317
854781
81525
1816370
348000
1458483
1502434
227534
2089304
1936573
1843250
2089306
1937682
1498071
2089317
2089322
30143
1316940
25522
2089331
1652043
1629663
1107257
2089343
1666748
2089344
1393063
281974
1365271
2089316
1371333
2089356
1459365
801943
342
2089368
1282274
2071707
1505889
2089373
2089379
580515
2089384
2089377
708712
249161
1386929
279779
2063537
2089394
1325318
1268580
2089374
683
1478943
2089404
1854228
2089415
2089398
1841094
2086308
829093
1303201
1215772
700260
1542485
430775
190827
1833201
18923
2089425
15730
1043879
2089431
2089428
1134196
5154
1316643
2089440
1534572
1091288
1312181
1067842
1456590
2089447
215394
2089452
1391866
1278029
1413686
2046444
121475
2088880
2089467
1359104
2089469
1969051
2089474
2089476
1501661
1514638
100087
2089488
1548125
918
2089494
1454700
5
1534987
2089501
18736
126125
2089512
2549
1989727
2089518
2089495
1520242
1453061
2089538
81276
1487439
633842
1600510
2089553
2073240
1598328
1312767
1927785
867834
2089565
527565
2089575
2000870
1276775
1405272
1321318
2089579
1330770
991016
1516662
1613
2089585
162011
186892
3763
2089596
1977757
292265
926850
1984492
2045326
2089608
2089611
2089614
1620972
2089615
1560806
1743049
663222
46217
1149623
1957874
287462
44301
1394484
1580657
697433
2089635
553246
8221
2089638
584981
1243979
1363079
1983096
2089650
2089652
2089623
2089653
1811636
1394809
1353092
1709275
1782215
1874139
411072
2089665
2089666
1940
1910558
1558569
2089673
1537199
2089679
903155
611615
2708
14350
768269
2708
1280762
2036071
2089698
334112
1343053
2089706
1125153
1416038
1733061
261692
2089680
1341983
1546678
2089718
1595779
1563381
2089731
100545
1092841
2089716
2089747
2089751
2089753
2089754
2085443
1068872
698548
649369
508893
2008979
284228
1751
2089791
432
2089778
2089802
2089805
740025
255598
108550
432
2089752
1662
62211
2089810
54962
2061
266582
1528679
1314017
1424695
680932
2089830
1395839
2089832
1090564
5567
1130566
2089811
800878
466178
288351
1166436
6204
2089855
686113
2089821
1852376
1571028
954393
1577910
2089838
2037076
2089863
2089856
2089865
2089868
640903
320995
433527
959208
882623
2089866
2089883
2089885
897910
243489
2089893
2089894
2089896
1989825
1719790
2051831
952
325835
629399
13879
2089909
2089910
1957687
1556505
62152
176237
2089898
1389904
2089916
2089918
36643
1375520
1075687
111135
1404190
4059
6113
1359251
2089941
404156
12368
14012
2084071
2089930
2089945
2089948
1698476
2020949
401221
1360943
1386554
1934951
2089959
2089964
155584
2089953
153434
2089971
430403
2089962
1310763
1934717
2089983
2089979
1439282
2090001
8701
1134068
110803
2090005
1282764
1172278
2089957
1457148
1748806
2057569
1495692
656261
1340844
2090023
39845
2090024
1194809
2090026
1243990
393823
2001682
1278682
812
2090035
2090041
2078896
1451011
100521
2082545
1041443
2090047
2090058
1327085
2090059
2024565
1238523
942
2090063
1612245
1134241
2084389
73240
2090050
1456687
2090082
1329796
37711
2090043
192240
414149
50901
2090104
2090106
1266
952
423958
2090014
609748
4042
1276253
4826
1887553
306639
1002619
1617758
1017026
2090132
2090121
622087
1269860
1463649
1488997
1507613
1291486
842970
2090147
1908652
367611
405211
251901
269449
375260
265797
1327822
2090142
6182
2090155
2090157
2090158
662373
2090164
2090002
725376
481410
241175
789762
981255
1329785
1750120
2090178
1936313
2090189
2090190
1343803
1493882
1906195
138358
2067816
2090205
2090169
1331689
2090217
1086281
1863541
120068
1964256
2090235
165982
1345200
1289722
2022467
1445423
29758
671346
1573083
1751
314109
142632
1506943
2090130
1303823
2090259
2090266
214255
960557
1133882
1278770
2090279
188035
1443497
2089348
487726
1575101
1812177
1755480
883022
1858113
35543
2090306
656302
1938404
1283592
2090311
2090302
770
2090304
391570
667868
2090322
1282417
505821
829502
2090325
1475
2090181
2090330
396734
1315
184238
2059870
1391453
1639896
1954444
1271187
1926510
352729
2090344
1517565
1245355
2090342
2090379
218864
9634
1894703
1612353
684419
1282840
1379747
1170456
1439
72963
1713716
714321
617148
851471
2089693
1444121
2090352
829791
2090411
2090413
2090418
2090209
1370053
2022521
2090426
1984863
244615
2090433
2090437
1490344
2003916
1811556
440862
220510
1477312
2090432
360050
2060373
1273521
1434866
1075456
2090438
1277466
113780
2090465
465
6257
2090475
2090476
1534447
7697
637118
2570
694122
291389
1551930
1166672
10935
2090498
1939681
1284486
733578
781378
2090495
1424351
317892
2084939
47230
1299560
2090512
2090520
296963
1305228
372500
1357820
502566
1514973
283327
14530
2090502
2090551
2090550
2090553
1272570
1553327
11704
1439151
2090560
685831
278891
1319760
686366
1535561
2090562
2090577
1626712
2708
1381414
277
2090595
1503406
261366
2090589
2090604
2090568
1416598
2090615
1150042
2090609
2090623
1279930
2090461
1461216
1390243
2021149
4597
6257
2090636
2090633
2090630
1320851
5356
139112
287109
1326116
126437
1121036
2090516
592908
2090285
92661
69883
33738
2090442
2089823
4947
148019
2053514
2090678
3302
2090694
736241
1298583
2090711
1819722
539847
800417
2090724
1304132
2090704
2090540
2090741
1759591
2084367
2090759
1532065
1993443
2090762
603361
1481073
5154
99446
1238685
826621
161142
2090786
461790
224288
1959867
722768
2090661
373916
2090795
2088521
885125
2090803
2090807
2090810
2090813
676
2090767
799193
928307
2090805
1777363
1321684
466393
170612
603884
1641108
979887
2090862
2076223
2090819
857165
2090873
2090842
214513
2089997
102141
431221
1364657
2090879
1424644
253
158320
887410
2090936
1599311
2090928
2011777
2090946
1113668
2976
679052
2090932
154765
1143048
1338260
2090964
273671
1053972
2090968
2077763
660648
2090975
1341860
37740
1528875
2090916
1127256
2084602
715235
1669363
2090977
2090935
1351372
1490190
2084153
1277482
1401033
2091032
453164
346566
1937221
355012
2091053
1730773
2091056
2008846
188361
627183
392545
2091074
4184
2091084
2091087
5642
2091108
2091111
2091075
259916
195825
1810909
1412248
1253899
10935
647051
925043
1173560
2091164
2091132
606490
419885
4042
2091185
2090927
745251
1386637
4010
2091173
1339126
2091216
1317901
2592
1750692
1558849
2091229
1350590
2871
1397708
2091211
1846467
2091247
363118
2091076
2091227
2091235
2050
1282455
2091285
9623
2091175
2091135
400986
2353
618392
1033557
279263
1110494
1619440
2091314
1459557
138238
2091346
2091350
2091356
1324460
643596
2091351
61395
2091307
728455
758223
83979
248003
967752
2091427
2091391
1846183
2091435
1650726
1910665
1553900
2091425
1010208
1592751
1630974
1308022
684293
1083823
1271363
2091486
533471
2091475
504747
17068
2091471
1512137
2091508
1647895
2091511
1448011
2091520
1468174
930373
1891633
1324416
2091521
806853
2091542
2091545
1504051
331
1797343
1702941
1671548
1478790
2091549
2091533
140273
1790209
2091567
2091566
2091598
2085066
2091608
2091609
1052085
2091610
2091613
2091606
2091614
1878797
664591
1607373
680467
1462225
2091570
1045971
670191
1324699
1208967
1154905
676791
2091676
2091677
1292110
8745
1279127
983068
2091691
2091694
664068
895173
2091693
2076469
370473
2091615
5279
2078316
972869
1092102
2091742
889696
272968
692262
2091750
1537601
2091753
2075256
2091765
10907
2091771
1513277
2091780
1220095
2091700
2091564
2091808
1800787
381907
415114
2091768
1730244
2091818
2091819
2091747
2009261
694194
2091835
931067
601302
1370848
2091825
975772
2091837
2085549
2091841
1368892
8852
520901
2091838
179933
1820
2091871
6113
1314190
2091878
1583332
2091883
2076017
2091893
1799238
1990502
2091895
549688
1967557
1443897
1113165
625630
1118107
2091865
432219
2091925
1417007
1326252
1136490
120723
1605523
2565
1404307
792340
72159
46773
1815294
7489
74807
2091950
51415
1158977
2091960
2091953
1205426
1961810
2091969
2091971
2091954
682229
2091985
227126
2091992
1202807
1512311
1718857
1889673
688436
1212
2067547
1608020
46418
2067286
5811
1762899
2091990
2092027
639722
675565
130299
2091921
1602969
457633
1956221
211590
1540459
2091941
1274842
2092056
2092055
2092045
1987667
2092070
570509
2549
1297399
2092003
2092104
34596
1616019
1291160
908707
1310068
2092115
1751
1135529
1566242
639030
116229
1335821
60330
1143879
1443890
1814894
2092123
2091555
2092143
1598911
366342
2091978
5801
1909424
13834
2092159
21964
2092169
2085302
554260
2092140
1144219
1658326
566377
2001196
1840264
1351805
116335
2092194
1268583
698026
4184
914946
2092199
2092125
2076882
891339
2092223
78299
2092236
2092242
1504698
1949387
2092250
2016305
2092259
2092263
2092264
1621872
2092267
2092252
1905955
1537910
45590
1617659
1422365
1360317
2092278
486568
475042
1795215
2092291
2092301
2015442
2092304
28700
1518573
2092284
468340
915943
1138345
2092322
1324772
4702
1801213
1629
2092344
789656
734544
933170
2092357
2092339
1610944
1788593
1050141
1127998
1010458
259197
2092381
2092385
2092389
460538
1495236
2092378
2092376
520901
2092386
1621265
2092407
2092431
1301062
2092446
2092449
110017
63774
2092390
1602466
10261
2092343
2092473
299
2092475
28865
2092482
2073215
60816
1238965
10524
2092439
988821
596945
2092438
2092502
185854
705162
2085922
2092509
1486781
441
717
1629
2092518
2092538
1357634
1397590
2092542
2092547
2092551
781063
1654617
1463477
1611574
1384230
299
2092588
2092517
1836878
2092609
5010
441
275181
1963621
1322065
1420532
1543128
1267191
1550593
98772
2092642
2092613
2092541
650262
2091280
2092649
802569
2076737
1315371
142443
2092664
2092665
5881
1671437
143219
2092681
145622
358086
113421
2092689
1390013
542858
200039
2036209
10562
2092518
2092718
1527115
715412
2092719
211832
943979
4647
1215068
1920503
2092735
1323826
1656609
124828
2092750
2092751
726218
2092755
2092592
2092763
1973836
2092771
2062453
301546
612033
1426263
1938931
39508
4947
1733
2092815
701
1988211
976166
2044967
1342134
21210
2030334
2092857
1281746
1637778
635670
496847
1075722
1517572
2092876
208466
601616
1027906
756200
515100
2092897
2092899
1270598
2092906
2092883
1812623
408260
819340
2092931
663
2092921
22409
2092922
1389725
802
82398
951420
2042211
1609424
1423919
2017466
2092928
343583
2092967
5279
1813964
716088
83398
73580
499531
2093015
75881
902115
1266
1139001
2085998
1863537
1458528
2093052
2093056
1640930
2093059
1624580
1746334
2088440
1572868
233920
2030202
10582
2708
1126467
2093107
2686
2085311
2093066
1013133
1438054
555908
1779180
2093155
1999719
28855
2093163
2093146
591597
536223
1806662
2093193
2093184
2093194
2093198
390670
2093149
2093092
1281724
1643178
1719035
1354749
1212
2056935
1879443
144111
1937681
2093233
2093219
1195940
2093253
2092977
2093259
2093273
2093276
1395184
237276
1136893
2093306
2093215
41872
2093317
211983
751997
2708
3038
2093293
20426
2093345
1115245
1130258
838446
2093363
2065171
2093346
1437821
2093336
2093390
1721767
2093391
1344771
2422
2093394
1329914
2093396
648771
547458
659609
28581
59387
1310880
1202
1433315
2093418
2093365
2093421
1661809
1958580
6919
1304773
2054590
1333628
1305264
978431
2093440
1444145
1412113
2093457
2093462
1150772
344464
2093451
3014
1775376
1090269
708194
2093506
1295594
2090463
673763
2093519
257898
2093532
2093419
2093543
2077098
2093545
1935649
1544306
2093560
175149
1296956
1814181
4634
2033774
2093580
4958
1215941
2093565
903943
1298575
2093536
1505495
2093622
2093417
1620256
1867911
1961219
1480624
2078693
1504492
2093642
2093589
2093530
2093647
982180
160584
6400
1327576
204817
2093393
2093671
268188
1944246
1968574
2092244
600731
612899
2093655
1952200
2708
1967730
2093707
83816
1562055
2092979
7432
2064753
1951948
2093758
1403262
518423
2093765
31908
96868
57517
2093769
417377
1575707
2077748
1727251
1379364
2093805
1473716
362146
2093763
1328688
581662
2093830
1390645
1525923
6048
505915
1868899
101461
2093851
1380988
2030530
653351
2093855
12642
1644995
1570498
952
7194
441
936249
2093883
2093856
2093911
112078
375614
1318506
2093935
1569
678528
2710
2093945
1023221
2093877
2093827
951293
1392877
2093964
2093965
2093971
1265235
1518504
2032481
313962
11087
5010
267311
1357741
1578864
13879
2094014
116145
24895
1272986
1515173
764369
47628
293593
2094063
1989508
2094057
2093977
2094045
602385
2094089
648282
1128673
230588
1257718
442275
2093918
508388
903428
1442775
82920
1268119
6823
4039
1520862
2094154
1318850
1091755
2092036
1460407
2708
2094168
2007798
540270
1454852
1387892
1138617
224
2258
2053973
1533986
1692048
1057699
1985461
1357308
2094230
1514991
98747
1813439
1835476
1275221
2094245
1353175
2094251
8547
1296578
2090396
2094129
1368335
2094235
2094272
6344
1544888
738840
1344479
1343308
2094299
2094298
1058585
1994298
1422750
2094323
2094332
1503371
2094337
1314291
7198
770
133138
327702
1129738
1421131
1765753
2094366
633338
1987081
629381
1044199
2094350
2094367
2094377
689256
1609850
2094412
1454704
84695
2094425
2094413
420055
746313
1716104
885392
4634
242406
160283
1282301
436653
10453
2094472
1640661
468596
829948
1776745
455887
626903
90670
2076923
2094495
2094496
2067976
199734
2150
646823
990909
579276
1278264
2094437
2094536
432
1416791
540126
2094542
199407
996175
757963
1319963
88492
1284398
21241
1255512
223157
6919
83845
2094503
805732
6823
207212
1278973
27000
11087
523343
2094587
2076184
764506
2945
1566219
2094609
1516720
300619
2094615
2094612
2094581
1737449
476211
5279
728313
2094617
4184
187108
2094649
149894
2094620
1468810
1788593
1254697
1328387
690076
1802898
1308752
2094675
383195
2094680
502466
2094691
2094669
859770
2094681
2094698
275435
1378446
1601970
2094677
2094700
79179
1475142
2094651
164082
86252
2094745
278817
1983863
13115
1673154
856452
2094747
929527
2094775
384931
2094736
2708
678418
124392
396337
1288095
519369
1624744
24180
2094801
1468835
2094812
463070
2094815
2094807
476063
2094823
1469964
164342
1554883
2094813
768660
947705
110341
2094834
508404
483088
1797138
1296456
2094766
2094821
2094845
2094849
2094852
2094838
284545
1376661
2094865
988367
16172
1936479
2094884
2094859
2045925
39
115038
2094894
1586776
1011607
2094882
2094869
2094901
2094902
2340
1911327
607349
2094911
611184
2087687
1353414
607086
2094933
1068876
1435558
1801961
2094936
547826
464682
323057
476339
1993642
409357
2094960
12444
1751841
1497719
1326941
1148157
401322
2094920
2094968
988986
473297
2094152
11710
1971652
1678233
2094983
318860
80138
2094986
254276
863386
588785
1394822
1654974
2094976
570463
196276
2095002
2095017
1304523
812637
2095028
2095030
2095031
8978
1493
92756
1949640
1066611
1836381
2095043
552920
955710
1371224
34899
2402
2095067
908060
585759
1894073
1092776
1302602
631617
2095073
2095072
2094988
646954
870635
1366056
1160616
679233
61115
45155
2095069
2095064
2095055
2095118
1292252
796036
3817
2095125
2095109
1853786
2095101
768951
484127
2095091
2095096
2095143
9967
2095147
2095132
2095157
1435778
559038
2095166
1320313
1839234
2095182
2054074
1174311
1339839
2095185
2093726
489
2095142
2021396
2095190
1146199
2095197
2073596
734106
501173
1068
2095200
678845
2095201
2095195
2095175
2095170
2093062
1300288
991842
534762
1803093
2095226
672067
2095235
2095236
2015258
653047
1707123
2092313
1278745
1222661
278244
1761010
154144
2095261
1194317
1185233
1341853
681570
2095251
335047
1417386
1205366
1412034
2095265
613068
1236
1070676
290699
896300
2058206
2094754
577532
2095311
166796
1941738
1487800
1266
2095337
602167
2095343
2095330
1060709
1898734
2094879
2095149
1281867
1532965
2095360
1238985
2095369
528245
2080466
48176
755188
2049148
35494
768800
2095394
307286
1691529
1485668
129958
2095415
1274124
2095418
736945
2095410
2095401
3470
1949954
1041219
2095427
1544013
2095433
714958
2095436
1292402
2095441
2095442
2095458
2095435
733100
575435
1344426
409559
804629
25267
2007501
1867681
2258
2095459
2095472
5554
1318314
2095499
75985
1940602
293412
2378
2095523
1458342
222033
1982756
2095454
1549252
2095361
2095553
2095556
1619137
79764
394823
1620920
10586
865009
2095564
2095568
1913134
678522
2095584
344968
10625
1244495
932796
1345859
2095603
694760
2095542
2095607
74600
588286
1649769
2071938
107459
829117
1494210
2095591
522140
1985668
2095626
2018295
2095628
1214728
1895007
717927
2095639
1674182
1292662
1321393
1404893
2095656
2032579
1615772
9778
3721
2095670
231553
1584234
2015513
2095682
327581
1549666
224562
2095697
971638
85124
658835
1315647
1339007
2095564
277029
2095630
2095730
2095708
680931
2095735
90974
1351873
7219
2095751
877901
2095758
2095760
2095761
2095763
2008732
2060973
1569
2095722
370768
2900
703220
10084
2095784
2095787
2095780
430819
1284308
5989
1506877
1478971
633589
29021
9790
431791
2095770
134497
563398
35039
78475
1975684
1271442
36643
2095816
2095818
2095563
2095773
2095825
1366529
2095804
2095830
1072323
1593816
158582
1654662
1719019
1278515
1940884
1296706
84063
1733
2095817
1387029
1493470
2095879
283725
1415216
1874066
676833
318625
2095904
96183
369187
6012
2095918
2095919
1793431
295984
2095923
2095761
10935
2036512
2061814
2095898
2038991
277
2095927
2095934
2095938
2095947
30057
398470
2091884
2095950
9790
4538
1375729
2095956
2095960
179472
1672
2095968
492234
2095969
2095929
1306225
2095945
10064
1588089
2028954
1989256
653290
1576669
376188
2095991
447801
1996790
2096003
2096006
649190
1349264
156129
2096008
2096010
1145276
2096015
577551
2095966
1270351
1333948
2053231
2096038
389074
31660
1415637
1496307
2096052
102885
2096049
2096057
1681486
88831
1898228
2096062
2096019
1934303
1600956
1759
2096076
2095748
1554855
1380940
63751
992345
199918
1309602
104855
1597713
6113
2096081
2096070
27532
1066897
2096067
1346748
443202
1740094
2096092
2096105
1591709
1165222
2643
765114
2096132
2096115
694540
1767865
1074565
2096163
2096164
2096140
2096169
987474
1309060
1879179
2096176
780742
2096125
2039493
2096188
2096192
865817
1802707
91834
1344446
2265
2096203
1593176
2096209
1598024
2095931
1945353
52766
166850
1604793
2096207
8626
1376276
1640749
1551311
662395
649054
1591899
3721
2095835
2096227
2096238
1909151
2056009
1970309
235611
2096180
1430280
2096242
683251
1490600
1544135
2088181
2096229
1091277
678467
1236
2096285
2096290
2096274
17594
709225
2096271
239869
1495254
2096316
99999
2096277
1837928
1627509
106537
736454
1905581
1289620
1562305
2096346
1852794
2096349
2096350
397291
2096351
1651062
2096327
6400
413028
1270124
1001387
9883
2096367
2096370
1949550
2096336
1071047
2096376
613623
2039455
2096345
946148
1796040
1212254
176410
2096338
2096394
1523983
3076
952
1555134
1975005
1405431
2096434
1395610
1615112
2096441
14955
2096341
2096402
1430353
1569
1866476
601407
2096440
2096459
2096463
652404
2096397
917969
1377520
493455
1046272
1480902
2096489
2096490
2096492
2096495
927451
1543304
377250
573178
49592
526218
2096228
1350400
2096516
1387709
2096519
2096522
749146
297389
1348611
1209949
1289439
2096533
929306
2072749
490907
2096266
1107117
2096554
2096547
2096559
1553589
2096552
1148672
2096543
208796
120906
983746
73948
4538
2096578
19539
2096584
132851
1817927
1110559
1985333
15410
1576606
1541559
775180
49234
1402143
208094
475374
2069217
2096622
513344
264985
1690635
598437
2096611
2096409
1517628
2096639
2096641
8852
349991
2096359
2096645
2096647
1296599
2096619
2092644
2096575
336316
1649079
21496
996782
2096673
2096651
2565
2096693
2002548
1387788
1631119
2096453
2096712
1934709
2095705
1115540
1493
2096728
2096729
2096730
1774
18599
1369512
2093332
422571
2096638
2096748
2096752
2044159
882426
2094059
2178
1595687
2096755
96597
4597
713373
1334622
973339
2096758
1279088
2096667
2096745
1202
2021166
625655
2096780
2096760
1972148
457863
1171230
1108554
2096784
1618206
1904212
272934
1523631
2065222
2096775
6884
2096816
1528447
464654
1940480
516417
2096831
718339
643745
2040026
2096762
1535160
5154
180276
2567
2096820
1038521
29434
2096864
1689180
618919
2258
2096869
1338796
2096893
2096787
1291894
1295870
2096900
2096877
1578740
641903
2049014
1765753
516526
2096866
1416617
2037202
2096855
1561150
683
1796346
2096934
416825
105730
1536444
2096945
1332454
1068207
2096967
2096951
1643455
2096976
2096889
1924768
1127400
1438786
2059959
2096629
1136118
1351918
85883
2095272
1826672
642774
918629
1336940
1480290
370908
2096984
219290
2096995
1869928
2097016
1595460
1443210
2096942
7096
2097032
7657
10179
2097046
2097050
808227
1322074
610364
2097052
1433978
1189854
2097020
1466434
1455741
2097082
723536
1589956
1322787
1821579
2095162
1963153
486277
2097107
1621648
1430781
2097080
339590
2097126
1912433
998976
89787
622845
2097153
611492
707680
2097156
1100722
2097141
1278630
3606
367282
541302
1301593
85028
2096871
2097162
691224
2097159
2096961
1716928
649120
2097175
1635762
1457109
441
2094847
766550
209626
1493
2097076
1846453
2097189
1294299
1567585
425135
1148368
1297073
198244
2097214
12487
91442
213281
779775
2097220
1927814
2097098
2870
1507990
2097231
1702328
576281
2097243
256094
1111606
2097259
1943149
2097083
146019
2057665
103946
2422
2097279
643538
78595
2003460
1811929
375115
2097254
1969560
277117
1211847
1333714
2097300
901738
432344
652502
1216102
2097307
2095259
1409776
1795716
2097253
1646297
2097332
2096897
2258
1915466
2097318
2097344
2097335
1902515
2097201
2097355
1283681
1462358
1384432
2043526
2097365
485825
1363793
1890450
2097372
528690
101333
284846
171781
1805663
2097386
2097377
737367
2093850
2097399
1363704
143039
1202
1953572
2097023
2097378
1292834
2097421
2097261
2097423
2085767
1349462
1339346
1818046
192886
1411861
2097429
1267551
735916
1311007
2097437
1349924
399822
1362913
1742250
2097471
2097454
1976323
1288010
2097468
1291634
1289162
1706199
59624
388809
2097514
1572889
1600093
1429725
1919954
830105
2097526
2078749
73839
2097532
2097460
59157
1516751
2097546
2097547
1596055
948082
1419841
1464655
1437731
3797
368745
1131066
1620457
1621961
385088
1976812
2097591
2095310
1508011
933627
15433
1772135
2097607
1363250
2097611
2097622
824959
9472
472487
2063314
1739665
2097637
39356
2097638
2097608
1614293
1479439
1372388
413738
2097629
1271428
2097456
2097693
1292173
908971
2097664
758281
1962227
612462
2097708
2097710
1509024
2097684
24745
786799
46446
1299810
1969
1893250
2097770
2422
2097690
2097783
253
1361439
1464380
2097642
1015525
32624
1759257
1610349
2006108
2097792
2097797
265454
2097803
443731
2097814
1314611
1343444
694899
120138
615543
2097746
1952139
1751884
2097823
2097838
2097841
1988962
680824
974668
1520676
2093294
2097857
794175
1947166
1970074
299
726134
1643470
2097860
2097886
2097849
300697
1285973
1447185
2097896
2097871
2097902
2097906
2097470
2097909
2097913
2097875
241182
541258
2097918
1289783
2097903
1896482
2097955
1943002
2097959
177945
2097947
1382848
1271576
480587
2097979
710390
1376702
1803
1649444
408144
393
2097999
2097443
2090518
1224730
1117522
1335872
835578
1327239
2097981
583820
1991343
593100
2098025
2098013
1277772
556562
2098047
1578566
2097969
2026206
979582
2098071
2094392
2047494
2040358
1246818
2098072
109337
755244
338522
2031825
152060
1384428
8401
12642
2098027
2098006
1167437
2098102
2871
124287
2094439
2098110
2098005
1440265
952242
438986
2068685
1327541
930824
2098149
465890
205
1965403
1300102
1377448
234236
2098113
2098169
104483
2098168
2098177
1283973
227101
9478
778014
1063745
1925541
1936251
1352911
137724
2082418
191511
1323455
820149
1057489
2098215
1921051
1906773
1976910
1167670
63305
2098234
1664787
713623
2040947
2098216
7945
2098253
1724395
2098257
2098238
1202
2098214
559449
2089713
2098286
322140
1960228
2098279
1285668
231373
2061
1519057
1912188
81867
2098290
305820
2095165
1453311
2098296
2080933
2098315
1174967
32630
16369
9315
1550444
2098391
2098379
1831228
2098324
2098294
2098387
1947341
1292710
2098427
64638
1839420
196313
2098354
356784
1617152
1942718
2098408
2708
1613715
1252291
2097753
240166
1320993
2023206
838226
2098495
2098443
2098409
2098433
2098513
252237
1301438
2098518
10907
2098532
2088774
2098179
1404170
2098548
10582
2647
767930
693
1762882
1949937
646601
2098572
2098555
2098553
66923
749283
2098588
1202
437446
2093982
2098604
2098313
2098601
2098615
1661353
2098543
2098610
2098562
1455042
2098569
2098628
2085431
315026
1611630
985930
2098643
1271108
1474121
716633
2098648
1389563
1347851
2098637
2098675
2098715
835728
1966
8547
2077821
1414955
205929
2098727
617073
118753
2098730
5635
2098739
2098709
1507999
1935578
1794360
2098759
1486015
311724
1358863
771945
1049790
2098707
1058784
1276075
1624790
1162827
1476625
2098684
1994636
2098796
2098629
1490549
2098775
2098807
2098795
2098815
2072382
640798
879470
2098792
1375839
1130718
680648
8892
2038317
2041573
87777
2098592
2098837
12177
1817592
1948038
2098840
2327
1641981
2098848
2098828
2098866
1293886
722900
6823
2098889
371844
1717789
1541040
2098877
295259
1932417
140890
2036321
1275453
727116
1363985
1885271
2871
610516
935511
58988
748411
624070
84555
1569
1932986
10261
1581407
1497246
782932
3470
619082
1464545
2041906
2098969
251543
1954454
1792759
2098946
148184
1879266
1331875
4702
401986
2099004
2099013
2098989
1733
1650945
1318865
350932
2099015
1136199
49636
985778
2099010
1236
2099024
1608485
2069280
22130
17068
1036
2099082
1488306
2099088
2945
4972
221717
1055771
1208379
1286185
354416
1088022
1300365
1464745
1113647
2099150
1623495
2024363
2099052
2061
1436024
2099171
2099179
1033117
1453361
2708
2099207
501496
2099168
604298
1830067
2099218
2099170
340738
2099220
2099248
2099186
2099219
931096
2099257
743030
8427
1922388
422630
1081298
2099250
1710516
1381740
225887
2099247
1629
590978
2099285
1147668
583820
2099253
1885362
107906
1318487
1851363
2099260
2099330
2099312
17737
299
1623360
837125
705762
2048470
2099264
2099369
2099371
1285847
1624166
211418
2099348
509655
2099392
84894
2099399
2099407
77900
1296999
2099331
2099419
2099388
205551
531005
198698
2099423
2099378
423199
1956095
2099073
1530267
952596
2099345
2099431
47684
2099436
232191
1338586
652056
11141
2099273
253
1886048
2099463
2099467
2099468
2099452
776905
10847
1705019
2099470
3071
2099479
2900
2099498
185181
1470865
2871
2025703
477072
1462965
693
411476
350757
1601186
380188
2099550
2099577
23892
671
2099600
1058093
1405248
1236290
2099641
500984
721380
822907
1208724
2099627
1482439
2099643
2069795
2099658
598352
157115
2099680
347579
247336
1639710
2099594
1494164
1456306
2098911
2687
1988536
6038
2099694
3038
2099725
2099729
1268978
1333785
1675946
405696
2099713
1476181
607112
1580669
2049724
1289421
1341438
846413
2099789
292301
276346
909476
260093
93808
1495440
2099779
675718
583216
2080968
496420
243412
2099759
2099821
1366458
2004748
2099844
1413415
562889
2099858
452008
1393436
1441999
2099889
370200
1542639
2099876
1464013
1791345
568293
2097015
2099891
2099907
2099910
2099897
2099906
1283295
928861
2099919
423235
2099896
57307
1631729
211930
2079730
2099939
1547970
2099946
2023943
718104
1212
139635
848708
401436
2099965
2099951
79729
1398132
267193
2099570
817590
1772796
2099996
2099999
1458479
1703429
39
1136985
2100005
2044050
2099920
2100011
2100014
2099997
27669
2100031
2100043
2100044
1342738
277
186872
1403664
2039076
20426
1493508
2100077
114250
668565
1630702
2032329
1988576
430671
2078126
1566705
2100093
1341231
2100045
2100104
1371272
2100116
611492
277593
1434247
2100063
2100132
859362
2100142
2100081
1370870
2100156
2100160
109331
2100047
2100162
801
2100170
902602
1266
1279297
2009823
2100193
4719
1624436
18190
2070801
1137371
1583468
2100230
1328873
1162905
2100250
2100260
2070548
318464
1495686
401416
1949358
2100302
115686
346679
1275844
264756
2090084
96276
32136
111144
1673604
1652004
181159
1302783
5790
204488
1266549
1705160
1304421
2100295
1894741
1107673
2100407
416977
2100408
1820
1961251
32750
88165
745618
2100402
30368
1149236
1385724
2100464
2100447
2100480
6823
1097735
2100435
1341172
1539440
900801
770
167784
2100514
4311
1608273
1410486
2100539
1879611
1166546
1567967
1981015
1441400
2100563
1475
2100571
9790
573821
2100593
2100599
1522846
1483061
2100624
2100630
1874732
1963902
987000
464569
2100644
1877067
2084788
1444808
2100680
770
1672
1716106
2100687
2078087
2100640
2100698
517609
541972
1884838
2100729
907244
1321500
583976
1991122
1266
1286206
2100735
2100771
2100758
2100740
526377
2100744
2100838
1430711
1301921
2100801
2100825
2100867
162210
2023811
2100864
1365043
4597
918
2100923
2100731
2100938
1292134
1346965
1718691
1637269
2100970
352493
2007487
278713
2100871
1578218
401665
151900
1283481
2101011
2100967
1940
2100983
1846950
2101038
2101026
467715
1529975
2053473
2101099
392982
990901
2101005
86932
2101095
2100915
752117
2101109
1911988
1345248
2101149
489979
563646
1731452
65416
250633
232393
3821
640906
2101215
2101217
2101220
1610068
59494
765504
2101239
2101184
1282480
1269576
1604295
701
310723
2101305
26353
80466
5699
2047396
2101298
2101328
2101319
1394184
1267867
2101326
1387435
21140
2101294
1067052
1887763
1285953
1072646
343979
2101382
960869
2101475
450995
948045
1884769
2101513
1180268
2101507
1291174
49963
1451042
1712584
2101579
2101562
2101593
2101588
941545
2101557
1799229
2101357
2101620
1854338
2101641
1840709
1676044
2036066
2101701
2087741
2097017
1465340
2101789
2101766
2101777
1661
2101807
1296485
1625744
544224
2061
491863
1162
1496285
660539
8547
452910
2101883
2101884
2101888
2101901
12487
1385215
924702
1375
2101900
1209313
2101945
2061
2101893
2102002
599033
171806
1277253
2102083
2102049
2102093
2102067
268501
2102142
599620
1179373
787019
1392583
2102163
2100404
2265
2102175
105938
2102199
3
2102216
1300737
190304
1394729
2102246
2102282
1497740
2102280
68212
1295775
2102281
1288942
2102337
2102289
534458
1733
213982
986990
835077
109025
2102422
2102445
1321688
275662
1366112
1488010
1416788
2100892
2102495
2102506
2071841
2102514
335345
19046
2102526
437375
2102584
342288
44301
365655
2102631
1422782
6823
13879
2102653
2102655
2022813
2102650
1642726
683
1703457
2102729
2102733
2102743
536738
1513520
1502582
678136
2102757
1056949
2102786
93976
2102790
336198
2102802
491705
1977043
2102842
2088930
2102841
2077143
2102833
2064034
2102855
1498924
2102850
1443112
2102916
998702
1434103
1415069
268266
98545
2102979
1879750
2103002
486753
260958
921141
7049
2061
27348
5205
801500
2103051
940762
1639338
2075715
4446
391907
16031
2103076
1942833
352391
390149
2103021
221748
1670403
2103091
1593959
2103154
1453181
1703472
2103166
2103168
2103138
1653764
1419855
474621
3071
2069293
1837
2103208
2103086
1874075
141832
1285292
134845
684586
1267057
596758
2103222
2103228
31058
1399335
2103259
19177
2103276
2103284
816
2103292
621095
91507
1778373
955020
1300374
361021
1693930
2051197
1588872
716991
1611948
110923
1210369
2103360
2071431
2016006
2103363
2103369
2103376
1274496
1797818
2083941
1797558
2103394
2103373
1468176
1605263
2103421
696261
2103327
2032808
649162
701
1294615
2103448
2103472
476329
2103487
1409952
1704027
2093711
1345227
2103502
99547
2103524
751387
795204
5585
2103405
2103519
1597560
2103541
1300185
207061
2103573
553944
1862106
934373
1503645
2103600
579241
1876111
74092
256699
1127498
738823
2853
2090176
476844
560851
2102101
2103649
2103664
913452
1951445
1490804
2103580
1621050
2103698
2103706
1946048
1355734
562932
1111834
2103703
1582412
291002
2103733
2103739
422557
1375333
1647489
2103753
1293475
1405451
91430
2089556
1748109
1545187
2103542
2103793
2103799
828525
2103808
76306
2103814
1992967
1937630
1326696
1378806
2103811
2103833
2178
1492106
1115793
670012
1894199
2103839
916055
1321878
1469245
258385
2103848
2031946
2103891
2103859
377130
2103899
1797311
2103905
835710
2103900
1127154
2103919
99266
2103922
683
892258
63641
76013
2103927
2103907
1339329
1431912
2103876
1588459
1763753
713032
740932
209853
1581021
2103972
2094209
2103941
721885
23746
6323
1272667
1139924
64784
2103984
1140466
1414634
2104016
2103980
2104023
1620611
2071301
1306395
5010
2085354
2104062
2104063
2104043
2103826
1287875
1943631
146175
4039
147215
354165
1367372
2104037
2104086
1067485
710317
2104116
1945953
442471
2104119
1126829
107668
2074633
609086
460446
2104158
2099080
2104166
538623
578302
1350829
2104195
1422375
2104190
1408693
993
2104110
1985465
2104198
1511232
2104208
981730
1423453
1987952
1376336
2871
532368
2104255
1917985
2104241
1632024
7219
240723
1499365
2104270
1894919
2002030
2104286
2104106
2104249
2104220
995636
1122421
2104296
1545893
1089434
2104315
2064425
72503
2104324
2104330
308032
1427346
983587
2104341
2104307
1290840
1321271
2014294
4947
2104361
1347098
2104358
2104392
2104393
250930
130779
1510902
2104371
1126120
2104411
2104417
2053065
2104424
2104314
761428
1648895
231493
2104408
1572815
2088230
1346224
857724
1344207
1978140
2104461
2104250
1677160
1286548
1212
695054
2104157
1439758
192164
476346
2104491
19327
950643
163790
2049632
1427649
1243306
4875
17619
2077977
87778
2089479
2104506
2104531
2104560
2020854
465
580595
2104571
2104573
840578
1422748
1444203
1660174
2104600
248460
153144
2092863
2104630
342
2068182
1209696
2104654
2104666
2104668
1269697
375859
1290110
378340
1156
1510339
2104638
838442
1538239
2104703
1929054
2104689
2029994
1345077
1239101
1850683
3513
1548287
775275
2327
2104705
695924
2104730
1648073
2104755
908823
766494
2104359
2104745
1985078
71743
1906
370915
1421006
1754209
752557
2104632
1177831
2104817
1413799
2870
2104826
2104698
888129
2104827
876369
1824169
643951
2071307
1796960
2104852
2018814
2104842
2009158
2549
687429
2104856
2104784
1001704
2104881
1612922
1050226
1907514
2900
1997793
1396275
1445153
2104917
4958
1963856
2104934
1533327
890430
2104953
18669
166920
1472379
2104944
1526864
6536
20970
295109
2104987
990141
760747
197621
407878
1352145
2105004
535933
889364
34399
2105011
2104978
1471131
2105044
2105018
2105027
825408
2104975
1541138
2105074
2105075
32734
2105071
594296
1509995
497570
1633830
796859
1829363
389688
2105113
2105114
1061426
112585
2105126
2105127
2105038
140471
1941401
2105102
32726
2105143
666526
94036
2105122
1494994
1317270
2104999
2105171
385590
2105190
2105194
1752269
2105155
2105199
1613122
10713
871434
749262
2105220
262588
2705
198215
1785424
450388
1940696
51641
119839
273704
1086259
1591645
1594023
2105293
2105207
135295
2105266
2030135
1337446
2105310
732752
535332
1741632
33476
1424670
2105322
641275
2105222
1879644
74802
2036433
2088082
2105360
1569
1579506
194243
777883
2105358
1276148
202354
2105342
418651
676
1465973
1337598
2105395
385991
1114283
2105385
394528
111156
2105399
2105330
3797
211506
2105410
881055
2105096
2565
1266
2105425
161599
1340322
2104302
1558983
55990
1948556
716486
1651131
1382850
2105421
2105486
933427
405295
169390
22470
18809
2105405
2105503
473753
2105436
1768015
219698
2105515
1906
2105394
1526856
1290989
2105538
321700
2105469
2105546
2105414
2105549
2104298
1462624
905100
10261
2105548
29746
2105564
2105572
4538
466720
994970
441739
2105446
933961
1435974
708080
2105605
2047043
50592
760747
2105519
2104896
1429117
26527
1295460
2105634
369598
1752950
1499930
2105579
1609023
1939901
2105637
1333951
2105599
718010
2105623
2105652
1364019
307156
2105680
1352460
85102
2105700
1174538
1803569
1638876
2105697
203907
2105716
2105666
112299
2105726
85533
2105691
2105625
1495371
2105741
605520
1282428
1085529
594370
1618617
333442
2105734
1354818
470432
2105520
2105493
1482857
1437015
2105740
1273000
2105786
2105785
2105775
199537
776305
2104355
1428831
127201
97185
2105784
9361
2086228
2105774
488980
16031
979853
770
489
83044
2105747
2105695
2105826
2105643
5320
1302317
2105847
2105827
162881
2105855
2105856
2105824
2088301
2105832
1675972
5205
1452475
2032411
775898
2105865
2105735
2105746
1381115
2105871
2101529
1342422
53660
210829
1643253
463213
319282
13370
1959722
1345976
2105869
2105792
318661
2105862
7219
5344
49724
2105901
2105821
1424285
1979465
2105888
2940
226060
1368052
2105000
1484967
1592806
2105900
2105895
26996
1245346
459434
1323354
2067685
2105919
2079809
1623791
1505171
1551681
1399119
1280285
238399
1392293
2105980
982046
2105720
530866
9790
2105993
2105972
1341359
2105920
707620
2105983
239187
930994
1106755
699275
441
1571651
2069356
1216495
2105944
1410302
2000219
1539952
2106007
2047592
2106028
2105975
2105964
1842220
2106033
118071
235545
2106020
529832
1448653
704739
2106053
728085
498116
683941
2106010
28267
2106044
2038011
2106066
2106068
480545
1735790
373331
2100389
187847
447942
274568
29380
1368281
1236
2043416
2105930
77672
2106065
2106109
1351831
2106114
354269
2106119
1236
2106104
1246952
158386
1521659
2106089
2106056
1420551
8401
2106120
2106118
411958
9775
1521710
780170
2106112
479611
408249
918
2105860
555703
1794115
1455405
2106182
2106081
1619419
7432
2098536
2106196
496332
896681
367247
2106205
2106146
1203046
2106163
2106193
1128251
2106133
532401
198695
2036806
1307333
1386245
2105973
1566490
619227
218010
972568
1998845
1284708
3302
952
2085179
10640
2106126
2106055
1286271
780187
927760
678
579992
1382346
2106304
6012
1833797
1723713
1072986
1138667
2106294
1529080
32734
2105356
288133
1533177
2106330
2096595
658989
1377412
2106297
2020716
2106079
1671023
676
616934
257839
24908
2106376
1531015
1863540
2106288
1662468
2106305
1347881
1892814
10524
330151
1804622
1473785
767258
3417
2093495
2106392
2106373
1383373
856485
688361
496289
1497746
2106216
1325497
997945
797752
2106414
739991
1009252
2106466
4826
1629009
741657
424609
734255
1020406
812
451848
1710085
109448
62685
519775
2106426
1341556
2106510
1731783
1113142
2549
2106495
67492
1324577
2106544
334692
2106499
2106480
2011370
2106552
1052409
86130
1148329
1455002
5140
1053059
864348
2106554
2106489
688224
1434070
1527292
694016
14404
1044789
2560
2106565
1604438
2106606
236325
2106601
1803
2106605
1569
201989
2106626
1364199
750181
1462445
180195
55325
2105835
252163
744166
412628
75861
365970
3621
2049401
859437
1948060
1436494
2106630
2106658
2106662
1337525
157812
1755163
2106677
1327415
596251
313064
2105196
2106657
629172
2106255
2106710
2564
769805
3470
613709
431968
344553
625541
940643
1465079
2106717
149439
230826
136717
2106733
2106736
1335218
325281
1015342
177749
1395101
521088
1614393
2106749
992070
2106714
1284978
2106727
2106764
2106765
1129321
2106639
2106773
2106774
1318187
2106787
2106753
1961136
2106790
1270524
2106779
2106708
1781492
1854315
1591805
2106817
2106636
391398
1475
1024593
2106794
1927210
2106728
2106428
348830
2106745
425445
1946990
770
5154
2106831
2036075
2106851
33074
1435444
10811
2106856
1298508
1669302
1289807
1587077
124870
2106864
2106867
26426
359907
812
1311399
1340756
2106807
4148
24199
2106898
2106880
613372
2106803
1289584
331211
2106795
680961
1370963
2106878
428146
1288698
1527856
201669
740178
2106920
454988
556976
1222250
1858889
930583
1339701
930893
2106933
1434555
2106968
22498
1789458
818193
3721
1247253
4538
2106982
2106869
20426
606635
2106986
618414
877022
327677
1481404
2106861
1303748
2107000
2107004
2106974
1242112
1629
2106994
2106946
2107021
2107023
169196
1794921
2107030
2044312
499778
2106488
489194
2107040
690845
1585887
1285255
2107046
1412595
2107061
1555829
2107082
14594
2107084
173820
2106379
2107043
1024685
2107100
911996
2107091
1426196
2107115
2107072
1595138
1053431
2570
3014
1360709
2107145
2105542
1415609
2107086
2107087
2085806
663
1424610
1123751
3045
760338
1402925
583802
1090819
521147
1266
1136944
1818521
930736
1582579
2032100
2107070
2107200
1448122
1561804
2811
2107180
747085
1296135
1861636
6341
39037
2099166
1448285
262124
2064125
1439417
342
2107214
352414
2107070
2107210
2107253
216895
2107257
55248
644410
9472
1346185
2107278
2107274
912049
1801783
2041909
1676221
17819
2107291
210688
931568
2052773
2107300
2107301
1977336
2107272
664946
460545
1317857
445327
1655321
2107225
1268149
1501470
1636435
2107324
9901
221672
2071775
432
4311
271017
448557
923370
10453
2107352
2107325
2107362
1327053
1100835
2107377
1757
1340284
1597400
708039
1387234
344786
1490907
2107080
1978471
6182
299
351340
439619
1980638
1269975
2107367
2107414
2107398
2107420
2107424
2106184
2107425
1304958
2107426
1603291
2107392
2095536
1666629
2107361
3817
127357
14955
2107453
731774
301670
1501000
104403
747279
2107455
743039
4875
2107406
2107399
1627187
2061
661520
1614236
74534
1737602
1055805
654881
1311951
690899
24447
2107485
583541
2107496
1536653
2870
116219
2107445
2107355
2071507
2107514
1057796
1420284
2107520
2107506
7170
7432
45486
1338175
700555
120157
1508642
925708
2870
2107558
1491978
5
893592
2107494
1755634
17777
2107531
2107503
816215
2107565
1592309
2107515
638011
1662
1373581
164722
1063137
1738672
1291214
2107582
448858
612266
2107596
2107579
2107601
403765
1478986
156364
2107510
2107646
2107637
2084558
72309
917299
297159
2107660
13370
1532962
1597513
210193
1370558
7432
130108
2107663
357473
2107692
1869098
822501
2107697
1365835
2107641
456600
2107671
1480203
990198
579699
1942054
2107720
2318
18860
91590
2078474
2107727
363712
362586
1633477
524599
1491588
2107703
2084743
1525556
2107747
2107754
2107557
464559
2107678
1481031
1821938
1640329
507532
479755
1387774
904003
252620
1343166
1283474
592567
2107784
2107790
2107771
2093034
277461
1210865
2107711
38333
1858360
1640957
1774
2107814
1795442
1312500
1277116
689388
1552527
636651
1304324
1516540
2107812
2107630
2107828
2107841
2107842
2107856
1267818
2107858
2107831
2107366
1411635
5585
1496664
2061269
2107887
1285961
2107498
1106681
951662
2107869
1596467
2107864
1569
519626
135631
415198
2107769
1317592
1947170
2107817
1327060
959293
2107874
286476
2107417
1315145
1640848
2107914
2705
215511
1845105
1968
1288298
504501
1675562
2107749
1821427
100575
2107958
633719
2811
263991
1471642
1445831
1780348
1421392
1380829
2107977
1941438
2107987
2108004
710012
1285036
2108013
1935666
1618750
47640
2099300
2108024
1618322
2108010
2105784
1486411
2107957
951875
1341560
7544
618346
1146510
2108001
1396898
2108031
303075
823595
1549803
1751410
11762
2107995
863854
2108064
725033
918
2108067
16648
70127
1191214
678333
2108083
1014316
2108092
826594
1475910
1702660
2108098
2066335
173463
6191
1311364
2108054
1323317
1385541
2108087
1811801
2108118
1986411
1348404
521247
10640
2038061
1271348
1372618
929319
2108094
12508
2108148
2108161
696959
168535
2108139
2108144
1085002
8475
807257
408599
285732
2034027
2108163
729293
2108189
2108174
665524
2107985
1291212
2108192
1578148
2107971
512473
2108117
1861309
2108201
1248542
1256423
1172399
2108219
2108220
2108223
2108225
240798
725700
1289348
716766
1315
2108216
2108234
2108187
230375
5635
391085
1496663
2057662
189571
7049
77753
1516602
1597110
2108227
1573176
2108272
603432
2108279
1399092
1533667
2108293
328493
13115
2108298
64364
678
1604312
2108285
1070221
1873789
2108320
809958
2108323
854606
2108303
434049
372688
571543
39645
2108331
2108311
2104965
678740
2108337
3071
2108301
2079214
433
2108340
2108328
1768
4042
1085064
2108247
2108326
1495867
930942
2108352
819919
2108184
1607318
2108149
1983319
2108359
2108365
697074
1236
1722776
2108357
2108286
2108368
2108395
208657
1306262
1282998
1043498
795127
2108403
2108404
589743
1605108
1651308
1666367
4311
2108423
1571794
1217332
1546712
540481
1712782
1439064
2108269
3003
1525240
1938239
114854
2108370
318836
1595033
2108448
2108456
2108438
2042586
1329448
1515302
2353
2106925
275948
2108434
57803
1286995
1470626
1934231
2150
2108484
427330
1012924
2108491
2871
517999
1315343
2108255
1487424
1589791
1444216
1784089
1581527
15795
1667097
2108528
2025285
2108535
2108520
2108479
1447977
314127
2108516
3621
11184
2108555
363412
1293158
2108562
2108495
2108567
717
1140459
10183
91679
1803012
1118039
1023498
1722502
1024405
1572064
682264
2108545
1082485
326517
24867
2108608
2108518
793623
1298272
2108601
1059692
1330438
1652900
331227
1275897
2108638
616070
144642
1298840
2108611
587896
2108652
1548173
1725475
2108664
2106316
1209790
1372706
2108648
2108629
2108617
2108655
1655909
2108696
2108683
617703
1444
2108711
857571
2108698
2108668
2108710
1573784
1501783
2108734
991872
1616720
2108700
2108750
1387874
499236
25641
329826
2108764
5554
2085812
1434317
23899
476022
1000335
301660
2108780
1535616
564635
1881694
2108761
2108796
944008
1184216
2108769
2108633
1859781
405144
2108820
2108787
5635
35323
2108825
1995701
1285218
2108496
1811750
2108835
269891
1149786
2061
324285
1827471
1749336
2811
1617673
3114
2108774
2108730
568927
1261052
46149
673789
1783932
1148989
1466089
2108784
1306837
203139
2108783
312040
1462491
2108918
7049
2108815
2097556
291767
1512435
568170
2032841
1586663
1810659
342159
1327786
2053599
2108938
521956
2108940
683
162820
1353616
2108870
1767889
4184
1922313
2108943
4875
2108932
1349623
1520397
78395
2108980
2109000
2109001
629791
1620335
1056450
2108981
1777306
1471989
2056900
633439
2107808
2109027
1889413
2109034
1489538
2108961
2012851
2108984
2109048
2109021
2109033
2108970
1317283
2109022
2109059
1296633
2108646
86970
1321086
2708
113284
4936
1955979
1417162
5642
2109073
1947827
1285595
1509675
1787848
2109119
532387
1803
1331519
2108636
1648663
875913
850
1350948
2109108
1208456
1149785
2063529
2109155
1002563
2065804
1279654
2109166
457380
1300896
171974
752179
2109202
1513457
273966
4059
2109211
2108972
601117
10935
2871
967705
186459
1043928
3038
2109228
1700841
2109224
1282137
2017820
1349928
2109243
364129
2109218
2109214
2109235
375284
2050625
88318
2051114
342
2109275
2108212
1204965
2109298
2107961
2109221
803833
2702
1288849
202498
2109333
2062601
2109293
655867
2109158
83431
2021508
6051
2109347
2109309
345044
2109323
2109367
1266
1154833
62152
1800614
1324925
1341383
2109317
1618297
585393
2109258
1572944
2109292
1883554
1866627
2265
2109428
2109430
127113
2109176
2109438
2109411
3722
18138
2109287
2109404
2109393
2077701
464959
2013595
788828
2109398
2069761
1973860
807532
1396125
2109394
2109167
404341
2109454
2109378
1119811
2109490
1906430
2108203
1582589
1294993
1569
1015439
2109486
2038544
2109523
533342
3470
2109492
4702
1919249
2109392
2109397
2109510
1117536
1914234
1891750
303120
1382183
1370682
2109547
2109509
2109548
2109549
2109525
2109542
1403889
1761332
1449610
2109564
1070262
163621
2109546
1398006
1323371
510795
1381623
417700
2109560
943764
1703954
435010
2051693
84351
327920
1005534
569430
520314
2109600
591200
1480577
1731149
578776
1080514
912142
95517
2109630
2109616
433
357381
440398
2109618
9315
993
483986
2109652
1284255
2109310
2109661
746634
1471220
1276189
2109668
1518920
2109648
1906
1622786
399708
318302
359653
1339403
1375
543826
1348767
1307626
223291
17619
2109690
24394
1986446
581678
18439
1866609
433
2109697
380417
1320592
1211192
1569
2109665
2109667
2109719
2109685
102636
2099324
490961
674934
783
1398504
1618412
2109545
1434440
1587993
523738
2109703
7170
627296
117891
1466240
2109726
2109757
254473
655977
1981548
564375
1358
2109752
2109707
1774
2109738
3071
2109813
2109814
2109799
2109798
2109705
901464
243684
1791970
3071
282027
2014213
1564973
764039
151456
854778
2109672
2109844
2109832
453987
466858
1339535
786673
1328985
1466007
1618307
2109864
1713498
1545130
270522
1047248
2109839
5010
2109848
2109741
1056715
2109883
2109825
2109875
1305532
386129
1374637
2109871
1493854
277
1423384
2109645
2109907
2109912
2109894
2109909
1596776
2109914
1276751
2109906
2327
2109830
1319970
2109853
2109835
1145418
2109935
1138251
1618239
1653448
1371936
941310
2109895
1654692
15788
1905945
38029
1150513
2109962
18622
537251
18635
2109964
2109810
1614055
2084492
1328769
2109917
641800
651949
2109938
1311231
36962
2109954
2110001
2110006
2109971
2110008
1295079
2109987
2109123
2110017
506977
1687660
1880092
1899918
2110026
1202204
383392
354
1000001
2109723
690
2029502
2109504
2110033
2109972
1861212
186142
1602
1277274
1628459
1116278
62152
2110003
1577801
101416
1116484
2110052
1569
2110054
1594673
176813
555427
2870
273318
2110025
2110063
402
2110065
2110004
1757
1306109
1549626
2110072
32784
2109817
203285
2110090
2110012
558083
1507234
2110039
1299413
2109941
2110107
253
791127
2110085
1505894
175118
840957
1344937
14542
1336914
11276
2021736
2110071
1459216
2110125
2110166
2110168
2110169
2110037
543695
1486177
2109919
1380585
298857
353740
1530183
2110113
925482
1624292
716211
2110115
1749961
1989802
2030241
2110216
2110218
2086561
4947
3028
2061
1438428
701
2110146
2109965
503739
2110240
1615059
1322757
707910
2110225
477362
2110258
292974
2110244
499835
1812253
1469211
136780
1569629
1709967
1803
24394
2110278
1822654
2110280
2110284
2110128
2009737
108760
2110243
1596042
2110296
593008
638726
2110253
2110313
1271742
2110273
1711553
1877920
1666649
297579
2110346
674966
2110345
2100049
1438575
234948
646849
1010228
1431743
2110362
1616082
2058628
2110374
2110379
374887
1999809
2110387
2110361
1379803
526737
600711
2102505
316649
1773893
1613040
1894975
1212563
179280
331494
1022823
55500
2110382
2708
1605134
1276438
1309151
1594391
541665
2110421
354
402
1468849
2022494
27120
2110434
2109557
116439
479408
1331854
2110460
2099429
338223
2107324
1315563
2110443
1027777
1284357
2110467
4702
1323243
1956705
1610617
1824966
1743821
2110498
2110449
2110499
2110436
1547032
2110500
1365026
1562314
631646
120880
1499947
2110492
1302372
1291356
1817010
2077577
1597266
633895
2110510
1413116
225138
1551512
531999
3417
1442780
210092
2110545
1283736
1281739
1964420
1914090
312374
9910
1756459
1364832
918565
730755
20426
2110590
2110536
1247825
1201689
590586
2110574
2110429
2110600
2110589
154531
2110630
2110607
717
297795
2110472
2110622
7219
1550894
204667
191359
2110680
202320
1372900
2110693
2110707
2110654
2110633
2108036
2110706
129344
2110721
1331620
1583161
2028379
1549851
941545
107494
1607029
2110728
1820
713770
483823
121393
2110758
5796
136016
2110731
14832
2110735
417200
325378
1064378
2110719
540335
1563758
822499
2110780
1586643
2110792
1394527
1758206
88328
1561421
1451925
2110775
230545
154685
1408457
1743392
576254
2110678
2082515
333109
1950359
2106249
1995972
2107324
2110818
1133259
2110771
2110803
2110849
494688
520451
1743535
1556662
2110862
1589533
1926816
1362337
1285201
2110764
2110882
2110813
2110885
2051387
653718
2109356
1620565
2110765
1199917
2110861
20653
1729107
1977288
2079796
1503368
2110918
264998
2110894
625748
2110923
636626
166362
3754
1567883
1916341
1111302
2110935
6823
641805
2110877
764668
1982807
45849
241947
2110950
136141
918
2110903
2110962
944182
13275
1425985
2090696
87681
769192
1495626
746469
2110981
1434508
301349
2110921
2110999
2110870
1878140
2110834
2111004
1202938
2110929
2110893
2111019
2111002
2044501
2110819
1595625
2110969
2111032
2111054
2110988
1482557
1302833
2111048
1117881
2107588
2111037
798886
333821
560377
802371
2111081
2111071
1447042
30057
2111098
2111080
2111088
2111104
2111107
1000885
2111014
1370495
1547626
2111145
1938583
993
683080
370329
2098537
1761267
168109
7219
2111171
2111103
140311
2111131
2111161
7198
2111123
535403
14832
2070298
3821
1828095
996533
850159
2111197
21292
2111142
2078502
953507
996853
1730549
748115
2111202
2111211
304634
2111234
210355
1232165
2050996
1056338
15410
2111235
2111199
2111079
2111141
1766989
2031449
7432
2111256
1575234
1463747
398658
30728
2111260
740584
2111218
2172
2107956
335689
2111178
2096724
1770630
2111188
2111247
2111270
2111272
1287979
2111264
1809803
2111274
2111278
1450716
2079063
198098
2111293
1419374
1306636
1893176
1140285
1781802
2111296
2108462
1034542
1236
2036305
2111307
2111309
1580424
2111245
601575
1784758
1308132
1257511
638106
110696
2111308
2111271
1292112
123642
364277
2111322
1612063
1655728
2111281
638887
809769
5727
376991
2111261
1353858
2066853
1835717
1605096
6430
1054145
38466
377743
2064201
2109654
1065122
1416823
2111019
13106
582172
1281624
2111387
2111228
809821
259905
1932007
533409
40756
2111342
2687
1425001
2111385
1142674
2111372
1466037
1600882
1567229
427780
4176
1698982
1994337
2094375
2111395
1368929
1830920
1933908
2111428
187575
1337422
396090
1840442
2111449
18253
1469659
379669
2111439
2090167
2111436
2083693
2111328
1608351
2111475
2111456
507422
1352697
2111383
1978282
750974
217703
1257716
189236
840676
493274
1333288
344464
2042261
293384
1375
78021
1448100
1475
2111499
2111492
698509
2093557
2111524
2111494
2111533
5097
2111481
1411425
2111501
1389808
2111392
2341
1470032
2099231
952171
543389
590596
2811
2086105
2111572
2065473
2111573
1555763
2111576
2111570
2081504
263448
261959
263932
1798477
24199
2111561
1451693
2111591
987881
1348819
1939872
1589139
1260754
262607
2111604
2111605
508679
993187
1946046
2111611
1714515
2111485
2708
1804660
116057
1873099
1949414
7657
713181
2033436
487850
2111638
2111639
2104835
1599303
230429
2111640
2111634
934165
2111654
2111618
1289959
2086112
1294563
14350
605958
420024
802
629526
2054523
426753
1966842
1574793
1622738
1054361
21360
1966
2108693
136762
1301597
2111699
2111701
1302364
2111710
1246384
277
1582762
2111714
595582
230710
2111718
78113
1411076
2111730
5010
4597
2111666
2111673
2111736
2016716
392145
10640
952
1615276
17770
2111764
2111742
1572208
2111738
2024259
205276
153644
449970
425868
2092608
2111698
1734846
466541
2111799
1314893
2111784
824885
1751
2108473
2111801
2111767
1146388
1283250
625788
2111818
241829
957657
2111567
290032
475809
1547766
693929
708706
2059255
2111829
2111823
363753
1979412
2098430
1326029
2111839
304781
51437
1879042
2079213
1426157
1751408
2111855
912623
2111842
1763826
2111869
1331188
2111873
2111875
731273
1315610
350732
345224
1288681
483494
2105104
1531375
2111903
1906
1569
2111905
1282928
2111857
490941
2110135
1898510
1400344
2006617
2111750
126561
706599
1471
2111420
2422
1753457
419364
2111942
200735
2105597
1655057
2111946
2111949
560
1031604
14164
2900
1887957
6400
667891
1319411
458153
626618
601267
524554
2111963
2085490
2046442
1964177
2111969
1615378
7219
1319514
1360327
29704
2111976
2111959
1281200
2111983
2111917
1359584
2111948
2111988
1960409
2111980
2111840
2099352
1454820
1970797
1717013
680723
649780
2112003
1492484
267307
2112007
2111925
2111992
2094678
153152
2094709
543979
2111928
2112023
710716
1348185
2111989
2112014
1459085
1459402
2108264
2112021
1526298
1943875
1620350
1340102
2112052
1378204
1313965
1344811
216540
1163446
1524875
1331268
615044
1503306
1276964
1622292
1288287
623309
1525231
2040539
1616125
1446615
1437814
1277689
2112086
1202111
391714
2112091
562945
2112092
1441106
2112076
1636631
1465712
2112109
138772
2112119
2079002
2112125
791320
2112064
2085071
1401078
837254
1425558
2112154
2686
2112128
1275473
2112166
2112150
521620
1310808
2112171
4958
512223
385963
1466385
586880
1766058
1267216
2111961
577928
2044633
1472947
1040868
2112160
66246
1314097
331
1682524
299636
841166
1617471
514351
391101
2112185
368207
2112204
705906
2112221
2092294
393937
1548698
2112236
233944
2112240
38594
26428
2112242
2063642
1521766
1397919
1504086
2112235
2076821
559683
2112267
1290022
2112274
1836940
1090323
674897
1971419
2067386
1529542
1417645
2112244
2112230
2096368
525486
1662370
246449
987765
2112284
2112312
2112320
2111491
342614
659860
235638
1051857
2112332
2112297
2112335
519533
697631
693377
50572
2106282
2112347
2112352
2112316
2112328
12368
2112317
10907
437161
2937
2612
1856367
38862
2065430
1216890
2112366
1556914
1825569
1277529
2112344
2112381
213511
1416910
2393
2112391
8221
2112393
2112384
2112396
2178
1500713
1290784
423625
1444
301282
667041
214452
1497774
2031944
1150408
1276106
2112419
2112288
1943803
2042302
789671
137347
22130
445053
1602286
1449297
618718
39392
2112338
1300853
1267237
2112447
2112404
296369
2327
2112446
2065257
315694
2112457
2112459
802
1314035
361907
1727502
2112462
1494821
155408
1721594
2112465
1806459
28318
1269374
1501665
2025404
359295
2112460
1283004
2112456
656216
2090956
1503799
1519580
829364
19659
1549306
2112490
2112494
2112199
2112489
2112497
1594999
14474
1539162
2112517
92974
689654
2112472
2112533
2112432
1015570
721725
4311
1385704
2109949
2112531
2112548
2112551
1628544
2112553
1803034
2112562
2112429
1877415
497908
1999489
2112521
564770
1267954
2112514
13115
1665590
1819569
53799
2083565
1334396
2112547
1793392
2074927
2030313
2112580
2112591
6536
2112581
2112529
758212
2103749
1320319
311725
7096
2112613
343519
2112570
2112619
1275741
1594876
5279
2112642
2112442
1872601
889437
2112650
1246777
386061
478858
601448
2112656
1485367
1044675
1304443
1501821
1060059
963191
22498
4184
55985
1603519
2112660
49632
2112694
2112629
1092948
2112707
2112677
2112700
2112676
301665
1320737
301482
482099
2112713
1531932
2110848
2112639
1940495
900188
2101758
1284440
1078410
2112717
2097390
106451
1322371
2318
2112712
1280180
2112741
1787003
631854
532191
2063173
1867221
2112748
2112702
2112744
615782
802
1928465
1257997
2112769
2112770
2112635
2112739
203427
1941415
2112752
2112761
2112776
425767
1346666
936513
2112774
176215
1772224
1369991
1528464
67398
2112728
1315375
2112798
1743020
2112726
1799190
1278334
1326484
579536
4936
2112806
301355
2065390
2112767
10744
297829
1360817
2757
41436
1731778
1740930
1428831
6823
1561002
1456803
785599
1966
1614433
29645
1299208
1605636
1000586
2112826
12821
331957
2038249
79263
438494
2112832
2112834
1469347
1393616
749292
1308593
1875344
2112824
2112833
1375796
2112840
2112839
2112856
2112849
759646
1079970
2112825
1498448
16108
2112876
1445986
1592677
2112859
2112820
2112880
1513696
2025919
2112886
1177174
2022658
1431985
2061
2015060
2112870
2112895
1298130
2112900
1456353
2112861
1394088
2112911
2708
1905028
10261
1503276
2112919
1474635
954983
2112923
2003745
56961
1956167
137169
2112937
2112939
2108188
2112941
2112944
1337749
2340
1513055
2112884
2112945
375126
2112947
986786
2081256
191674
147243
2112933
2112891
2112881
2112960
2112961
13879
1860980
2112906
441
302975
1292412
161281
2112976
2112885
574061
2112927
2112936
1361329
374593
4702
1966456
1764313
2038498
2112973
1733
63591
2112852
1814475
1525655
2112995
2112996
432
1000528
2113002
17440
3722
10183
1623098
2113007
1457156
712699
14955
1292815
2112783
465
491202
1443966
530754
2112921
1325878
2038795
1270469
217405
2113021
1606061
2113013
641559
2112988
1444875
1999210
399783
992938
1897229
1912417
2112558
2113052
419431
2113058
2112992
2112920
2112991
467198
83038
795278
1666168
2113059
609876
2113071
2113029
1475683
1343445
2113056
2686
2378
2113068
1456481
1016358
4972
2113093
2113094
1471313
654461
1940
1490447
988737
2050624
2113104
729544
2113109
2111740
2036683
2113078
491351
2113117
770
277055
2113121
322030
93226
2112107
1371671
2111575
2113047
1561842
159114
1524435
1579036
1757027
2113098
2113091
1386999
