635726
1549121
236754
1821814
1821821
239321
1002516
68347
1493
1821862
412345
47771
2811
1821884
1672909
1821900
45711
510694
68266
338283
1821936
1821944
1264509
1821973
1821980
645619
66796
644663
1821988
219618
1807390
1822029
76129
1822036
1822044
1822052
18065
1822088
1822115
1254276
1822128
194171
1729714
1822143
1822144
393162
1822155
534117
231455
1822203
763565
967024
1634891
6536
24332
772446
405499
410418
1133180
197905
1480778
92167
452536
131891
1822308
202608
1822313
763653
597179
582881
1822353
1267318
1315
1629
1822401
1822411
475839
1822418
1822431
1822438
1822477
1822479
1582339
1822520
1822518
1822543
701396
1143609
784200
1822612
1822619
1822634
1822642
757183
43625
110521
273642
1822692
1822710
623839
1822722
1822727
1822750
422279
1822799
763661
519371
1822870
437941
480887
2940
393790
600092
1822987
385569
31139
1823053
1823081
1023302
422279
813591
1823204
378967
1783
1823277
129885
936276
3110
1823376
1823395
1310244
762495
665350
19684
763661
1823615
1723078
31578
1823719
1544405
447220
635614
451
39951
1824092
267815
1824094
1824097
321420
1824167
1824170
1823624
1824197
10217
661561
198821
424123
592529
640429
931014
731578
1446496
553583
1003579
1824268
881527
1656729
1068207
8852
1823291
1824284
44422
1620530
1824187
1823985
310042
945318
5790
1673953
331675
1676753
323210
639
418907
369759
1175820
163321
1323867
441964
587049
1824463
1046945
51118
1204697
1083449
351843
1069938
1569
205445
1824485
692558
1824518
695960
434909
1824553
182608
525295
133879
100228
1824631
1824009
1824656
1499902
409681
1212436
11583
12661
620049
713505
1824613
413782
1824676
1769324
384353
566517
1566915
321837
1824742
917677
1824841
2976
679625
1824875
326102
83594
1824899
1824936
610719
1824828
533862
345132
1824956
370848
603148
695835
38246
441976
627032
416918
1222084
1561331
1825007
1825031
838480
76501
1825045
508172
613577
42374
522816
254967
117055
1385041
1825116
686373
3309
1825156
78299
194421
1824596
630912
448214
26242
109120
175640
775030
1825232
66301
171511
576513
1824547
119395
1825238
1088229
1570394
234790
403882
1624123
1590181
1825285
14404
1825334
1825317
330396
658323
229101
442226
731517
524751
531618
409110
1750092
22257
1825342
1825430
99056
1824026
42733
184366
1138775
585050
1632634
1825480
80911
562967
1825391
1751
1825537
9315
1825459
1576041
1825573
627887
2560
29171
633561
1825606
837219
1436471
1825615
567163
91163
426412
1825527
1825567
1825617
3086
377210
1825722
151818
510655
1825792
82340
1209395
813418
6051
158982
547586
2276
40007
1825866
1825865
1533760
749285
376787
622004
271564
1052823
808411
1825513
124388
1825970
1147605
1825985
863252
1077585
7708
232032
1566218
126164
1826057
59229
1178634
995203
408532
1826204
1826244
314335
141082
553449
1124295
1315
1826187
1762616
264148
463249
1826329
449197
1590990
762597
1821765
1467975
1826380
445538
466479
397605
1340569
826990
1826373
107590
1826348
680708
1320779
1826498
1825837
1826516
1826442
1573183
1825817
1826515
281084
610515
740461
811277
1826340
1826589
145944
688638
1610252
160377
128861
915682
1652040
239720
1261157
1826425
1610691
464384
235989
4597
234893
1591249
534468
1826413
848880
183227
517942
132463
256104
550412
1547928
703404
1826864
1826743
587092
373650
2327
56828
1115322
249877
365236
253819
1826880
1439
1823007
75488
777623
712840
790348
291151
263574
336577
353993
1827015
625779
956799
1739302
27151
354139
1826993
1827103
1826865
497418
1826929
1168190
1637085
5097
1201906
117680
929755
1143777
1826970
1827168
45615
284481
356091
56034
1435209
1827254
590295
1434025
1428461
486049
1827309
624239
1827282
1827071
1827298
1743619
387607
1826800
530013
1827334
1827448
914012
1827235
14199
1827504
522125
808874
321481
1827525
1306524
894463
974703
1825934
937806
1139286
508804
1827555
1827440
1827590
1827577
1827633
1632143
295671
41741
1769729
1783
431567
408943
10713
57626
1612348
1144393
10948
1747286
1827704
1043299
332501
776190
1011885
99814
54640
1357610
1827636
58672
1082759
204169
33133
939598
522979
1827576
1827823
1827897
390411
1814393
234544
1827905
22456
130732
924077
1468461
1827875
7432
41908
1828044
1828011
46758
574047
1111161
68620
1828045
22694
1827968
154193
1314586
1828164
874025
941991
1828023
434767
1828135
180902
1169000
1070309
1411657
1828158
1828251
378
811766
624647
429810
134864
159607
818454
1828233
1827380
204622
1828336
192508
5
1828031
526585
1828320
4538
914297
777958
902487
299751
4184
1703214
787274
8329
559171
378920
1828428
821467
1822540
1826844
464684
1828518
1252564
963291
1828633
1252944
1519307
72835
5796
90031
904314
1828570
20006
1825601
335314
1828772
1828781
259916
1828861
6323
704645
302631
1493
287015
1828937
1515249
34905
1828944
121510
1826778
306420
388315
777370
301009
1827813
1829050
926939
1828907
1828997
1823632
413043
1272453
1829002
1275142
384141
2811
1828650
213426
1829119
1807264
1279461
26643
1569
647316
1546053
114578
1829034
1823412
1829194
1829089
737870
1097239
464586
1253264
1828380
1829212
868146
703242
90106
1829169
1829106
10183
1829123
10084
1828259
41351
489422
1829285
1829360
3621
1828630
1178689
1225038
1732578
9604
132277
573758
117341
1829258
1009493
1829398
1828908
1290418
274241
1743789
1822978
1829474
1829459
1501527
154227
1518992
1829443
705505
1829513
1113329
1829561
703297
401241
294824
1770429
258999
393385
1828162
664161
1266719
1085800
37601
1003935
1829696
899347
433494
1829715
1829627
347423
1829770
131243
1829525
1004275
1829780
360294
376209
1829705
58939
1829895
30550
1829530
344423
1829804
1829825
372556
2702
132810
1828152
519929
712656
52937
1828322
1387273
1829994
1829957
1172826
1830039
768450
4985
1829995
1569
553950
1830078
32915
1830045
1830047
746407
2710
1830153
1830210
1830214
1830215
1824849
1829928
948523
1830135
1830171
145102
1829878
1056497
1574993
1243123
1148123
60290
1830257
358564
68047
467951
1569
1830305
1266105
136999
1830158
1367729
1830170
893250
1830346
42411
1830395
1830365
1830394
63355
1830433
1526488
186200
34382
92743
351826
535450
664338
1366451
1220590
38882
510214
1830568
1338939
1830586
129610
1830637
564274
1798080
1829507
928750
454171
799530
319259
758417
4446
1829444
17777
1830691
253283
1830726
179153
1822151
1053501
1145945
1830754
669329
1830574
1830797
252306
30438
853875
1395381
463758
1830925
609570
1145058
699389
1830891
1830971
612004
48480
1757201
1829100
1830996
454892
486566
1830991
1035517
1830990
114788
1783
9982
1165180
120102
490401
134957
6113
1831077
535450
400535
945060
1831081
2340
1831038
73397
1658221
1831176
260783
1301486
584058
1824587
291363
1831168
3929
55864
1831198
3
826241
205185
1831253
335865
1778443
411594
1754047
1825412
528086
117074
1823533
403025
1831326
64500
102681
1831332
1831364
1831413
43383
1831397
1517424
1352435
752517
1232925
681061
1002687
929495
1137930
369655
1831545
348944
1831566
401629
655617
216571
13268
77509
549252
2870
3014
132601
1831598
1236175
1801824
1831512
1106713
1259106
663589
107187
512252
856123
1451711
1042604
710577
1593037
151773
56916
1163732
959358
550412
458167
1829634
219497
1165217
1092028
1823706
648038
533873
156700
1829420
822687
146267
1832018
16855
317876
41853
1831945
158703
116193
103995
1831643
99765
1832073
909857
1832057
1832138
755894
1828506
155163
14738
1828468
228407
370155
1831905
1832195
1810858
1212785
106061
1008127
1284730
1540051
1832258
1831539
321520
1615046
957671
1825597
14017
528701
1832374
655584
1491
234762
392881
317012
237565
496546
1832511
1832401
1832537
1578017
1831995
758754
659898
1832574
763966
663537
1699775
431175
26625
476016
120834
674420
1831798
631924
3038
1243397
7049
624149
4711
1832625
1832655
14755
848194
879911
57443
1832731
6257
1831676
1832622
1832786
737199
16693
1832736
1832880
896835
569815
472018
187659
159795
1832845
97135
39898
631218
6823
146600
124840
159999
519896
895131
1832978
266133
9351
1547296
1832875
1397537
501961
418041
457036
26344
1832651
55748
209242
1833007
1832989
1830099
1240330
1832789
483290
4530
1833107
179778
1833123
1833160
1833035
506971
1833202
1833211
116205
311526
1833276
1833259
266139
1068382
2937
272815
246092
717
1673890
466928
259589
1833340
1813749
1833342
80473
1833327
322549
693
1768198
1163826
1623430
13024
54864
1826568
322040
427620
1833414
1831
1833523
1051405
501637
2570
222358
1833579
10475
1833399
519355
1833653
370135
1448681
1833606
1833631
1014143
1349443
51260
1085048
1833679
1833677
1833203
408329
136787
1833746
1833782
943131
453196
1325554
918602
1828424
1833795
1762903
575982
850196
777460
596317
688677
1833475
288923
1524617
1579436
646648
1833888
11276
1832797
1833976
1833981
407190
123471
45664
953547
1833964
686914
538520
1834009
112110
428847
553406
686079
927089
678854
1834043
1665211
3297
1834103
433
169509
216672
525206
158681
7580
1834191
810242
527310
45591
1181491
390550
146180
562967
1834253
1654181
691447
725302
1008992
638611
679896
431316
643973
64343
865140
258946
94875
481638
1093240
472768
319334
1471365
1017200
1834327
1032989
1834380
1834388
1834384
631197
806300
1833893
623505
1834423
160068
1831104
1831219
631126
1834352
126082
136986
1834472
1044262
359474
922569
27383
1829055
1833056
1900
1834458
892293
1834198
350438
1822469
306641
1576433
1834711
1115306
41051
611688
442864
1475576
1834737
1834705
1834601
1518534
1522534
2565
201046
902741
1834673
306196
1834660
458582
320439
130351
1826142
1754875
708282
738752
1832447
604644
932363
1834666
11540
1834793
646084
17976
450083
1613
1834898
21098
162719
1835110
411508
147811
754312
1736343
522102
1123292
1834428
176435
433
290423
998895
1355828
149368
1432443
1470961
1834850
1835281
1834816
1569
1602
630780
432656
1835282
54671
437455
901345
696893
206517
1229864
1835385
1835011
67824
366940
1790335
1596715
342
521416
419823
1835520
1390623
684483
599702
364453
463751
1115145
1835674
1835617
1835648
500440
1835306
354
528754
376219
703461
952
1828624
51139
1835802
688776
193645
822970
583791
287836
1835917
1692458
800769
277
1444
81112
101019
42501
218251
1829777
552836
1019403
9315
26996
1836130
1835070
1836045
1828414
1836023
1353182
1835978
892653
1835974
323137
1835734
1063015
397018
54788
1835850
424186
509197
1836153
189408
244427
1115427
1723247
490620
846401
128762
268763
1836406
5338
108200
408562
1836423
1548327
1731356
395913
906000
645556
9930
1836408
51284
728432
1050929
1836491
1629684
1148073
50155
191998
1829451
456067
319578
438508
1678709
1310286
2811
1836692
172053
1836674
6603
1836676
1836668
227914
1146812
1836758
1836804
9361
764304
883157
173152
734969
88673
112335
1836833
1396353
1837018
1836950
454327
723440
152662
383931
1836861
750135
1721560
1837097
1170331
1837064
1621225
1379570
746711
951231
168255
1836986
827409
1831025
138917
1837016
1837262
1829544
185692
1837231
957561
285060
1727828
570211
210814
12525
1837013
2708
108348
299203
520175
1748565
101218
788378
854621
265359
295416
665857
1157219
1194638
1837389
1826158
1837157
542173
1837606
1837578
1823362
639100
1837098
1837664
605019
1202
218200
843126
1837704
340979
705345
95396
1837575
361341
678535
24077
1837353
1837637
1034840
1837427
138080
1837138
1837863
33493
1212666
335340
89113
1837974
1339107
518960
1838046
1253458
157938
1617862
527836
1837043
1837949
49009
655879
1838136
1837998
1837312
1838165
231657
1757191
666583
1838272
439190
1838219
30143
1209866
1838183
1822156
902159
422732
289679
1609734
1838388
411727
2900
42355
101602
36647
321297
1113951
720212
476581
830893
1645380
890423
24482
838164
1194069
125240
918312
727780
67830
1838550
1838365
115192
904718
431668
367499
1838160
535413
1238883
504543
43911
1838653
40570
759629
938252
865512
1838320
1267489
1838705
1144010
1838788
570211
950428
1838719
1166814
14381
1064367
1516
1838906
168597
1837891
122395
617669
1090310
457804
321655
406810
1836308
1837136
1839007
441524
1838994
235387
179770
931353
1829293
663206
374921
770692
56091
507169
1157307
1839004
895757
1454280
87572
601710
25968
1838167
1050032
114444
13115
931445
141978
1839360
555420
1145322
990507
1839393
765956
10350
84201
1822085
1582613
25289
2643
1839139
398915
1839441
377547
103110
588832
245986
1839537
1839566
1814419
160632
121433
1837582
1839592
1837005
222894
3
1822271
1839027
530372
1256768
418284
76612
141254
927596
2667
1839812
414323
1839722
479586
1838358
1839778
825724
422600
1839843
1838974
1839826
1311754
1839893
131685
288445
1753019
631712
1840012
1840027
881003
659289
1051255
81185
1825506
1840054
89931
492696
1839978
1454918
155619
1840206
1840208
148153
1731476
1748253
300958
1840157
1840239
482465
1834025
1840136
1753486
1477720
1840255
977684
1292707
1431800
87873
1840246
1840247
1770674
1840313
1542075
1839402
1838175
1823978
1840410
1840477
1272024
7362
1840471
18669
1840439
277
1840486
1840429
605679
64215
1840523
1524759
83276
223628
1642247
6823
617689
1840404
990711
191502
1840652
1840668
7194
55005
1816775
161720
762213
1839382
1450627
96120
1840659
1840825
597569
33476
1840818
1838392
1822823
1077599
75492
1840842
1840819
1840952
1840953
759086
1840884
70655
1557220
1841011
14164
1840778
1841053
1841079
1841077
1837662
1840968
418416
1841017
1841112
938162
114837
110267
1837266
588354
1841203
900691
133725
129509
1387265
583193
445770
1841271
5902
1841158
341961
1606446
205
656454
1841322
4446
1329441
1080872
796594
1841369
106796
1670285
633000
297396
1610898
1841462
488728
1840758
1841441
867320
485393
1841608
1582973
149680
1841646
928220
588845
1841096
1688254
1841712
718176
193257
1841656
532309
1841735
1841600
1841786
156513
1631447
1841790
149662
1841849
1841850
325753
1841864
1841839
328249
1748910
851161
839029
148946
321420
1841884
159372
1841879
1841967
1841958
846607
941456
491928
438155
845197
1841975
1841982
1842082
473776
1842089
244760
119645
1734207
8832
927450
1308623
53547
1682782
1785063
1587643
1842269
50586
1842257
496007
1822215
1842288
253082
1842364
7530
104415
182517
1842398
5642
761031
1812784
733271
1842357
1236
851573
572241
1842350
885132
1842543
1842451
50878
86213
519510
1069980
1842616
1168147
1820206
1842100
1842760
838800
1842670
270509
9541
1842819
1842835
148461
552456
1842849
1842847
1842777
1842908
75817
1762184
525237
1842674
1843021
1493084
1826222
1127611
403271
1843047
465641
162434
1282108
704882
1843112
953957
1843126
352518
362703
757137
101884
373654
1843183
958141
290762
1231721
134946
1843283
1236719
1843278
1843279
1843322
1589043
368616
17734
1843334
1843325
1843380
1843259
1823654
1144899
867957
236936
201677
1431566
905570
1811490
905575
441
1840874
1843243
437496
1843532
76114
2422
1492371
1843636
1344225
1843436
1843667
397811
1843679
1805234
398006
202449
839430
59817
7362
702538
1843822
673425
911532
695503
144667
1484703
1840259
1843795
1842526
1771141
1843880
1843912
906414
417867
483674
1843883
1843885
1570267
23982
84960
1764308
438068
1843789
258938
723743
794593
1797190
367860
670848
64364
1614979
1402794
2061
1844076
463714
806673
1844159
1079365
770243
3456
1844184
1844166
1843798
1844153
11540
146373
64
310963
1108655
1844279
1585431
207369
1844291
673370
22130
1718183
1832847
1844366
615162
1844337
472009
335635
511257
88871
2900
82527
7362
495066
17696
1844406
10064
79809
42993
263801
57685
396955
832491
1844468
980241
1757814
447140
1817715
1171304
24303
442622
456050
339701
341032
1831980
1737824
1834205
1844646
112988
1594616
57299
1844676
1844681
349510
1844389
482890
1824093
1339533
1844431
1844721
329736
1088897
547064
391919
1844708
344814
1844856
1844863
51817
6397
1842729
824618
596860
116684
371851
142510
1844887
1843493
228069
1844900
9711
1844937
1334997
843514
702369
1354775
1844952
971876
124388
44126
1844974
1844929
1743697
512077
1844893
2601
472828
464684
1320996
803132
215575
580884
433
1845104
1573073
260301
296329
53361
151104
1845041
755602
1845131
407228
585002
367567
246857
48100
930948
1845113
1845213
1845153
1544125
326992
4538
1845225
1648160
60867
670202
4634
309283
1477159
1843676
1206826
1845310
554766
86782
12329
5080
2796
742484
1845366
617546
10183
1845230
113603
1021137
286933
119512
222186
1515755
320759
1438249
1120669
52992
1845568
1813963
1845649
1845659
1845543
1845619
19624
1027471
990445
1845657
29879
1845327
108175
1840790
21816
629340
1845591
1573395
683
10350
1754196
88335
756954
1011344
1845833
1845774
1539329
1845853
555146
1845907
1832122
243844
744364
1845763
1838594
923473
51807
13482
1078876
113017
1845881
442500
3456
1622604
1835301
1846040
81872
920962
328735
5811
1785903
1530666
1073281
1846134
341873
738436
321973
1038
1846224
291007
1846158
1846252
1730003
1846236
122396
87237
193228
627012
1846326
1835535
514519
67480
1846402
945118
3286
1846227
128478
1672202
21406
1846414
186395
1846431
1846505
924586
1829107
774225
954156
1846304
564385
1718033
1846600
1846571
2549
245018
579949
597723
1846507
947089
1906
397676
1160663
81689
421372
1846561
50628
1846857
737257
1846863
1751002
1387891
1463828
1821125
1384328
1846977
1006073
194421
7945
345283
41160
105890
223975
1836516
514586
762018
115618
147858
66891
1847144
604219
1846794
6823
61733
185459
989489
1847208
7049
550155
89095
691120
184323
282769
1847187
3038
2687
110042
425835
1327522
1207726
1847321
1847349
304817
91296
1847379
1672
334843
757627
1528168
1566648
1381161
1847346
1791302
1847268
1847432
1833094
1847495
3722
56013
1847485
902623
1847436
122535
1211299
1847564
432229
1847618
1639413
135512
1847602
387431
1729474
92269
675439
291043
1847688
106213
1847718
1548718
810387
2708
1274667
1623116
1847781
1800185
1821274
158082
729098
1836334
95000
223856
795301
1846287
1847647
1847914
1847987
1412691
1847994
517033
267745
8978
1848035
288575
499385
62303
1573590
1207886
1713380
1848105
503516
1846745
1262950
1242699
60478
1848173
1577222
1848216
251114
233295
494483
992915
138043
712147
1552995
359300
1848193
1046323
1848308
1160663
638717
1848307
393840
1124481
1158926
1848392
540018
566806
1848313
1848357
520324
1848385
1848440
1246647
1848445
10847
735955
607489
1848414
1106720
31594
91276
1122877
1521953
116696
374984
1848564
814657
50386
1848575
1848547
642035
523483
92259
812383
697369
918152
14474
1848645
1848709
738847
1848420
4958
1846870
1520058
1848706
795930
6604
1848730
211469
742769
1830948
213118
1848748
78198
1848814
1848896
1848885
62348
429900
409110
1113520
1848912
409877
621577
961070
1849037
647382
1834205
1849072
458124
210407
1849055
769059
226333
1849129
983708
1544812
1778890
529592
1849174
567502
628525
1849209
1849233
1809394
142432
1849307
1017786
722549
273947
1849341
607516
1849321
1849381
658349
92872
1818052
1582260
1849405
519196
1849464
1849466
528251
1122316
1849370
1839061
916560
1849508
1849424
227107
516403
830266
5367
1831085
1849536
1849611
1849614
452484
244233
529245
1773836
238533
1118078
496351
135276
1849608
900709
68046
1539742
1754927
1565812
1849548
1750784
1415080
22130
1444307
571411
375156
1849774
1369507
1068352
1358344
449008
7933
712079
1849791
1712016
1525227
227818
775221
1849772
1339463
1009005
1849905
1849843
1432605
940025
490685
132045
13567
1409930
614845
1849253
935713
257518
127884
1849984
673489
129163
1847923
1602
718892
167555
778442
433
236016
862876
1850122
78242
283095
1612101
177896
60816
452390
851395
1850132
273612
358872
348681
1029304
6833
1607103
122499
178652
578477
905247
52543
1844950
4446
1850216
1461747
147666
1016689
151249
1007150
1795869
536391
1369350
1556581
735114
1850424
497636
453122
69833
331
1615988
78939
40655
1850502
1850508
1224090
1849075
1817655
127844
120611
1850522
845875
4493
1353442
1162
1833274
1560274
1117671
117739
1836263
1850613
673394
20129
1850531
121423
1850627
475589
1588570
1357574
1850327
1850639
1214269
1242399
1906
954493
211315
1850728
372443
221156
1850749
1850665
541835
528240
51518
1737486
39618
1850776
1850791
1850897
1850905
1841061
70275
699268
13319
1850948
7741
1850962
1850783
1587676
1006370
7170
1851035
1613118
36148
1851096
385150
1203190
319101
1755901
867895
495965
440226
186810
1774
4702
318388
1835230
5245
669805
62774
511940
1851231
2708
244974
1238889
1851088
1716341
1114934
908680
1851257
607389
417948
389614
428446
1851350
436605
379335
844315
952
791007
1837196
1889
883437
298932
1615066
342486
1851506
1851431
1851511
700237
1851571
1851556
1849652
1851601
124145
1851589
1520631
336182
226233
57115
1102132
276587
273873
1261323
1851627
1851686
1849117
1851676
1571871
711336
552305
155688
472454
1851764
227207
1851633
126290
1075569
1090985
1491045
244078
701837
1379133
19631
1181644
448189
1851848
1842140
1329848
1851859
1205635
1002334
75172
1845310
1851869
780034
809411
1064858
1825788
689492
1851971
1851989
772962
1851986
4400
1247152
1851994
1851699
1851580
36330
206588
1852077
908718
704150
1800636
754447
2647
39
1852124
4875
1849507
1852172
143303
1852155
1852079
544811
1475
1417965
746196
106007
123646
239673
1851913
1658435
452753
90180
1852281
1852260
354932
1161811
1852268
1431680
657104
1753799
678
1669369
1263165
1852313
1852357
501679
1852389
292660
27209
1852417
8547
67819
67367
1628522
1852448
1393777
1852461
1851540
1852477
441
265981
843494
1746745
633439
188871
1852427
10640
2643
1852547
224712
1852505
198244
904027
1852526
1852570
835674
1053112
1081604
12642
1852639
466942
32814
376954
1852627
1579707
1852708
180655
1845947
1852762
433482
1850166
1757
1076445
1126505
1852278
1852833
497533
678
1664188
45914
441881
1699533
125021
1852948
191061
63331
1852942
1517121
983435
288955
439085
1517579
668711
700416
993
1103273
1853044
604403
133665
106961
249702
939626
87975
2871
73427
1853095
1853163
1493379
1318270
1853094
1853069
1853106
1853175
299951
1853063
114325
42237
652672
213469
124512
1853185
410792
1853233
372567
85560
1853285
1614678
1564906
522293
717776
1853311
1853338
1853030
1853368
1649808
434208
183995
1842018
1853412
1853392
953734
593274
863418
1464941
646333
320380
740247
1853517
508847
966106
125142
256859
128762
991210
127792
1853375
1853532
1493714
1853580
308073
82294
422025
1593575
1266510
242352
1853646
1853668
79380
7194
1853665
97483
4947
68142
1853726
1054300
4925
1110954
536299
215258
421148
1613391
1853787
864999
1853786
993650
1853810
1853772
1853821
1853804
1536367
1605889
1845822
812
822273
2378
196504
644663
1853812
104542
535599
1740441
436700
1830807
1853872
1853907
11404
1634667
1303544
201857
2378
1853947
1853920
472480
1853939
1853978
1853732
834341
322881
1492161
79885
1853993
9280
1854008
3145
585045
1543495
1854015
951469
423448
52919
1797311
820302
70881
14881
1854129
1854136
1242714
148934
3074
1471401
2945
1854186
746590
835005
904132
526603
31001
1853803
789100
1854236
1722309
735692
1854244
1604921
1521371
1305175
528070
695144
990862
249278
1854349
1853720
54561
1009534
126015
123638
1378839
855071
1854404
1854405
340854
1637805
14832
177367
1347481
1486827
757922
91001
892936
971046
108601
1806301
14890
304177
159620
299
528086
332289
1574411
1854544
1492840
1854515
1139568
1854558
1525195
7251
69890
1854610
116696
1854661
4305
1854670
554633
767070
1854743
4184
3
1613
1239771
846912
1854794
393233
1181608
1752633
648706
1854808
772507
428648
1854870
1854902
1854952
703707
61829
1854950
1854922
1854968
3824
4184
1855008
1855021
1854990
170838
698755
1855043
73341
1855104
1855132
525689
1165168
30189
927463
1604623
73592
691627
1855098
1855216
1855205
572938
277
896717
735916
188073
238587
1855301
401890
1825813
88302
383119
89302
388028
1855222
1855336
1055926
1855315
577803
683635
1608584
1855366
990707
863515
388275
1112845
809858
1855502
1854802
1855540
343329
1855564
1832048
1855555
1855561
1855592
1855625
1855608
1855578
2871
220744
112442
1855695
1855720
1777759
902610
1837487
723910
294396
1855857
1855870
952425
1855936
1267533
1855888
77757
1855955
41136
675512
1492799
18510
834119
375977
692645
1475143
285446
351696
1856053
390159
1856077
1856069
583506
978307
1579042
919120
1786673
90429
1856142
1856192
736370
1856258
1856212
648593
1856283
61946
543609
1856276
1215263
951418
1856373
996242
102573
1856387
1856461
1856462
1327594
1856448
1856498
1571617
1826524
1254523
1804555
416913
1856550
673535
23717
237595
122902
129656
1659733
1856682
307024
1856767
1856667
1831088
35786
658436
1275621
1856843
1856823
1856866
58658
1856870
1856839
1500175
1506255
1856928
644845
782955
376981
360720
458024
1856986
341598
1772991
1857059
1857049
947875
1283601
1827173
438383
1857057
1856833
1857096
1857172
950359
316531
918
1857198
1857201
619138
303458
514061
1857247
1511343
1857117
1857252
307454
142728
1664657
1782082
1857373
1857140
34990
955010
1857350
20117
1856591
1857436
162435
654516
312147
1857412
944620
1857518
670201
1857507
159298
1857394
1857495
1857573
13640
5
764773
6515
1659039
497621
1857590
1803005
1564849
1857622
1184835
1857690
1857713
1857705
513556
1857700
1857693
709094
1857719
197630
1857551
915744
32734
456521
1857745
1514907
344987
1848268
1854113
1857863
949858
434250
942365
1857890
1064552
1857981
1857985
1857931
1857686
1329856
1857764
1857905
1858010
693804
804803
221182
1858136
1858138
1858077
298364
1858132
672835
2378
1858097
179431
1524698
2643
1857996
15069
1486324
1857611
679817
934540
2708
127279
1268302
1236
733264
677767
1473178
706247
1858298
1858326
149961
1031028
1858286
1371525
1858423
1858397
1858262
766282
314322
1858465
1858439
748662
749796
1858375
469677
1672
1858406
922953
748938
1669823
1858595
1858637
288002
81140
1858660
649777
420547
1595936
488628
1858658
1858710
455660
703344
42022
467678
1858687
1858677
1858730
1578597
1212
1858758
452946
1051616
1839850
470063
1858814
1858877
1260478
9604
706830
243066
1858829
1413079
1858915
1029732
1859009
1409945
563374
324780
14164
1833574
1528003
1859084
144786
1859077
813703
1858860
10261
1859110
1859069
305963
626186
1859014
1859140
1859179
453611
1859044
302049
670316
150313
1859217
1859200
94348
1712022
507988
96768
1052472
1859352
229092
988552
1859327
1162
1594519
862302
1784537
1859376
314893
1859170
1859421
1859387
1859429
40934
1859451
1617694
776343
894745
908384
522163
1859399
839218
1859526
1859491
1314525
4538
460832
776350
724840
1734333
1859544
1859578
1859541
731035
1066250
252063
2940
843096
444451
1859628
261950
704895
810381
1859729
1113131
124468
1859747
1859665
1859154
72052
617793
269496
2564
1859807
21894
396224
1367878
913543
1570242
1859604
57174
1435234
1859882
1535832
515263
1859927
1859964
1859968
1859969
1855612
1142983
1832173
1053682
588148
1405227
1302120
1860048
517018
1860052
1299298
1839685
1860124
511340
1860109
1157628
326765
367148
322855
1860088
1860195
1613
1860105
728537
1860217
1860253
1459044
477896
1673286
1859996
1860336
79339
1860311
733837
1860362
996030
1851611
290676
433
63578
1314592
1860386
1745399
28633
179276
979666
1860406
1860470
1857576
1860495
1860367
1860460
3003
709834
1743624
1578843
1860526
1539407
1790828
56809
1860395
526813
183802
1350484
1287045
1860636
397743
1860633
377481
1800341
631787
1860509
2710
1860690
416230
145331
5312
593237
1860740
1797900
1022984
214085
9139
1524847
160075
1273687
39349
1860527
297517
381562
1833216
1860865
41969
43337
468559
1860889
293473
1860946
1274130
385239
1860954
308202
821049
1861000
149309
854264
7696
642676
892865
499683
646643
13115
1767853
1049250
1860965
387104
1861144
1861111
243417
438289
1005854
671585
513790
499435
54289
204680
5779
1861128
1255815
1861088
210120
640029
984947
1861294
1246253
466998
1819868
1362110
1002888
2662
3014
266926
1861220
1619571
1861320
1861364
310501
1821026
1861456
310170
701556
1590667
1861486
1564883
1861461
1861478
692134
687947
1080514
905578
131228
782712
1861577
1049590
1005890
1859563
1860863
401902
1861672
1861677
1842770
1861686
1861700
1786447
1794470
151419
1861693
61663
363010
4875
1861711
1516912
2710
1861724
844312
1861789
1861762
1002747
1861810
16322
1861612
1861832
1861811
769520
1861864
722709
450937
88670
811238
699074
1861771
5205
1861907
1861812
1861893
1861887
940925
1861818
1739149
104573
1861951
10346
847390
861169
1692933
1836805
1862035
366538
13232
329748
470177
1733
1862116
1861980
590726
1862111
447313
1859926
1846226
1862217
1861143
1107287
1862174
424410
930446
408723
1823153
814728
166363
299264
1862298
1862201
229683
1862211
1109335
1716679
207513
277
1862269
278021
4875
101479
20028
1714295
274627
1705172
65696
1862394
775555
41168
950148
1862345
193616
4657
717
946490
482952
3071
1862070
516041
1843089
553093
733518
313905
1851569
1244140
1099648
246044
604138
3014
1862340
1862592
1862554
33910
310463
1862591
1862585
1862632
496279
299
84371
688386
1862635
1536697
1828864
501588
1356462
1862671
1542518
1582337
1862775
1204702
1056525
360322
331
593431
871461
56273
1862878
15964
1862896
1862881
1862918
954530
1862909
245007
1862932
1086342
1862830
1851418
1381290
1473062
1862986
928791
1862998
1115589
1862935
447489
93198
1375680
81752
1863109
1862750
815499
1295161
1842248
1863127
1863120
1863098
1863148
1074592
3074
1860026
1863154
1837882
1863084
3
1795299
1862965
1831926
1265521
321827
1859214
1624001
1863295
786595
133132
1863289
1860388
929484
694316
574180
1602541
350898
7351
1486183
2061
1863387
466781
1863335
1863448
41421
1163771
1863424
386017
1863480
1350421
368073
752358
1863477
1528120
1857747
609144
589651
8844
1847072
1863555
241767
1863551
1863695
1863643
377975
32750
1863705
1051484
15287
145975
1606354
4354
73061
1827409
1823500
1767423
1275578
2178
1863704
1219038
183990
457469
1290504
1501574
814774
342049
1863953
1863438
1843553
1864026
128034
893565
1863997
1821970
1721508
1864053
980442
97247
245429
1862911
1860637
514542
1864028
634860
524748
153910
982057
1863849
224899
1864101
1864157
690
1864282
107759
266910
1864257
709577
1864275
1864280
1864346
1864165
559558
1864373
1140879
1664126
1864278
913452
97998
1855330
1829133
5010
1404912
1007073
1864455
166557
1248964
5010
71888
159588
64511
1639152
1014252
1036041
142768
221002
1864721
29717
1864755
1034102
1113623
36487
809301
1864606
825309
1864739
1864766
1864833
5279
4972
420351
1864845
277153
1864903
68898
1864872
50394
632526
1864895
1864953
422680
1864967
1623206
685187
1864985
611296
1864999
393221
324086
1865043
1865019
559730
2647
1865038
708391
601539
817761
1814446
1717293
328107
1856832
1865097
1865140
544599
1826531
1865168
720709
706695
1071926
1865226
140863
11184
5373
1865029
21470
464517
781983
531030
1865278
1728636
1766122
1865313
981756
1766602
22813
417774
1066403
610743
1865351
204195
49866
845885
1005034
1865437
520557
1865402
174470
4711
1853332
1865467
666824
1865415
1865441
122492
6113
89830
1865524
1202186
119712
141647
2171
862385
494324
1865612
1598278
717
629705
1865670
305326
1865675
1114311
494017
527922
392640
1865655
1865745
303639
292287
1315
845213
409053
1864923
85296
1865857
302080
2710
25522
690085
402463
1463243
1865888
603773
750905
129507
1430321
1595644
49689
1865963
315035
1865698
857470
1865982
436800
1864256
1866102
306036
528985
1735802
1530342
612139
154015
370300
1865947
365867
1866186
1866189
367571
1866013
1866247
1866237
1451125
1132209
12634
1866236
1866276
1866100
8599
1866180
1866161
1825263
10640
1866285
1866262
1866283
1464406
1857852
1845355
1854267
477998
12831
1866385
1848293
1866360
519847
685851
1866416
148804
2340
1866449
1051307
1533317
735795
1866484
33084
163590
1866472
1754583
1866535
206608
1866487
1866366
693
464781
1866503
1866551
1866462
1825658
351012
965643
39577
1866627
10582
148020
1866552
17702
1612355
65907
682496
1791549
1607884
1866641
998452
362396
1840016
1866706
1824099
2811
1422770
460194
1866807
448495
1866800
1866846
1439
203139
503435
1866947
595903
968751
1827660
1865061
109447
1607863
420793
2178
1676727
717
1015877
1858315
68764
1867033
1658502
1564431
424935
4446
525917
1861648
1867238
407161
613353
1866879
377928
17696
1867355
207457
1867336
1866751
162547
1867302
17939
214723
78863
1867304
42290
1867346
1867435
661562
51724
1867401
935687
1823346
401409
41165
1867372
58182
651668
1867564
1867414
1334015
503024
1862707
1867585
825828
1703941
1867382
1867569
1867635
190452
1867550
127217
1066543
1867596
435932
36459
1867595
1607464
590096
73037
1569
1867776
2549
465
1834405
1867811
1554200
1867798
3722
1854431
1596725
1866535
1867799
1790362
360667
334785
1867988
1867989
958272
118913
1492632
1868115
1868117
29481
3980
1868102
1171099
60768
1856086
1868194
1623966
362230
45323
472305
1868165
1868213
1868141
370989
377205
1868275
622568
186686
1868321
156745
619237
927315
222141
1589749
1833892
1868341
1849638
309751
802
1868432
438870
812772
1074105
905565
465407
543091
1868529
1868450
229554
1868379
1860233
1865350
1868449
1868523
1353235
1075560
1868634
481436
1868502
265618
414318
13115
1566066
1305083
205557
494188
1209414
1868797
52504
1771344
1858355
1847412
677607
498852
1868896
1868939
62542
1211274
1006539
1869009
1869013
1868903
1868798
1143249
2710
531141
602856
297401
86324
519966
1869085
1868883
428644
708486
1291847
1869135
515692
199807
1869245
1640077
1869291
136201
309851
1869397
135226
440267
1836037
1187036
928163
4634
1869480
1273941
1869546
1834826
377050
1146209
1283687
115376
1869616
407568
1605383
1869580
15430
1715902
1260062
1869669
1132121
1841286
426059
2150
1869707
1557074
726145
658233
1260983
278871
1721058
51831
1144971
1597198
713755
2155
363582
1490778
631448
622845
1768173
1397483
439501
671514
937060
527371
1870039
36094
1869955
111490
518429
909405
29823
1697763
1612464
1733
1870159
1861070
1725631
695006
1100697
54153
324581
1271759
57318
1870134
1262201
690618
315883
895225
441
1612252
1846128
329826
174075
554175
821778
1842041
40434
1870268
5205
1080189
1344887
798478
700443
164480
1600884
1160215
1870403
676356
1163939
152533
657104
418721
6515
893023
1870309
1866514
1764224
1847827
122549
420398
82343
708574
1870578
1870514
1662
1870594
917989
863219
1870602
105483
210749
1870612
237772
990566
342803
1870733
500288
238655
313860
37165
1870790
951755
1479087
1870787
1870810
1764867
106762
648433
381140
1817054
1870853
275181
1840058
1570547
159280
5635
910334
908369
1870954
1870943
1870904
130605
53635
1870895
2422
1871045
783243
1139014
1870981
1788772
112047
1001918
1871131
420604
587738
1871144
871202
204179
1871245
1171192
666828
1202502
1259533
616040
1579304
1862728
66128
1316267
1871396
1871342
1456334
584081
1871491
428328
274238
161093
1291198
1871554
1871558
1871346
76766
1871567
510372
1288575
78281
684904
1871693
335689
44385
1871660
1871696
1871672
1870930
106798
1354128
274700
683753
1871757
1871797
238707
1515472
1871858
18622
1871861
1334113
373462
1334083
99892
1838588
76418
1872080
1260147
609269
1872054
255892
1872119
1872127
1872160
402
17545
1872223
1872130
307377
128867
903846
1202112
1872288
1837042
451
1872338
1872341
1714700
1176420
1703454
183545
1461366
351832
35491
1872410
31664
294866
1231180
1872489
714100
1729316
1872536
287231
1629249
1872562
1872547
492311
39207
81803
4042
266998
886360
1872373
1614304
1872575
415743
1795376
1872758
1872735
1872771
514516
1284083
335939
1872823
1872842
16596
1872462
1872908
1462027
1564904
1872706
1872934
184399
1731814
1872960
2300
742084
1872950
1872976
838470
1672395
441
1873028
195025
1873051
1838055
442754
1561743
1505306
362279
1538633
1199913
384552
527614
1873210
1873186
1030551
893860
1873313
1873184
176132
1872549
780904
731324
1873361
1461069
1873237
1873429
1424204
1873449
525544
1873527
380872
634932
224213
378582
237257
22543
212525
1872795
843807
1533954
1873654
1873648
1653793
116274
211798
1873676
1873695
309863
151889
1873715
1873743
837732
1873705
308508
1873796
1873811
1873829
1873815
481087
36370
286792
1873878
1873810
72442
902482
1873611
1085030
1873876
75272
1302567
1873971
9775
402937
1873998
309679
1874022
345781
1839921
1873989
1873962
1874057
1874076
1116754
2710
1874049
1854626
1423272
1025817
1493276
360372
479020
141528
546036
519901
818442
30193
1874033
1874192
952
698444
1874212
1437879
64327
683
1874258
944164
1874265
513435
1874207
1874019
1874272
93192
696387
1874270
1840670
1874329
1874376
1681757
1874413
1874438
1865563
1874509
1874557
853845
1874564
63941
2150
43403
1655939
504930
1005891
315204
1874679
10962
754125
1874722
191853
1874804
1527606
1874446
1380618
1874887
9809
1874929
3003
1874899
1874665
192221
435076
1875046
1875065
1810760
436203
276331
564058
532838
1563662
393045
414359
6034
926607
1875281
1875296
1625469
534440
1847998
1875300
22946
484487
641700
1670785
1181076
1875309
1875607
1770805
444763
1827254
1875718
394367
1875694
1875731
1875733
1875603
1236
1303577
754
503363
1775653
1613
1430544
320848
1727784
23214
1875866
1875873
1232260
635840
1875913
1875892
1875942
1875921
1158670
589755
419196
271886
284111
1211733
1876058
1875964
1600613
524859
959921
1400993
1876083
189848
952
1451908
1876165
343573
1876200
648687
1876231
1747531
1876249
638415
409912
1864532
656843
268996
1876214
292876
1619854
710581
1498613
38985
84784
1876442
246643
1821622
138920
297716
1876515
1658192
1876577
1876535
1462628
1768347
1876617
1876592
813505
449170
1876618
571396
834637
1852060
3483
72155
1706671
47683
1876842
1245504
1876834
1001087
574419
566469
1850974
1876926
1876948
1850533
1051671
788670
259391
449004
73239
527300
1877073
760068
1877153
1877165
1877179
252327
1877117
103757
1877176
1231268
878231
1877252
1838791
339131
931890
1074678
1847289
23102
31299
1877380
1877204
4657
1740138
1877549
2871
1877555
20550
47640
876489
488886
1877695
717355
699230
1056670
1856140
1877794
1852638
1877738
403451
827868
1564513
528086
102748
654092
2937
1877988
325903
1877986
852036
1878036
1845556
1854298
392770
1051579
1878192
1877546
1762031
405769
1011669
1878194
1878187
850214
1280589
1878212
1416722
1877962
1588153
1142162
1878365
233083
1878270
454529
1599000
1878425
278315
141021
745385
1878374
200397
480362
1878566
704463
1125763
576154
93869
1878734
1600347
1878111
1878712
1672603
1878845
12504
1283993
1878885
754919
403016
1878797
1878985
896372
1872050
1879051
1878830
15189
1879071
130514
1493889
1009036
3817
1281400
639501
1879153
1879186
299569
1879062
1879144
1879201
115329
1879164
1563942
1262792
1166665
1230194
1314309
618658
1839727
1879329
1879289
336361
813295
1879389
1620777
1644477
3114
1879197
184522
6257
2050
1879491
1492046
1498075
1879395
1879560
81446
1879502
1879607
855535
92577
25952
1205730
971517
421799
1879606
618697
1879768
1879729
203617
1879752
369362
1879583
1852770
1242077
1879843
1333579
561094
440296
879566
1879797
1400468
1856393
1825515
1879155
1800224
1879957
1039138
546128
1879948
621576
437034
1879849
1879851
1331146
1879966
51949
1880097
1880119
1783
653917
1880172
452280
1539173
1069840
493310
424537
1880152
562607
561463
1210697
136371
690537
1469317
249038
489
52887
1311565
1859318
1880262
10453
102225
1880249
459183
1880246
1879713
1880391
689330
218509
1880474
1880357
1354207
1880365
1880500
1880303
1375211
1083466
448804
758754
1880498
653581
1880354
1325833
68299
1880732
750196
1387871
1880800
692723
1868617
765024
1205063
332056
592269
441
312068
1880735
1303273
1816817
1880932
10814
1880851
42355
687127
97663
303317
500581
1880987
373494
182114
243021
1881069
1880929
23797
1881152
1003076
683
1579755
16172
38494
770
160982
421255
1881296
1845448
1528
1881235
1881338
1764907
14983
1633096
1881667
1881716
1881684
115456
12844
932782
1608156
1881762
1881834
1878063
1881864
1881862
1377899
156992
1660569
321883
1882084
1882051
636432
1882043
1081557
1881601
13482
628830
1882195
572311
1882145
1882251
213730
1555996
1882264
1882241
13879
1882376
1823627
1882311
1882343
1055996
678
922571
1882143
379871
2839
1144214
1882539
1882428
1882630
1882450
1476927
1604133
900107
1854234
6400
1795323
1882753
1882783
1882840
622243
1882966
1882988
1882963
1116815
1742582
363911
520525
705826
1883147
1881340
1873781
1882401
519769
1881379
535668
91948
1803469
1883213
1883388
514418
1129372
802
1883448
514393
1883089
1054829
1883526
402
1882967
279370
419124
1883584
1656088
1883593
1654681
1883454
1883546
196654
1883629
1883585
454671
1883698
1883943
711124
1557067
538183
340966
74211
4597
1883898
722183
1884096
1883379
1537705
6872
711158
1884173
2772
1884247
306365
407630
1569
1884290
1664819
5097
1884356
1673153
1884438
258025
30438
539794
1884375
532202
1884059
1615037
67649
2378
694736
1884487
1884619
69761
633492
10064
8701
1133112
1884748
1884760
1744127
7049
1884779
1588944
1884685
940391
1825482
1884913
1884882
440559
295518
16778
1570554
262093
710718
1884994
1884721
76086
1783769
1885041
1885101
1495907
58085
949649
1885090
844662
347713
1885015
12368
1885056
742756
10453
1883615
46094
219794
1110398
1885195
2150
1604122
1843938
336077
220478
182164
1885272
1885372
1885146
603268
1571497
1885437
966142
642627
1885455
1885103
1805316
104736
37431
231093
1484575
2937
1885709
1059068
1669435
1885706
2840
1885578
1009076
491303
1885088
373148
1885812
1884755
1765153
2402
525847
1504997
625669
2178
1885999
1886017
1885990
1245559
801540
1289173
922943
9472
1262180
1886107
203769
1396378
1886146
1886222
1886316
109177
1886348
673174
676761
77644
1886467
1886489
1628417
767817
14730
1886277
755940
1558134
734017
1565267
1558226
96870
2564
1035678
1557323
583359
9982
2976
13991
1014907
1884566
380059
4958
1886813
1886839
500987
1886837
889796
952622
630285
163918
1886841
619496
1392312
611937
1886882
1497283
1886944
687772
1886945
9930
99360
1854657
777418
1887148
1828967
1818384
418440
1549216
498251
1831873
1887316
1877289
814438
1887431
1887486
592696
1826895
1887423
1529227
1887481
1072228
1855096
1887690
443996
1887724
426098
779788
149578
546516
706851
1886295
1888012
149068
1559735
1888006
1888060
98007
1888110
1888127
1888089
398207
1888260
1888274
2061
1888328
201677
656328
583131
849850
1872789
411297
1888471
1888404
1860664
5554
917245
1251755
1857614
1888576
1888660
1670459
73948
1888611
1246162
713468
1251683
1888772
1161540
253706
571155
135440
1888857
355919
426170
1838032
9970
1889069
1889078
1889087
1889098
171759
696482
188469
1116428
1593025
40839
13275
1889286
1889339
1889312
1021134
45741
1889250
1305095
1484324
1621883
1889363
967153
1868666
905355
753503
1889566
1841654
1889581
1889601
352391
34117
1889464
55988
1889595
496849
1889638
1889544
1889666
1081209
1889656
7773
331
1202
1889857
484034
1889549
1715579
397936
1889655
1143190
1889945
32840
1889360
1889972
1863028
1889940
1890085
1889484
1890100
1890135
1311289
229556
4958
130779
386060
1380940
1890194
1890388
1880828
1890357
1890303
1890516
1140383
1890579
753243
1890679
6400
1890632
1890600
1890740
2643
5902
18599
195055
1890776
678
841078
1781492
1890855
117708
1891015
127711
423726
5010
1891042
1558165
1614296
78759
88410
898567
1617055
1891234
907784
1150202
1890857
1303606
814540
1288884
595205
1891274
1672
1744112
34250
727077
1464915
28210
1185082
1891495
777887
1872778
1891554
1193477
439706
1845841
1891422
1891528
240258
1891667
6400
1442470
1891696
1599659
1891757
800161
425742
1009486
256274
1082614
1757580
1065495
1891829
1643205
1890834
234617
1507606
920168
13605
1892036
403328
1300568
136155
1892174
3014
283870
239477
342
1892200
1843473
1892294
183963
814133
676489
1892219
5
686160
1492802
1892344
735480
967396
810033
1308696
2687
1544887
1892552
6257
705610
1058532
1892549
772565
17619
1546488
1702312
1848038
1892774
1892786
14209
1891588
869527
666491
1892744
1830797
1892858
1892967
1396557
1002587
337280
1716491
93505
1738840
1118107
189128
25367
867031
717
509873
85177
1893338
1013088
67630
1612684
1886753
5
755007
1893472
2691
558305
764712
1449293
1674841
909375
1515763
718971
30057
1893742
1581465
1019460
542460
1893260
1850787
946701
1893854
1542431
1893680
1894022
325935
272065
1872987
1894132
1894082
1893442
1507234
1576653
598286
1528124
1893400
157087
1894204
1555200
2549
416114
23757
1894274
46897
8978
1894440
1894425
357534
1894488
316334
636203
1894202
1460433
946603
36268
1556290
1894593
1167486
1894627
809003
1894717
1550144
299
472822
1125725
1176393
763279
1750269
1894946
527374
1271348
1427956
454599
759506
1894874
1179647
1303931
933077
363697
1794146
1894828
502561
50628
1895269
1895406
755608
1895466
1892738
1262413
1638228
1877138
899957
709079
571953
576478
89751
1895638
1497741
972537
1895770
960232
14012
507314
1895917
1895844
212381
3817
1860458
1895934
456835
1896105
1896077
98519
1896117
1896062
1683416
720092
1896156
1896228
1896281
1896101
617326
1504403
106318
1896203
138834
586474
1823713
1857489
1670882
41320
556382
786133
1853804
1896575
433
352529
1896649
43569
903435
365581
58198
1896636
693141
1824150
629135
1678101
1896687
1860492
1266837
1603354
102
1891632
752337
244851
1897002
161720
1897041
1896812
87721
1515486
945753
1766089
1896974
410728
1844320
87025
292543
62545
1897148
1733647
1827972
1896820
247715
509668
346480
1859373
1897284
472889
22130
6952
1897482
1897449
123856
1116856
1897489
1839872
540544
84336
60862
1632724
1884681
1702698
12431
2050
1897836
1897896
149851
431587
1897969
1849857
85934
1089353
5097
1225402
1529956
10948
603600
1295705
1407019
2150
406818
1897995
1838732
1898311
394210
45706
1898359
4958
1638080
1897933
295491
983892
578032
1898409
1898189
1898300
1131623
528441
9361
1549670
524330
1898468
1825878
940629
1898583
134609
471707
107055
976261
1881500
1840593
1898673
1352700
1869019
1898779
1898619
18704
592991
1211255
1150765
331519
1832592
248115
826927
1899078
36744
1379342
1899067
661912
379483
523930
1898521
524028
534027
705602
342731
1752222
1899320
1899285
1135882
151056
1133797
393053
1442046
375899
454599
1899517
1717197
201832
1837760
1899093
2549
342186
1125495
1899227
1899611
1860541
20035
74304
1899742
1906
1252190
1273928
1899725
1899705
1899899
786682
1899508
169977
69703
1899957
1479002
930687
398540
562128
34995
1311104
305248
1883939
1792653
1900150
700524
1528201
9967
588832
234989
162190
761455
1900056
1900187
111439
612566
1900377
1900270
1900083
1900434
510471
689246
1900399
645197
62914
1900497
1900519
305226
1899900
1900479
312951
1900493
1587780
13472
462039
1900731
1317176
1900761
19880
533870
1900770
1732521
1900872
156940
17619
1826312
550837
34406
1767499
1900808
522127
680735
228516
1895636
1901227
1300480
1227989
1837163
1571112
1901329
26479
1835700
895505
1901429
1901583
1901481
1901644
1855610
1605313
190655
1733
1901514
767138
1298848
495676
1901672
8978
1826042
1507649
624426
630474
1649500
447666
32746
1052012
714983
1901859
1452377
1779523
1902003
1788057
1902109
1901566
1766053
505908
774633
1873383
50374
1902145
63629
102
871012
1902033
818707
1902517
257781
1901232
1902423
1007771
2440
1360126
752419
1889466
1902661
562419
576673
1363198
1003829
70788
432301
1255298
1902978
1902816
1232379
8852
1902822
1902859
1462476
1054952
124030
405462
346728
307075
1204672
1163512
42901
465940
3550
1901485
1007843
846550
748329
1903256
1803966
1653283
1613238
1903275
1903485
143170
16110
1903505
229087
516218
1903467
84008
1903651
2708
1477728
1903713
1903734
1847291
1852132
646164
1903807
1903220
540058
377687
120812
1900874
1533370
5773
52759
939528
353463
1903820
1903899
1825829
1903929
1904063
1495387
421109
418835
4702
1613
1162
615543
683381
1904153
451089
860788
261366
1904076
150217
50356
127405
1383830
1115662
1739572
1667825
10582
1904538
78395
390393
1904664
1904597
1781924
993
732341
1904814
1079092
1904827
156734
1904082
700226
69672
249906
1904910
989809
414697
378654
1720829
816188
1904746
1750370
816359
1556330
259419
1905166
917959
1861686
106441
443711
1905339
1905231
349440
238342
1905377
674687
1905302
6919
1829829
45002
869985
1748587
1557165
738481
1895319
42721
1905443
1266
946610
116160
813287
1905665
1009279
761577
195857
162688
1905814
1242912
754483
1905807
1868051
1238063
36846
1905018
1880177
1905897
762786
165782
6381
1905951
1862395
112868
1906165
1607381
1565373
790634
1905871
1309819
1672136
1135794
1906348
1906319
1469275
1906292
1905983
65983
217363
1574973
1906517
76766
590751
78395
1375917
516147
124837
948626
138456
1906834
1815000
377527
1906678
1906653
1462558
2061
405727
22896
155339
563887
558170
1906105
1907115
1906995
1904012
1907236
1907040
253675
989610
1907239
1907207
1907215
1906891
1906939
681851
1906496
1907262
73285
1907431
1733
87756
1824590
1907459
1028391
1907500
1892207
1725864
126058
1906886
9970
722791
1197179
1002584
24789
1518405
509202
730225
7008
1906154
1907711
139781
1773255
1907506
7709
1826962
1902829
1629671
1907736
1907863
1907362
1907891
1907782
1749698
2687
1907780
634294
1284650
1542225
1907753
925512
1907903
1908093
1907922
1908190
1908165
753524
373342
144130
1549070
1908139
1611908
2708
1908391
1565758
1845712
53910
69623
1908452
1908402
1610707
58929
72154
245118
1908113
1686763
1907848
1440461
97578
1656215
1908256
1042465
330490
1848652
481623
1698085
78702
611635
1431485
1908755
489565
2570
1907993
9809
79838
1518219
543792
2976
717
1638568
1908638
1908617
560817
1909202
703071
801506
1070901
1621280
684816
1909107
1909178
1909276
1682365
1834900
952
1628534
1909386
1909593
1909194
1909550
1875000
1909655
48786
1290242
387757
1909766
1909869
1909444
1338246
1909670
150918
1881108
1614119
1909721
163967
1909867
1909889
1273884
1909908
1909562
1909862
2937
1261028
1873704
1909897
1910143
409011
672605
135245
431039
733773
1910084
82329
617363
1722172
1910089
1855351
601087
2565
160378
189870
1909675
1910578
438603
1112019
42292
1910614
608915
1316634
368328
182646
1910138
1910608
463880
76573
370673
1909658
742372
675716
1907708
1910673
756416
50029
3621
594583
1407757
1910738
1940
1910961
1475696
1886252
1910898
1910917
1004672
1911068
1702272
1817396
1911026
799151
9315
1911188
1295275
1213600
1800268
1911135
1910326
683145
1911059
1380416
1911237
865452
754164
1911070
543541
1701638
1458860
1911329
1911299
1910645
57924
275550
1911309
460434
226446
1910817
1911436
1874118
9709
729672
594148
1911725
394272
248272
792110
1909270
715097
862131
1911802
584324
1587820
1911784
173363
1031544
26901
1911872
1910760
22738
4902
136187
94425
1911605
281662
246357
423795
1912054
1911923
6823
1175240
1269120
132961
622494
316554
1912266
1912257
761212
141502
1635892
1791588
1600283
438941
257196
1890084
1908244
1911523
1912502
1724392
420196
128153
1610006
1912475
1912267
1664246
1275776
822508
319805
1569
409307
212161
513163
767243
102724
1465419
3074
1887849
1507105
1084382
459940
133899
112850
477124
627204
1912908
1649192
1913050
1912812
1912963
1912953
1442099
80491
519301
717907
1236980
1637632
1630531
10183
1912885
10626
6817
1913287
878485
1238128
678649
925002
1850162
6091
1913022
6919
1913393
1913437
1875196
1275653
1913239
128398
212370
1901987
6204
517483
1115488
1485527
685966
1912217
1913841
1912370
952038
693306
67343
1158915
1913619
1353007
488551
683037
1832580
277
1386441
1685
532257
1898348
259782
1913757
1387304
485800
1913998
295635
438159
197430
1020339
4597
517967
1914221
1569
72327
1899773
1125019
1279833
1914420
162458
114801
1914449
369910
1639982
1897087
102707
71164
911623
1914639
1914732
1914654
1051889
1104371
1914531
636051
1912143
34307
1824754
1914920
476949
868071
277
1531087
4184
19132
1824966
385960
1357338
831046
399575
246531
1773729
706626
1913845
341911
369856
508361
567862
1845437
1633989
54675
1605734
1914851
1915270
1897622
2708
1915411
1907885
1915278
761829
1915482
1074582
1914916
1048969
1915543
1071790
47349
1915800
693254
328035
821529
1115256
1340905
698555
1672719
364541
1634367
1916167
419605
213518
1820783
1012331
1510707
1837
1916197
72183
1916320
15964
732631
15964
47640
185027
1856808
1916461
969457
1916218
119898
1511273
1343617
1909198
213203
92661
1205229
42237
727499
1892161
407020
1916032
1602859
1916726
1608312
1916452
1316033
124021
1916587
1916626
1890916
1916706
1916766
1835253
548540
1916551
1895900
806971
1725021
4184
1916818
1915887
1916779
1113216
771860
892905
270412
1831625
163487
895925
1573896
1917137
1916833
1838477
56823
704507
249614
1917236
13115
999228
10261
156281
1917329
812882
12199
135712
67549
1917406
703563
1917344
9512
200027
404662
1821849
505012
713069
1901767
1917221
351613
1917472
235175
461414
41168
1917454
1917343
1917655
1917356
1147959
294029
1917721
1439
862984
1097291
1283369
208690
712521
1917802
1113175
1835760
1824144
266187
1509939
1917585
1917714
1917577
958635
788207
438956
1301374
1913167
1461803
1633784
1918205
1918112
375239
80858
355929
1258132
1918245
1918051
1198701
1916966
1720528
547458
139947
1696623
575255
1918255
1918443
1918400
4711
24407
1908960
1918552
306072
305674
1918597
648721
9809
1918758
1918521
581323
916153
99858
809897
1885722
290179
90113
1903017
1917800
1918779
7432
293541
1908060
921897
1918809
1875013
1834863
927547
443024
1899334
1457587
4875
924501
640145
1888058
137440
692474
1918704
1114881
1918084
1919299
1700820
584987
419047
1919238
1919308
362368
1444
1919332
1919229
24050
537325
47230
85110
378510
1919440
1919514
1911383
565734
1919257
917798
332038
1824231
1724849
1919809
909672
1639892
1268268
139041
1919824
1919537
597572
371794
717
1919033
1375
280709
1920097
1769336
121175
1920017
1919829
1513454
1919958
585676
1920018
1919956
1067223
1337925
1254296
1919952
1920273
1920303
1310087
1920272
1920404
1021009
1920439
750380
90648
200503
1739397
89016
1920259
1920411
344960
742218
1705583
748324
737531
1521064
1046292
1920643
1536753
208969
1919002
3817
1920586
95981
14964
1889887
302219
1920599
1920736
1920673
98884
1866381
1569113
616104
1768425
1920961
1728538
1874119
1920120
490401
657008
1920959
1920830
665203
1920340
101953
20000
139897
557689
1921064
1921097
1920969
1678278
174904
1478813
245054
84073
448102
781766
1866900
1869293
1920807
1489262
963209
1921220
1608813
428458
580947
309280
1921341
11087
192384
1921421
1904036
1921476
491155
1921414
782652
921296
368465
1921470
531519
6376
1920576
1677486
1748680
1787199
1921479
1921799
5279
1129791
1266446
137207
511064
1921744
151673
617507
1921669
1921702
976123
1889350
1857460
953905
646124
1921843
1110453
173263
223939
454037
1921810
1655898
1921820
1922040
1922011
277
304921
17865
1629
512726
1400269
1922268
1219697
1922328
1921834
1922372
580920
342394
1252945
10582
1922377
211150
764124
128853
68695
39781
1225808
1921108
537456
1844245
951344
1885668
1837320
1922583
1495161
1042070
1016674
661582
103762
2976
1908401
1922590
1922602
1921842
1393717
1922744
232878
800627
140623
99583
1048078
438595
1922135
1922078
1352812
80138
1922780
1922765
1922801
1745944
1922580
1922734
1641018
1921780
901845
1892066
1922802
1923077
1487474
1922956
82270
667956
1922853
239126
1921514
1275173
1922832
1289290
1923330
1923026
79910
1829480
478480
699847
1921772
4597
1510137
177945
3070
1086300
1923536
1794599
694348
269060
1793641
926012
1678701
1923483
1922524
854721
334981
489
1274657
1378776
1923600
1528476
1345158
136181
179002
7489
1923281
1656233
1923709
484748
242273
1923498
1820
676357
1875186
128842
154157
651251
9809
1923432
1109813
1923866
1575334
1923903
777828
281175
930006
5790
16513
1966
1923921
506004
453350
1923063
1923321
1924052
1202008
1906
334334
1924376
387924
1923535
1577777
1924311
122488
1924224
1924341
616916
508202
129292
179655
1446707
311470
4184
1924430
391849
1924698
1490774
1923559
1924464
1924572
1069861
1924512
457869
1924826
682893
368520
1924066
1924883
1085092
1923071
1790217
679693
943052
107285
91185
1924891
1924951
201309
1873243
1349102
1614107
734073
1925232
5790
1813013
431628
1925328
45584
1925080
270924
530458
654238
1924895
1555139
604819
1925139
75674
235243
1924805
601190
1925504
343286
1488014
1925394
1817525
1298626
1925502
1526638
1705024
1925660
1209975
1836665
1925612
10524
17770
469051
1925674
1178524
1925683
1925938
732518
1925853
1925748
1926014
758694
1788671
1925981
1883369
1898720
87061
907630
1926067
1260032
588228
1835789
899967
1523084
465132
733604
1926254
23747
38450
1926027
2564
914859
959448
1211563
149415
646542
1926425
411291
1844441
1850161
1926225
1926615
1726364
403307
1926404
11971
194345
1923581
1088743
992984
189860
2643
1926663
1236769
2937
1590154
78724
1926767
12437
508809
1926627
1926804
1841394
1895886
1926854
1926060
1926681
90131
1926517
1135560
675580
1926935
1927053
904417
749786
1511442
367702
474679
628366
128104
1591548
1926960
827846
1927163
510949
1411690
1927110
1927190
345270
693
1926953
154767
1925396
1900364
109824
45590
356711
1070717
1927396
736504
203501
1205318
291342
1346326
140568
1927340
477137
18190
1927265
118684
1170315
1077947
330981
1461821
660365
935905
1301020
1927649
932247
741579
1927519
1212203
603812
152579
1927607
128316
1927751
1764745
1457180
606384
790753
766846
744856
1928007
1927858
1927997
1223567
9361
1844906
1928017
778912
39536
1924058
1504
1928023
671371
1928022
425416
370180
1926561
1927969
664100
158836
69871
476139
10705
274782
625852
1081401
148444
1928480
1910764
386509
1928447
1925815
1928526
1140422
1126109
453176
1928337
1928387
460538
823688
1928471
767857
356054
1928698
662546
445704
1928735
1928570
1928381
308533
1928182
749962
1872103
1928745
621805
1012809
1928306
516407
717
1586510
1928815
198791
836154
1927826
1928359
1879984
201774
1928951
555284
1023927
1928928
1928986
203514
1482850
1489876
1910953
151656
511475
1928993
1929089
638092
109525
1901070
628558
57777
543639
1832201
384111
1867714
407869
1928857
1285952
1926087
468762
318754
1140821
65523
1929135
736886
1929430
1795583
1880554
1918523
229360
1929546
1763644
1498842
342224
405863
1929657
1929219
1929614
1929372
1929594
1836621
263138
794589
108760
1929622
1563738
1929932
1507428
356038
1929808
1202
1929767
1929920
757197
1219208
1038141
349190
1929938
1610595
964271
1267328
47413
394404
1929951
633592
2592
1816304
1929530
1930004
1930278
624399
1790936
1930307
1930140
1655049
693
1930239
61234
1930331
607775
359823
1930446
1930500
931400
910776
1248403
1930518
783
1204927
1795711
83993
1930634
1930141
1930579
1930598
111989
370203
1883412
2643
238555
1555062
1930731
469836
571987
1930908
1930776
1930838
1930877
1294142
1726854
1307926
1729152
1665168
35554
509967
1930605
1930901
269924
1031346
127153
1931035
1931040
1929834
1931005
1910813
782709
1833182
91105
1066109
86441
1931236
749439
1493
62402
1931193
853582
1297227
1931414
1807351
1931501
1931463
1931475
1757468
265548
1931404
1237032
482342
439655
1931550
1931570
609673
1931425
1372258
1924419
436873
1310073
1931622
62142
1931716
1018557
1696646
1058034
1495960
1931661
650044
79205
1931808
535402
198864
1260023
1931867
1918651
818365
1931820
1931944
1931745
1886048
1887032
1931938
819923
534629
1536441
1931696
1831668
1558324
1931813
120561
1275
1931851
1932095
650018
51483
1932167
500645
1931898
210119
2061
1932319
1146600
95526
1932164
635835
1932335
85294
1932301
1932353
1932158
649323
60323
1932253
946058
117889
950072
146124
146053
782838
311707
678
148568
287934
272287
478932
1932515
1849792
594389
1162
1107814
925418
823702
146795
1932642
1678446
1611739
128617
1930848
1932847
433244
1886195
1932856
1876987
1547169
1933047
1932844
114628
1933033
1349650
683146
1244511
277341
1932681
1932727
1299782
1933001
457591
639491
216201
1177287
263918
1272173
1933293
647258
1933307
1635399
72456
659609
1933474
802
584500
806971
1092033
1858643
1115497
1894438
1933642
1933526
870523
14404
1933705
42065
1537102
1933795
18311
980577
219705
1940
757615
802
1059180
745940
749986
388884
234795
1934365
85279
907496
3071
701518
1859536
12544
21059
46416
516583
491195
1934632
1934665
1625721
1934649
844591
192719
97018
447192
288744
1934782
722891
170288
113239
68486
1935099
347811
1934964
540894
1935106
1935089
1574317
373857
205
1935165
1708483
438428
1935321
1935247
424812
97736
1800554
1935412
1935566
1935604
812530
1176542
1624535
1935563
836678
1935702
1132565
302057
1495153
1935751
749389
1666767
1608748
798186
670018
1765600
1220424
1935928
1524160
1900
1935947
967380
129292
1936027
1481212
1120221
21981
1644592
1769823
1936030
385778
1264756
1935868
1936239
643850
1936312
70267
125043
1052662
1909234
750465
1047192
433
1936601
1936827
842927
436216
1837022
1936938
1936858
120281
1783
1908766
240385
23146
1936822
1340010
408885
1435236
523200
1937152
1937223
1937420
1463412
2871
414308
365620
1937726
80809
1910446
249833
1568337
1937831
19761
1505812
6341
654881
1937874
1719573
1937468
1938175
101432
1938296
16031
1144163
315024
13482
490033
81564
533351
1515411
1443779
1938253
394851
8089
115273
1939029
1565998
318593
645902
1236
57626
66481
4634
1939376
512685
1939514
775993
1939617
754675
1939816
65752
177746
330920
1086180
1939814
1940138
1553871
870422
470966
35650
3297
1626534
1939775
1351237
1024370
1939744
48920
2937
11276
1940497
14955
1941019
1417394
1149590
1418071
1936315
1941445
1492265
1941363
77072
181199
513373
1728843
1108503
921989
771483
528401
812790
1268979
1942157
1847541
1942226
1942498
1942336
31001
738512
200025
980490
388078
1626635
1275792
1941587
512381
1942919
1489759
1282104
442629
1315495
1045928
1236307
13607
1943550
1522234
1943076
1571033
1825264
738812
277623
50921
741436
637071
483931
319079
603280
1416875
1943656
1604924
1855056
1943893
1944108
2647
418944
191853
681391
1833839
810620
1944465
1944381
1944131
133877
598267
1944887
1944874
241693
1945233
1438054
1944401
116914
749605
990594
1945555
152899
1945650
211654
1945706
1942948
1504103
1838689
16534
1945341
1945938
102645
1751587
1946208
1943280
1839557
461814
1945923
1946123
1291338
1932997
162509
1551884
1946612
1487703
1944255
1946566
1328900
157681
653171
4717
1843762
1850863
25267
175478
1946837
634694
1946952
1865032
1947436
2647
1947820
1945926
1544540
1903198
184827
1158854
1948154
1948003
1947938
360745
264323
4875
222857
1367533
495767
1948507
1945979
1541585
619433
1948515
1945962
353515
1948629
219274
1948913
1355875
1893454
868126
1949052
685696
1861267
1242843
1948744
1949197
293694
618184
416996
1554085
1947683
1594455
66803
2976
224771
1045893
443532
309738
1949432
1949816
1949525
187536
1949835
1813241
1950089
1950221
520820
182423
685858
1949999
674337
1950012
1358810
649893
1950004
114205
1949277
1205813
1950491
1698008
574865
1948416
127773
104451
547555
1902444
1951051
1950837
1768
1568900
91552
147
3743
1811870
582068
1951238
238007
13342
1951480
783857
1951784
218204
1782921
6777
1475892
1951601
394827
1503373
1951954
621146
1348914
1821571
237907
1951712
558413
314918
85906
1952224
894621
115969
1952442
1952478
1951953
1601421
1952175
159651
114625
1952623
92929
1585346
1953324
17734
1950625
1953553
1016826
413632
1895477
1953775
1851267
1072042
42355
127233
1951532
156751
19327
1953989
1951638
1165298
24571
88601
1527581
957733
516824
438035
35446
1954540
1247903
1896690
454919
150046
1954510
1954224
397271
137425
813945
1954990
1954948
5
651928
1117339
1113892
1493
1954259
803149
604210
1163867
1831474
383813
1955816
1116241
543072
418513
1956175
1672043
1560271
222306
1949240
1817425
503882
1954649
924778
1956439
558464
40249
1834402
1956441
1956393
1533620
1956616
1211940
1957063
1076680
1956541
269649
264992
1956896
1956843
1801609
1011299
1957208
1956839
1202575
493796
503726
1957164
1244955
1569
657799
1477574
1957499
445053
1957301
1955781
1957354
1576816
1956975
1957123
694152
524184
575251
731438
1568257
1958018
1524026
1957902
1958378
282395
1957794
1556975
1958404
102000
866830
429964
1820464
1958973
194233
56421
1958803
1958574
1432089
1473193
534556
1920489
1109208
1958917
1235187
1329079
1958002
1554345
911781
1959447
1842336
1959884
639981
1495358
293098
219536
687801
1293579
1959900
488192
117476
53107
195673
61426
1959038
1959612
1502343
1960371
1959857
1960214
427350
1960311
512581
4311
1960474
1921178
1390332
1960265
1953410
903255
322814
906201
1760469
557801
1960523
1571245
1873279
595987
1961301
53275
178903
1961348
84997
1268656
1957462
1961493
709378
631552
1959567
1961322
1961712
1961745
1628752
9790
476094
1961168
119426
1637743
1960627
616575
1962102
1875478
390930
1563332
932510
1961501
1833292
1158984
516520
306179
1962817
1962415
1963023
598773
1222856
1661192
1774184
1963368
852168
186728
9092
1963582
1639214
1962774
383597
1963903
449755
364286
567989
1762702
48020
2708
605606
1120311
1506428
1964370
83379
649689
1672
23854
752924
1493
1965084
80821
952
918
1289733
680467
1783
553288
1965349
6257
1013654
386389
1964772
12329
1965825
1965763
289871
1245317
1371935
1966211
1963167
371016
1090060
1966133
1419616
1965904
1966056
1960667
1966433
1966497
907596
1966646
1963357
495782
8852
156701
1965790
4958
1966872
540105
1066428
1965487
490166
110426
1967660
1924034
1478734
1895857
339101
1966811
1955076
862060
1966940
1467439
1851206
1968213
893983
1421937
1331730
693271
81746
1968423
841661
1967546
1968327
642388
1967038
1969136
1855870
1968116
1967475
1748328
990871
34198
117221
1968881
1797197
154300
1820
27677
1581360
1968356
1969565
1969506
1494700
719656
1970012
1969248
1492274
1969819
262868
1290726
751074
1533299
1970105
1970515
7096
1970743
395453
473102
1489622
1971007
663442
1970685
253673
684208
1970629
1970442
1688846
1834407
1967065
1736231
1970472
1488567
1971126
52504
1021444
57517
1962073
111476
1647747
2710
1969396
31321
1968231
1971910
1971935
1195459
1584166
318167
1971486
162536
434304
1628411
47782
201448
1971632
2643
775859
1796126
1063053
410516
158768
1056603
752844
1130415
1947219
1973185
1973621
86
1972242
780818
46171
96500
1973635
888345
259666
1973394
952922
19974
165114
812146
1314939
311955
1973073
1026372
1845874
1974407
1480705
1974361
1974185
4184
1974583
1974299
1116686
1845266
460364
1973233
1172792
1970827
131729
4597
9967
1974941
1975097
489059
1974784
1538175
1911995
501383
1975131
510500
1975896
1776736
1975997
1280547
1280922
915013
1539885
695540
1973296
1975375
1976306
1976241
1974055
935142
1906
1976281
1975606
1976207
1975970
1975437
729529
1930119
198603
1931764
1248252
1977094
1289162
6870
1118486
39116
1087814
1977173
1109645
640093
1147692
1522368
1692089
1976882
1264986
1975243
1975768
563541
528007
1977759
652748
1977049
143033
1977899
1272259
1073963
225196
1514465
224371
847691
1977751
1970062
1977896
493070
459795
1404972
850790
765075
1475
1977579
1974053
129671
1583721
365697
1978135
1978283
1978084
18298
1974157
407577
1978306
1941569
677199
623080
1978943
1979248
814689
1455342
1979392
1037874
538618
1553345
5
499160
1979381
606843
792755
1951507
1979960
915668
1980115
1743220
12661
1486968
1976497
488684
1727842
498648
1979976
1774
1484775
1979832
545550
1926495
1980405
1981132
50289
1980303
871481
1980891
811077
1981105
1980874
314180
219214
421194
682817
1131387
1170794
1979150
1981051
115872
165545
341839
1981227
1981013
1352684
1982053
146550
785582
9656
1570475
1864603
1458303
1982726
1836635
1573554
332729
216807
1981325
1482677
1340247
1112599
1982841
8547
1008751
11184
1983661
1092776
1982995
182193
1983989
1982353
1435385
277232
545050
574549
1982211
1378304
1984551
948045
1655903
3074
428311
11894
1984478
1528609
77671
356581
72337
1629
70979
1983657
747363
540103
1725479
1728197
1984263
1980154
645026
1985578
825309
923108
765789
1986026
1985876
1831
1589244
1986105
1986237
1985722
1575462
140198
1986632
234702
267880
558658
1986471
641569
1052990
1652585
1859921
1208658
1986896
48651
337024
2708
134122
1987176
1986911
88277
1868901
1321355
1667488
1110352
836167
1987262
998251
1949347
174953
664507
1987070
478164
609080
1319535
1987985
279176
260633
1822567
1988236
198037
1988531
1988397
1987351
15815
1988475
277
1985261
122456
1988777
1988307
1583039
41198
159058
1988447
1690629
1988568
45436
1989313
309421
1617779
405490
1915308
1989895
1836464
978196
197926
600454
1280067
1688924
13232
1990390
689317
1076641
1650768
2378
1990620
1562434
904241
1243845
34134
600251
1629
504623
1733
866709
762292
17624
1991514
1632681
33144
1991602
315084
1990025
1991700
893760
1378526
49200
1605029
1269379
12642
224981
981537
1263
1992421
932826
1992899
1613795
696360
1880328
424796
1992868
73691
1884483
1992426
6132
665925
1993269
77676
727113
1993440
963188
792650
1994142
68141
1994182
1994237
261037
321687
431413
1993275
74279
1731166
140211
412365
1026588
230029
641960
1852834
742839
537113
1995588
1995346
455528
2050
1995504
2708
203126
1904027
1995608
1961529
1996098
700179
1995880
1993570
1954899
1429473
1996036
748866
446948
1995556
163529
768340
1832457
1569
1996645
1996248
1588452
1996703
1996602
1251856
1996492
641960
601098
1996781
1996971
860636
370604
73561
1997035
1641795
1995281
72409
1997443
1723526
1913242
1002162
154538
632730
381958
1472111
1977135
1943138
715559
101624
764216
872234
1998027
1569
1876673
1991949
1997258
1493276
159283
38974
3028
1900439
190668
78780
1214041
1998172
176820
1998642
1998890
1996290
1998839
168116
1134012
1999203
1383583
780251
1902185
1999743
1999774
1999436
2000035
1013058
108530
1999871
678275
1076766
1390876
747800
110139
2000386
1998308
3
1370254
1999921
2000836
691273
86874
1246470
1343312
985241
2000820
2000708
248303
343656
143035
519850
732760
917116
1999222
436553
1990834
1408884
717803
414278
2001821
87172
265811
2001801
343990
2001877
2002189
1791599
2001752
220249
1626287
504930
420332
1885405
1988491
8068
1107706
1496399
2001297
1601113
1674226
217899
727930
2001411
2002676
1778879
2002900
367247
261569
1670151
1086849
2002557
1269679
433040
1758399
601126
2003492
26900
2003792
2003376
2003787
830935
1545713
2004242
690313
101553
450528
1504
1422717
690087
2003199
2003335
1469935
2004264
2003881
649760
2004503
289692
986573
1674608
86067
150411
2004326
1282480
2004315
2004083
1932192
49489
11710
2004748
942045
1532336
1491550
2004823
2004956
2004913
2004896
2004890
1329135
821585
1977441
16513
1401178
14844
1997493
5703
2005371
461996
1541412
2005331
916338
1287232
713294
2002356
1051836
2005613
628083
48483
440920
1929396
3743
2005674
4042
2005650
949201
830487
24335
111093
1814866
742801
12946
2005672
2006061
1169294
80140
487370
121782
4972
1514245
2006267
97369
1994714
678159
744019
2006568
1330414
678
1849893
2050
2006877
2007052
240217
7258
721584
504332
336034
716044
2007362
388809
112075
691437
105355
2007361
720653
180408
7657
2007501
624615
1849599
2007323
571420
303660
427767
67776
63567
80617
944907
454847
621752
2008080
540770
1045596
177361
431641
2008142
1528
57087
2710
2008569
446530
2008120
2008092
1557570
2008247
912279
2008650
234610
628164
184879
172571
28020
693
2008852
2008674
1417000
519424
427329
660681
1126192
378122
1993898
1092307
54682
677495
659050
1750769
697420
2009160
148411
2009059
2708
2378
1639814
2009304
2009120
690836
2009523
1362746
2009540
1381391
29769
625105
527807
827437
1477388
1506566
475264
1519750
1719530
1728222
1662777
2009895
604090
1047622
240350
2006544
281636
1528
1134482
2010373
1132467
2010406
2010573
159963
2010665
922752
1020
2010856
2010854
30648
1543170
1593437
2010925
2010988
1085691
594816
149783
458224
1511667
194837
2011718
1506961
2011520
1939320
979372
46668
791184
1449514
914776
994392
2012175
1892316
1803855
2012450
1404739
436800
2012782
672353
2012725
155937
477296
744275
2012938
42274
603678
1861304
4597
2013464
101896
2013667
553163
629172
1009812
2013676
106245
2248
1135945
2013764
915120
113357
1857194
1856936
2014137
556423
1285111
2014450
434068
489722
2014325
257543
2014475
2014556
1325997
78240
513601
2014721
120417
20824
415040
675693
1509826
799647
525422
1992022
2015713
2015305
353809
1583256
2015453
1168816
105113
1790793
123658
152064
920211
2015870
19903
2017009
1319497
2017408
65348
592216
88016
1171604
391167
952
2017980
156500
1484043
1046104
2015479
2018222
981469
1904599
272386
285233
1986862
634457
818899
2861
116575
2018872
1793373
2019223
766958
2018202
2019243
527288
8852
1988513
110981
1860855
364870
5263
2020443
1993677
1936044
2020589
842120
1056574
260301
2020361
3777
904003
1960691
611272
1327546
2021248
2565
2019628
2021410
351573
2021017
1463340
2022055
2021765
280271
2021719
773680
2422
1997026
1138916
2021722
752962
2022773
1247079
138558
396444
440464
762671
952394
57363
287357
2023461
260622
252246
2023816
8745
245911
2023983
2022727
2023780
1514647
2023482
1768018
2023655
1052103
4719
505111
2024049
570446
2024565
2024459
2024393
1529328
2024688
2024486
2024266
16031
763267
2024874
191674
1329936
1733850
2024951
234591
1682628
477947
637158
624095
261878
2023638
22792
46897
1941934
108911
2023635
1236
276888
917394
2026184
168586
2178
952
820812
2026779
4597
972298
871284
561385
810533
2027036
147646
1140142
1988675
157173
1929121
2026919
9139
747499
59174
550468
1965210
2027357
123945
2027724
69353
2027959
1848278
547083
1642421
1436926
2013627
2028559
2003552
1319733
1812119
488702
2028715
2028871
2028920
71457
4039
791127
2029346
331
935306
1943825
1613292
591128
43980
426095
1021606
1800128
615288
320162
415207
391369
2029507
334215
147583
517534
764452
1424392
2028117
1978246
120608
9778
2030118
1162840
535345
1282832
1898835
2030481
1757008
1499101
48223
12368
344599
1762465
2030804
1888731
2030803
2002236
5367
2031058
688312
1965071
1634981
21335
2549
22498
43280
732887
1050724
2031441
2031302
2031227
784764
2030424
2031827
2031444
7864
621134
2032103
2032460
678467
2032437
2032170
32784
1972477
2032688
2032554
2032072
2032856
2032818
2020736
146452
2015518
950556
2032914
5
2002675
2031811
224074
2033441
844826
2026627
902836
2033021
196507
2033464
1768
3384
3028
1538505
2034063
979868
386948
1994067
1248771
176110
2033591
2034675
757272
2033969
59157
1849445
2034869
914195
1558095
962785
1689052
2027387
306287
2035210
2035229
1304016
151295
709226
2035428
2178
2035665
90038
336578
602758
1177559
1703611
2034062
467983
2035325
699243
1462113
1961512
171507
2034135
2036584
1802521
1483387
2036904
2036813
379532
283107
476185
136194
2037144
1992436
2037082
331847
526235
2037357
1980345
136670
1845583
2037495
1019844
1149118
567796
1851864
2037660
2038046
1865183
2016724
1494238
1920362
379012
225316
2038098
1021376
1291338
2038718
810901
2038936
518761
3038
2038688
1575188
2026351
1524530
1443210
352136
132397
1499450
2040025
734754
693359
130348
1399985
2040620
1901506
