665484
1813308
1826623
50101
1827158
1273699
126946
1313330
582592
1601524
1515187
1828777
259916
1046736
1333491
436007
1616179
598474
496927
1344796
213592
1829057
1829135
312887
459830
1426998
7219
1593037
1309225
1295011
1366448
1550246
1829517
1275271
580160
575050
1339897
1276273
711360
1829629
1630069
1279553
220807
1829694
1025389
1829732
590652
402248
1829771
1829786
1829808
1829820
196859
1293789
1303205
1829999
269838
638003
151
1830130
678602
1830213
705379
1323232
185979
309632
1672
748826
1136262
1830498
1830499
22130
1830589
1830610
1284456
421600
1830882
138291
617504
16744
1831196
1831233
1766187
1831306
27464
1444811
1257798
12728
1831334
1469378
1831371
1729478
71326
1831533
661879
1831602
19461
328043
1831714
1326922
1338137
1170685
1831790
1350272
1281199
1831911
432120
1832029
226216
235814
1832043
1794397
277320
1832226
1832246
1832262
1496082
284427
1274431
1832503
1282954
1341450
1832688
1832740
1090720
1832778
1445593
777037
1833100
1441605
1833256
13572
597746
844950
1604588
506459
1662
307321
1017045
1275494
1279062
1834064
1789316
2258
594789
1834788
634048
1212
1834922
162431
1278982
1438396
475433
1832905
1835187
1312627
1834670
1835283
1835340
3722
1835476
331
209191
1835544
2708
599702
1835648
1298029
210094
683986
629323
715376
1569
916826
36929
1835944
1836017
1729411
1735812
12605
1625707
184879
1605785
1835850
1255542
1376280
1836412
1548327
1836445
9930
1420433
1836661
917299
84491
1836766
433
547532
867660
320439
1837033
1335495
1836244
1837097
451
1837143
910551
1837284
1837313
210814
1271017
1440397
1837368
381862
784764
917299
1837430
1444077
1352880
84336
1837566
1837587
466217
556138
1371351
476836
6467
932253
1837713
12845
4538
1501063
196049
1482410
1837756
813564
724919
335340
1837850
1837869
1687124
1248526
1837
653412
1838006
1838014
1838055
1838126
1838149
342
6038
289679
1838178
107443
58988
4972
1402992
634245
120845
1838452
1409189
1838551
526754
352885
265616
718339
1326949
1838737
1838705
62254
1838787
1436516
1825611
1090310
1838892
474916
1838915
1330884
1278591
1038
321655
1160148
1601586
1623972
1390869
627597
1245353
1339800
1350914
1287408
1839018
1275161
1381740
1839061
1511322
752292
1408443
1336074
269267
1839058
168845
1275651
1270279
1332666
1280526
164359
793220
1718472
725572
800586
1839258
1839280
1839281
1839294
1374375
1761918
31867
172840
437850
688364
1728819
1767085
1646893
679252
1839420
981299
4706
12368
1292469
1321978
1415478
248796
1839474
564718
1276482
1303972
1839484
1293855
507509
1839493
1584035
85527
1839495
10261
1279033
1338143
1839544
1327255
214754
1562978
1839555
1839558
1839561
1839568
728896
1572815
747817
1505812
320357
1280320
1283643
177092
269563
1839662
1839671
1839581
1132151
104182
1839681
527032
476897
1839699
42658
1280078
1839718
1202
205764
807813
1639234
1374363
1839742
1839743
1839746
1839793
1839801
1839818
1839819
1301765
788426
1839850
236786
1428385
908428
1409625
1839905
1311754
518380
1839926
695643
1818249
311724
1401412
357243
1264235
631712
1162320
1437837
693972
1839988
1363221
1056465
1840005
8852
1784345
193954
1283466
20997
1840047
73070
1107218
552543
1840083
1840102
242529
1840113
1707601
1840128
7170
1318231
1324935
1613852
1105909
1840192
662081
1269589
1282987
537951
1840211
582912
1359039
1013883
751554
1840255
410492
257028
1840280
1840281
1580453
399941
51023
1288604
158972
714272
740787
1840330
1840358
1578654
1343910
465
1840430
999836
1840442
1840462
1840475
191502
1840505
3045
1541143
1840518
1840549
1279214
1840559
70551
1388549
1282080
1840592
4597
1840610
1403683
10183
1840660
1378760
1277020
923057
1833216
1834535
334304
1840702
1840719
420024
711373
167857
1423332
1840782
28856
2422
965446
1840901
1840915
1790550
90849
1840943
1840947
1641127
1605281
1840990
712285
931874
18635
1357532
1841037
908459
1841076
1241570
1277897
1832862
23899
1377499
1426466
1841228
17750
1359190
1277025
724811
1380939
1371869
1382848
1278450
1323826
981658
568810
1841401
1279169
4184
1841408
1309762
1530039
5635
131472
1702893
1454185
24354
485393
389861
287986
1439705
1382849
1841628
631854
1841647
1841649
1281807
1430953
1841706
97425
282714
119930
1841734
1841752
1841770
1841769
110636
508147
198827
1805970
269631
1210473
1839034
471073
1816978
1841930
1841980
425558
1751113
1833232
63792
1769311
18599
1332988
770
1842163
4647
1324289
336517
1308623
643247
1842199
1842202
1842155
1539083
2318
1842280
997989
1774
1277157
733858
39545
1842360
170612
1175379
16144
1533724
531838
8221
646276
1402497
1842447
190510
491759
1842467
851407
1842470
1842473
1323505
3045
1842511
1260781
1516036
50878
1494505
1842594
1549729
1842650
1280311
1842706
647868
1842608
116943
650808
1112064
235158
1656048
1483311
106541
1285953
1376837
1842831
1842838
30438
1842867
1579076
1842908
1777138
1491588
1842835
1298669
1800787
1282108
326139
417567
867650
1616210
1843066
1561136
277262
917931
1309552
141754
1442722
1672
1324800
1292509
1419098
1843242
1843252
1843312
1441426
1421518
1539422
1283905
2318
1431566
738840
1500709
1365644
1688081
1456065
1418724
1318017
191511
1843505
1843526
684134
788810
371633
1843622
1059419
1480017
202449
1843678
1843718
2258
8974
977916
1843786
1553804
1843886
17865
512077
909014
1402794
1843939
17619
438068
725577
477557
64364
1844012
8089
1386617
676
1147981
5140
1844182
1525185
12368
1844141
1478811
1844213
1844218
815839
1844231
690213
1261479
1524978
1027297
1702958
668735
1844340
1844077
12487
1331401
1223417
1298625
207369
1844407
1844420
1844398
1844447
1615932
1390993
49200
1844506
1844508
13482
1844522
1844527
1140433
1844554
25569
1337895
1339941
298206
1844637
1844645
317841
1844697
1483570
1509344
33074
952
1281573
1130483
1381230
1339345
1844865
1844893
1316643
302862
1334997
145419
904003
1471282
1845035
1845037
1573073
6823
1765493
647319
1845028
1794360
1845075
1940
1304157
6604
1845128
1610119
483779
1845207
1845218
1801772
158028
1845254
1419525
1566285
4538
4875
898555
590938
532586
1728804
1845354
705900
1845408
1813435
1283816
1616754
1383891
1739575
1845467
1378689
1845483
1845491
1455871
1737808
979216
1845591
499743
1352488
1048300
1845655
1845664
1845675
1772988
1845679
1845684
1680485
1845685
1456738
1845713
1387775
1236293
1845791
1845795
1845776
194964
1845817
1845819
425666
2945
1845870
1845886
1845895
1300920
1845964
1845967
755631
1622604
1846026
1846067
5811
1783
5097
1257300
1846151
1846182
291612
1846227
1010127
1846236
1549928
1798
1488568
734930
1482198
1846311
1467917
1846332
87781
1822033
133778
209260
2178
1375028
967131
153014
1846466
1557354
290179
1340058
1846488
340697
158834
1566870
1295385
340414
788125
850924
478555
202017
11087
1906
1255504
716548
1846772
958815
1456486
184543
660811
1846858
1636000
465
1771569
2687
704058
1846945
1846950
733230
1846972
1846983
19451
1847044
1847054
3302
9982
1468460
660708
1847010
1847131
1847145
1368281
1289711
1775234
1751
1000016
1847239
896561
1847305
991174
1280298
868297
1847366
556094
1847401
1739821
1847417
1847442
1662582
1393285
161873
1003074
1013133
1548718
1168142
1790306
1847715
1793732
1274667
1296539
1847752
1847764
1269982
1569
1499714
1847817
1847837
9361
1597294
1847896
1847944
144268
48833
1334415
1642548
1472608
280233
1848052
1452170
81867
1848107
179167
344149
273224
1848212
1848218
1848226
671224
1622236
746752
1846345
997244
1848335
1812960
1266
1848410
1042401
289139
1162
1848528
1373035
1848591
1848594
92259
657319
1811870
1848680
1848733
528308
148177
742769
1848835
19829
446979
1304950
1848917
1848962
1282274
989759
1848999
1849001
1849071
1262779
104051
1504517
655674
730538
172007
1815000
2687
1849165
437831
1267284
993
1567278
1849250
2920
1809394
1849224
9229
1814406
715272
1849369
1241174
1373163
1849398
1849336
70574
999113
1274103
24180
51756
408143
254384
1849534
1496014
1662
1613
812
1849617
712079
1849621
1849633
1442365
1849637
1773836
1849709
177664
197452
1388735
1849751
1739795
1849753
1485959
1280687
1849777
1491441
1849794
1621961
22057
574023
1524406
1570963
30262
97914
654502
1410704
1134905
1849963
1849790
1850010
18599
905213
1657998
1387304
1529671
1850048
597014
412196
1849687
1850053
1850154
1405255
1296601
1850184
1850186
1850192
1295130
1757
1607103
1343275
1850266
1850275
402
52543
1850344
1820237
4875
109966
1850401
1536846
111479
352956
1387550
1558816
1850482
1850453
120611
1330245
475589
407467
1014742
627380
73948
52205
1850601
647576
954493
1850651
1488868
1390966
1850733
91325
1268274
782556
1850811
1850812
911544
1850743
1737486
157293
1850278
45281
1850925
1850948
812257
6440
1851009
1755901
526837
4184
1613118
1459656
1848576
1539749
148592
1851118
384461
1851131
1119662
1851199
1851217
1851225
60796
1346809
557093
1851275
183698
312358
1851334
1851366
1329264
411684
883437
1766141
1851419
1851424
1851434
908113
1513427
1304385
1851490
741033
90013
1851521
151215
1453361
1851499
1851555
1362662
1312304
1851649
1851647
1413942
2353
1288998
1851769
1851795
1807488
1851799
1111527
1851657
1851834
1816901
1851807
1851869
1851872
1002334
1497969
1657660
1267868
11583
1006534
1851955
322277
1852018
1852022
1176078
717
532337
1488523
1393111
1551792
309440
466942
1436579
1358217
1300249
1852161
4597
412151
1852186
217138
1266822
2327
1366888
163697
563151
1355390
1579893
1852385
462266
1852402
1852422
1386727
1613411
1852476
1393063
1850654
478198
1267303
1852550
1303635
156890
1813461
1843168
1852588
112120
32101
1852679
1852701
444498
1852625
80567
1399019
1304668
1852815
1380618
1550489
1852841
680650
119027
1286206
186227
1852974
275864
363816
1291918
1296336
1721895
1385108
1853069
1161062
1853101
1298242
447153
466705
1751
1853180
15518
1853225
2340
5635
1853252
1271021
1853173
1604624
1853189
1340415
1853301
1853325
167388
1853393
1691787
953734
1853427
1220095
5902
1853437
1853416
1853428
1853454
1853467
234333
1853502
1853501
348992
1853534
1853591
1043949
1122468
219519
1283973
1853660
1491754
1768975
340219
97483
2422
1853717
1853723
98948
103455
745217
1853771
1853786
1853757
1853822
1853824
10261
244766
1853844
1489915
39100
979404
1853935
768949
381211
296533
1094389
1854010
49526
1854018
1854019
48475
1854034
240845
251381
559351
1146437
1854107
1046513
1854112
1854142
277
1854156
990143
1623614
1854167
1854176
266793
1854185
1394263
1854206
1349964
1854228
1341443
1854244
697868
133495
206292
1854311
1335252
1854315
1854325
1257368
1605105
123638
1378839
76135
1854367
1854387
1754607
1347481
1170799
1854495
515860
1854520
1272167
998452
77007
515071
285427
1854617
1854621
1554209
1376317
1614458
1499068
30050
109025
744582
767070
2061
1854764
1712649
71119
33849
1646297
1854828
1260939
1854870
1854888
18253
666190
1854992
3929
659253
1507351
998333
1855101
1773154
182193
1739710
1855147
1855148
3821
1335779
1855167
691627
1604623
1855197
1267014
408335
1307333
896717
735916
726632
139028
1855323
1023988
1301024
1468439
1507234
1855456
129693
1061771
1459365
319290
163550
141905
1855546
1332220
149439
1855618
1343095
16002
1855652
1855658
194160
220744
1715389
1855759
1855794
1855815
1492106
1855837
933208
1855868
204817
1855889
1267533
711252
1493
1730941
686306
1458119
1856172
1856181
1275436
1569803
1856176
282233
621178
210346
1856273
1470755
1121101
1856367
1856418
368304
1622408
94012
1161382
3417
1642749
1611896
93976
1334444
1532782
1312104
1856667
1856686
1856827
1856859
84407
1856884
1856916
1856969
1283601
1856999
1491665
342
1454417
1857072
78549
1857075
1829048
1206966
266926
148776
1812964
1821216
600131
1658759
1319469
1857398
1857425
1857432
1857453
10475
1857505
1857513
13640
349861
604086
1481952
1161417
1444743
1001940
112062
1282787
1732953
96861
98354
1857816
1857852
1004619
106541
98354
181999
1556826
1351232
1857821
1636363
1857995
1858011
1365004
1764820
1858007
1784820
1739757
1858098
1858124
1858131
466511
1402226
1858206
1166543
1858277
1858360
1858363
1045418
1517669
1591916
1858397
1290989
760435
1204980
1858520
1858559
241095
1858595
1569
2870
1053993
1382691
1858657
1134110
309724
233527
626897
1858730
168256
1858815
1858836
1858843
68003
1858889
12208
354
171991
1473532
120514
1234660
247720
1570873
1859013
1859020
840314
1859114
1293708
1269049
301482
1519965
988552
1457631
1633536
32726
1665814
1756813
1859348
1333504
1859400
1859414
9774
1498730
1258561
678
785599
1859618
444451
1859570
1298759
1724988
1779970
1859154
1859818
1404354
1404470
1859893
204258
1356845
1859927
695995
1859952
1142983
506682
1350363
1860086
10582
1860100
1860108
735731
496610
342171
1860199
1212
1860213
1859112
1277958
1860278
322855
1426179
63578
1314592
1860437
1544413
1860314
1860448
646063
1860503
79939
1318008
1860573
516353
1350484
377336
387104
328201
1300615
1860731
1860685
1735419
1022984
1860836
2710
1860232
1860881
4664
1414601
1282052
26741
886975
1860980
1298833
1376411
1338527
469504
1475
930824
1861136
1486356
499435
7696
1195287
629689
1861256
1621616
1833123
1672
1861282
2061
1364555
934957
1861337
4702
1578673
1091886
1861396
1861420
647372
236581
342
2940
1284501
732502
768660
782712
1861551
1861557
1861582
1861588
1861457
2061
1861603
14832
1596925
1861701
1861711
1861741
1861745
88670
1861786
1861775
1428666
1861874
1861888
1861890
1861932
225874
558195
28581
1861960
615120
627253
1308742
1862019
1862032
1591868
1862066
397279
1862123
1862154
591363
1602969
1431439
1212562
1862150
784247
1862267
4311
1306006
1862211
1862364
1862369
1862372
1640623
1648629
1862408
1862339
1862415
1002737
7198
4657
1862446
1278804
2945
1568878
1364877
1290121
207602
1520397
1336184
310463
1862594
1544801
420912
4647
1862686
1582337
711103
1862749
1862764
701
1862818
630990
1484212
1862846
3086
1311091
1862880
1294563
1503967
99892
1086342
1270469
61437
1458495
127681
1308283
1862784
1278700
812
639008
342614
177737
1280440
1863065
1863125
985066
1863162
1863218
82350
1514991
106639
1602541
574180
1300990
568358
1863351
1863033
1280293
1346485
1295161
15795
167364
939434
1640872
1424670
954323
322140
1329383
368073
92245
352849
1863573
1863541
1863589
1863592
1863552
1013258
1275578
385282
1863641
1863644
1863648
1863718
1606354
467728
99986
1547030
1863837
758048
1863841
1750852
1863770
1863901
1348778
1862894
1863438
1863953
15964
1279129
12946
1107013
448557
108940
1864343
1109686
1864391
1715536
5010
913452
625916
1864461
661805
1508597
1864493
1288325
1522189
997693
1333714
1864572
1864604
1141940
548792
132386
1864584
1365168
146199
1236
1642355
1864974
1864880
1414243
74082
612998
1864921
1105354
68497
1045112
1865148
1352298
236400
1865125
1865176
1281802
625669
1859305
1865264
383112
1370150
1865293
1865387
1005034
1797691
1865409
1906
1467725
277117
216713
1821399
1865576
1633110
1430280
1865628
1003003
1865644
1484972
1865365
1273000
1114311
1865669
1865673
1566875
1865488
1865686
1408854
1354618
1865715
1777907
1562178
3047
1128993
1865743
1865744
1865746
1296271
1352685
1865764
1865776
8271
1865781
1865786
3743
1865794
1865798
1395624
37121
1865805
598666
1463243
221938
1549152
1865848
3763
1697520
1865862
125081
71719
426441
7709
1504489
1097519
1865900
1865901
468800
1334538
1527323
750905
1614569
1539883
1847373
1318554
1865958
29394
1165058
1300813
207133
1517698
1865971
109461
1613
638726
2378
102
596827
1040047
1866027
272012
203811
1866035
1866044
475843
1866062
71899
1482344
1866084
1866094
996213
460341
1607264
1866118
3071
1866134
1807365
4958
1866150
679577
1866155
1815637
1493091
308311
1866166
1280203
1334856
1439
95156
693
1866212
1001616
1306161
1477766
63406
1866251
10640
1866289
1866298
1866318
32734
1323024
1464406
20871
1866338
1866341
69480
4059
999908
1866352
1866359
1269292
811193
346038
1296503
1866394
1532623
1866408
728642
474409
505821
1292585
1866452
41416
1866465
1866470
1866473
1866476
1866483
3417
1089100
1866537
12728
125142
1327101
1812591
1866575
1051183
412385
1287681
1866589
1458018
1866579
1866606
1866609
163590
1866633
377469
1266
433
208559
1795376
1866666
668679
1282293
1866691
2643
1866724
1414356
1055774
1866739
203139
1494788
1422770
503206
1866781
10713
127405
1840016
716079
149542
1140879
1866816
30276
1316791
1866886
99849
1866904
1496630
1617722
237276
1277990
1607811
1866921
207244
6257
1866969
1367727
1866981
1521096
4706
1161648
716612
718627
1452571
1867013
1867021
227126
1867026
1867029
1307283
8547
1005974
1303227
1867095
1867099
1867107
1277964
1867114
1866901
267193
260042
1285567
1543233
687035
1288917
475440
2708
1867150
1442538
14830
1867151
1832517
1867173
1867176
1781167
1352544
1866449
1867217
1867221
313148
809449
1861648
1454868
1866910
1867241
1867242
1470367
1691566
23286
365614
1278745
1107535
1867269
459923
1297347
1867281
1867282
1740579
1296678
1396689
1867305
1624405
1867326
1867327
1867342
1289763
697397
1354696
1867369
1602100
929955
78614
1867388
1223871
1867403
1271576
1867430
935687
1867438
1867444
1817509
578309
1867455
1438581
1867467
324464
767930
1043941
1651857
3045
1867486
1277384
1867487
1587104
1867493
1401106
424099
176698
11792
270522
1363131
68936
1867508
1867512
1867516
1867534
1092792
1867546
1867548
1366235
1372375
1867560
1867561
1867562
97866
1867574
1867588
1867600
1397079
184658
1867606
1867585
1337298
1629634
478921
1529775
1867638
7049
1269860
355929
1246028
163872
1289100
1335180
1867676
1867677
133910
1867681
1867684
515522
1607464
1195158
1867721
9186
1867732
206347
1131596
1475979
1289826
194943
1284934
1867752
1283826
8787
1867767
1867772
1867773
1867788
194439
1867803
1606789
1284440
1567716
422557
1867820
46919
1322757
1867846
1867849
1464027
1557918
1867893
1426549
1867911
1461257
143060
952
240622
1867894
1616615
1518865
1615643
1125321
4634
710756
1398624
1867988
683259
1868010
1868014
822276
1868020
1868023
798852
745618
1868040
1868044
1868058
856578
1372543
1442192
1868088
210084
1291064
308339
97441
1811268
1868162
751693
41274
1623966
1304758
1410663
1336148
574544
237793
1444
135937
1868230
441
881258
1109311
1291979
1546335
1868277
1787683
44874
1868284
1868296
1868302
165025
6823
622568
1636522
802
1350743
1225016
15795
1868334
970587
1868338
1868350
1868218
1304807
1868390
1475171
1460882
151265
1868403
119940
1618256
1868458
622407
708876
1330770
1633316
1252707
1604204
1868481
438870
410107
1363467
1292745
969618
1672299
1868513
2570
1211168
1395492
1058452
1107117
298207
1868561
58913
1595
265618
618392
1868601
1868602
1120659
1508432
1868626
167099
1868636
424451
1298127
1409396
1448880
1868625
1281518
369455
1305083
1868699
1386020
42993
687824
170689
1868744
767718
1868756
1240439
1868760
1868761
1868767
96868
1389590
511860
1244048
1844621
1868801
1868777
766648
1080707
1868893
1325003
1868894
756601
1868905
1212
1542728
99295
1868933
1626224
1446542
1868965
551981
849539
1285671
457380
2710
1439739
909151
1216591
1869025
574476
494297
28581
1869067
18599
543513
1406953
1869098
312129
1869105
54621
1869137
1869142
358518
986287
214205
1053989
1869177
1234483
1047520
1317917
1869228
9634
1627788
651569
1869283
1869311
89271
559897
637932
1869343
1869350
1869351
4875
611949
1869382
283992
1869396
1278886
1337406
1301597
451579
593701
1869462
1869471
338104
1869484
1869500
759576
1869519
19177
2870
1869532
1869543
1298724
1287975
1141203
1484266
1452620
1869577
440905
1529798
1073978
309197
467640
1869625
1869626
1599241
1869633
1869560
1292811
1869656
1430546
535809
1867727
1589810
1869686
1869689
1869696
1869718
1495861
1869739
1869749
1104455
1341484
1869592
1869772
510724
5811
1869826
1869839
1869841
1291414
952
1260983
1869864
1869874
1869878
1317190
158320
587387
1869925
1869928
1827035
1869949
153801
99096
1768173
5097
1869970
1869985
387802
1869992
1807699
315883
1353177
1468839
1266577
1870028
1353950
4702
1870041
1870076
1309602
1870080
1286085
8848
1870093
1389101
910239
1582679
1870142
832298
1689559
1340153
2651
324581
1815774
1473654
1870173
895225
1870234
1343080
36925
1870264
1870265
1334256
5205
1870283
1350075
1459989
1319523
1870321
1870327
1870333
478655
1870307
1610922
1870377
935227
1483749
1735554
1618059
304958
1279125
1870404
1400121
1459519
475035
1870462
1870487
324042
770
1197917
535672
826446
1285523
1870556
1870566
128736
1870521
1294646
174507
1870585
898009
14404
1870626
1870589
1287968
1870612
147628
112940
1870682
118417
1870604
1870690
1870706
1870708
1341331
62747
1335916
1870721
1210647
897856
235231
1793797
188327
355296
7709
1356967
1870803
1870804
1282778
1870808
404081
1870810
1444708
1870836
1375
673834
275181
24927
1870916
1290133
107596
85446
1479289
1871040
1288413
1139014
1380585
388584
1312295
1871094
2258
700648
1177357
366674
1871120
1866865
1871156
155905
601766
1871164
773732
596777
1341860
1871203
220858
1871195
1291653
12357
80048
645358
1289251
110213
1507655
1300737
617765
1871352
1373126
1871372
3354
1871419
1871423
1871443
621509
46897
1504
136442
5010
1624279
1215502
1291198
1358065
455004
1871533
1489146
228269
1871346
1475
138946
1300303
318302
677157
1871757
1871768
1871792
1871794
1414015
1793584
1648073
396158
611615
1341785
1114458
1345946
1871933
1154905
1871960
411243
1871973
1871997
1872005
100898
1872075
1416037
1331409
681350
1815370
1703712
1872168
1872189
623734
1872207
1872172
1872221
1872222
279917
1008394
559968
1872282
1872311
980833
651422
271603
1475903
1872351
1872354
1417419
310442
1569
1349796
1872286
107786
1872479
1872496
1872530
1872544
1750429
2565
525847
89702
1298508
1540790
1011437
431202
1495092
1872657
421478
1872662
510004
1537222
1218255
501996
230691
1872677
1359879
1366772
406769
742830
125711
1642531
5554
450759
5367
1747303
1872837
1569208
223291
1872887
2061
1082527
1871300
1872910
379491
301429
433
445021
1872938
441196
1872986
903678
1374405
1873037
340966
705897
2570
1873045
1873098
1431284
4323
1873152
1407964
357842
1266
1109637
485
1418914
13370
1271363
1873226
1873278
1650775
1281705
1682524
1872624
211733
1873349
588286
1873370
1873386
1873419
1873440
292318
1521403
980350
4597
19928
1873532
1357731
1873549
1820389
137560
1873588
237257
1347759
1873608
1873609
843807
194602
323748
1873641
1873643
997230
603788
909143
72930
1873703
157557
1642145
597777
2565
490941
1342965
725169
1672737
881809
1873783
345781
1238107
1873807
1873815
1873826
36370
1713084
1407393
6823
1873883
1757293
13168
1873814
34596
639401
4042
1873995
383065
631788
1587215
1780043
1873910
1345225
1873954
1302596
952
1874169
1874171
1606099
1874190
1570
953144
1874235
206273
1369165
1874248
1874249
1874273
1838465
1281786
361426
696387
1273513
1090101
742862
1820
1874449
16031
56451
1874469
1716522
1874485
1874490
718972
630184
546869
303063
9574
1874507
212129
1389595
63941
1397829
1874607
382845
313773
552480
496155
1874630
1874652
1874672
1874684
1874679
1594064
1571358
1874732
181412
598235
1294907
1874773
203966
1843224
1279593
579044
1512963
1874842
1874881
4042
1542387
1539495
1320074
1730265
1874984
1874999
1280762
1875023
577542
1875029
1875033
563949
512119
387221
782098
1478790
850948
275583
229260
1875161
1375
399170
1875189
1875022
667599
1982
52155
1414634
1875277
579536
1875358
1875366
1290062
48876
665069
11087
1875460
1550031
1875504
1875309
1426201
1306141
1875592
1875599
1875611
1304595
1468810
1875622
1501176
1875597
1772135
1230928
1875662
1875664
1012362
2976
1352516
1305672
1303577
1546559
1444
1875762
135579
1875757
1875807
1875829
929180
1613715
1236
1875852
189934
1174522
1578516
583124
1875919
155069
376294
1813025
1875969
1510192
1811835
1641710
1876065
1876094
1876073
1303950
1645812
1876143
1392288
1021442
952
1529243
1876167
154259
1380602
1451908
1876165
443882
1876196
1295621
1875900
1876224
1876236
1142636
610734
50778
1488977
1876320
1404708
2393
1266334
1580045
1498613
1151022
1876240
1672873
1876468
1702600
1876475
1198405
1009773
1868899
1876546
1458288
1876478
1876572
1876574
1876583
643296
1817931
1334815
1876705
1201682
1876669
1468353
1320001
1405402
179030
1876761
1876767
1413968
1876803
210744
1447185
277
2378
275216
1876889
2870
1876885
2708
17692
556684
12661
1876974
1339516
896886
1877059
211011
60292
129449
1306631
1691380
181066
1877097
1359490
1877119
49913
1147790
1877131
1877140
1877141
1384083
205
1876469
388701
678418
1625650
1877267
1775924
1498140
1877278
1877168
1532875
1626334
1877320
1426645
8978
1877334
1363954
1877275
1877359
1465850
1877324
1877415
1877442
79761
1877472
1877474
1877487
1280003
963543
696836
1876733
1877513
1438043
794174
1877528
1877533
470489
471431
731130
1740138
690
1371486
1877614
1877629
1877613
1498964
1877680
1877695
1382865
1453426
1762170
1729054
673094
1167269
1508391
512993
699433
1376407
1328392
292743
1877842
1337306
1877878
128661
1877902
933689
1877909
1379803
1877946
1877962
852036
1877965
1877981
1687377
1554475
1268261
1877992
1877955
694899
606394
1878029
1324079
1877676
1878081
1112598
392770
1878072
1878140
1878142
1878160
1381445
11087
1878204
1878187
1011669
1878159
1008812
714708
1878240
1878254
506709
985889
455032
277717
1142162
1878347
1878353
1878357
1439861
369782
1043232
1878433
1878461
544074
1878448
1878515
283820
1116136
402
993942
1878578
1878601
1878614
1290873
1177200
1344527
1402925
112141
1733
1878699
597925
364004
1940
1878745
198345
1878764
1878768
275013
14012
338357
1420097
1878797
1878858
1202
1820
1878962
525347
78816
631446
1878995
1380589
1292061
402
1702607
1708452
1879127
617070
139690
243412
1878678
1879192
571120
298041
1236
729505
1303127
1879227
952686
1275830
1837
1405609
1879260
1878292
1314309
1878827
1879197
1879351
71587
1342928
1370558
1879425
1879432
1500659
1879472
1275131
1374088
945921
1060732
385507
1879510
1492046
518536
1879549
1879552
1879502
1879560
1879561
1879402
658493
441940
814118
1879556
1287926
1879562
1879610
264103
1879607
1879472
955665
1613
223627
1879735
633205
177253
541715
1879817
175285
590687
421799
7484
1879917
1300214
160440
1531710
1879983
1880020
1499846
377634
659697
1880039
1879958
1648779
706395
1880069
1880092
331
1386080
1139938
653466
1880180
1880152
1448258
1880221
1880234
1792675
225883
489
390177
1311565
1880315
1338929
1553569
389342
235030
276978
474574
1641108
473750
600195
1880562
1488276
1254918
1880595
1384984
318506
1290624
1379471
823852
1289868
28017
633803
1880643
1291328
1880732
1211242
770751
924635
194631
1880772
4400
320940
159652
1880880
1531719
1362252
1640883
2702
281015
200203
1309420
500581
8427
1526808
1880987
1142647
1302823
1881034
1283474
1881028
1159279
1881094
1795511
1662575
1881173
1278254
279962
1579755
1374772
841073
770
1397035
987716
1534572
1881324
1392864
1835642
7975
1600345
1881387
1327866
1236
1646453
51893
1779622
1881516
1765104
1881367
1017537
1835855
1862413
1881633
1806398
604606
1881840
1881762
1881869
1881906
1881927
628670
1757
1385541
636432
1003
1882173
1882214
1882225
1881601
1882238
929146
930327
876833
1351759
1882319
1823627
1882349
1882366
1882403
1307314
131845
1882475
1882498
1722519
1882492
1882560
1882262
1305532
1352947
719051
6400
1882685
737092
1727752
1882706
1563359
268365
4493
1882756
1441737
393
1882786
1062568
1882821
1635116
295516
1307086
1064039
1278792
120138
1699607
1324324
562774
1321606
1427960
1633423
1883229
1883296
1118120
271201
1883343
2265
1882608
1883370
1140968
4875
303770
1883257
1425855
419124
1883428
1476815
77090
1281626
233278
1884002
1418238
98510
1884124
711094
1283228
1836715
94312
1543146
1884310
1884380
1475
1673153
1884489
1454848
1359613
1884647
10127
801
1884644
10705
753806
9634
1884804
1884774
1833452
1342817
913583
658844
1884838
441
5585
1884959
1700841
1885023
384340
1304531
1548327
1389563
485279
25267
1495176
1885027
1885210
1277754
856032
1885198
1885289
68220
1304319
1885327
1885381
510648
1885362
1572716
1217924
631419
231093
1885664
1885634
3114
683331
1410916
1304342
1885820
4875
1496517
1473318
1886003
1529680
1886048
1289173
23899
1885662
1344748
957096
1886194
1379030
1886114
1569
1886222
23742
318625
673174
1743306
1053260
1090677
1445093
1886413
1451693
1886435
1886467
547061
91628
1886550
12301
734017
1886628
1247825
1558226
112066
15907
1557323
936260
9982
1395489
13991
1014907
380059
203139
1873571
538292
6048
623466
1886873
347713
383399
1240279
1533735
1714271
1886997
783605
1887005
1886967
1887032
147215
1559124
1887134
1439
1887293
1887363
1887424
1370306
1887455
264395
188411
1291077
1454270
1887542
18622
1887620
303764
1887638
1500864
1887715
1346681
1887614
760176
1887861
1363510
1887909
414387
904135
1887989
1559735
1888060
1888089
1888139
1084575
250962
1746500
1398055
1358
364076
1343779
1888365
134578
344416
1888435
1888517
1888584
1888622
1531138
1670459
1888611
1888647
775883
941784
1523848
1134728
1888760
526813
521899
1007841
1579335
677053
1280537
1888934
252069
1705285
1763753
1889031
20519
1271723
1295353
676749
1889211
1888760
1889259
4634
14832
1635892
1275897
1403672
1889433
4936
1889374
1889459
10562
760235
1889665
1312041
1364937
1754574
1503408
1889672
399085
1176863
1889886
1889924
1889949
366599
32840
1576880
1890024
1890065
1370290
1378840
450435
4844
1890113
1862208
871
1890120
1339868
557801
1890310
1890374
1890354
243961
492880
179280
1252233
181375
1890310
277
136615
1358593
1890825
418793
1890771
1890776
1416793
1890866
1890904
898439
1891056
1891090
733804
1891071
959722
331513
1891088
1330436
1890917
1294964
579720
391626
461304
1408100
574976
1891477
1891609
1769195
2945
1891605
1132224
1891750
1599659
44301
1891795
1891739
543484
1891793
1891934
1891959
1892008
103667
1637368
1033759
475816
248973
1892264
1892346
707089
1892291
1492802
1014175
13275
5
1892354
1532942
1892486
966428
6257
1130314
1308696
331
1282616
1277886
1112612
4958
325238
1655581
1892716
1370035
1546993
998335
1524401
1892841
1892872
1892910
1481648
398540
9315
1892905
1892984
1273223
3297
312959
1893250
253
450047
867031
2422
1519670
1893604
1893655
435672
1428792
299
206041
1893361
1893797
1893808
1893778
946701
1893633
373487
746365
1802750
1894133
616880
1894199
1894218
11446
1460924
1609471
1894383
1894271
1894501
1894506
1894528
44521
1547665
17961
1556290
1894688
1894737
1139088
1894734
1894656
990869
394518
1522599
690233
1894991
1895007
1734393
933077
1300655
596134
1147108
1895161
1895222
1895255
1373815
1895309
359152
1895370
1895269
1895369
836731
1493
304856
102267
1360988
1891292
142416
1895613
1895200
418994
899587
1895645
1895811
867262
1895840
14012
1895893
1895844
1896014
1768
1282788
456835
1896109
117345
187556
1749417
1050972
15964
372313
981789
688157
86872
513257
474211
1350465
726849
1896362
1896445
1896399
1896409
1298472
1701146
1896331
556382
2567
1896482
2422
1087365
1285218
1288122
1896711
1896732
1896731
628954
1896839
1828042
556390
1604101
1420444
1896987
10453
17068
5
1895860
458009
528551
170461
1897139
24748
1605987
1489933
1126828
466439
770
63353
241175
1493
1164367
13232
1396906
18669
1897052
1897844
1897828
585759
4597
1495692
19911
671528
1720064
1898087
1250925
1897957
701953
576857
1880973
375801
1825513
1346336
1897995
1898205
1087200
1866106
119991
1449962
1753132
1898523
10713
1549670
1898482
1882740
1898555
1265721
1898572
1509815
1327053
167483
217590
1898764
446049
1211255
2811
1407783
151047
1898922
1467960
1429194
1898973
1071727
1898812
747095
184449
1899085
1899126
572000
607721
333425
1592241
986712
424897
80941
1899285
1596005
1899337
402
1899454
1899590
1417899
838442
920331
1548393
1899728
660275
441735
1145695
910385
1311104
465914
92263
334255
1365383
1290419
1528201
1900107
238128
1414955
359756
317635
10907
1143134
1294363
1879983
1810922
298131
645197
1900472
1413378
1900504
329263
1199675
1900644
10651
796032
1695165
1737555
1294654
1900744
1317176
1509072
1702328
1277449
1900791
1900984
1901002
1488190
1767499
988220
550684
1397734
1662
1901186
1901185
1901167
1232311
1901217
1901162
425758
1002431
1901283
270706
1340197
46069
1901431
1901454
9970
1615519
1813470
1901514
1901658
1901769
1901662
1022935
3621
282744
1687576
1901902
1901840
1191374
678728
1902111
952
1902261
1902282
1901346
1902392
1902400
1364990
1754410
1902331
1786591
1696295
1501923
1336174
431562
1487523
1902234
1368593
1902253
1901575
752419
647985
562419
225573
1181696
1902598
467505
200864
1054952
6400
1903111
1903127
494534
1903181
1903183
621867
1722322
1903051
1903095
47600
1007843
1803966
1903360
1902908
5205
176215
1903581
1754176
1903546
1903599
507048
1903485
1428931
1611008
1903741
132312
1281211
1903220
1903932
1903968
44720
72253
1408457
2393
25267
1891343
1904165
494640
1676918
1904218
1904242
1291640
1379121
1904287
1782580
1625561
1904417
573547
1288681
1717519
471291
1592567
1403806
1162
217767
6400
1904124
1895997
1767358
1006108
1461461
1149129
9472
1757
642624
1905007
2945
1904561
1556330
1905201
876719
5279
1905282
1905225
1904816
1557165
1905398
1905479
738481
1905523
1271444
1266
36846
1905724
1442326
311005
1788597
1905605
1305342
576000
1905955
1906034
1905939
1581151
1008604
436354
1270677
783
1839072
1906281
1905945
1900793
1906323
1906327
1905874
1905983
1906505
1523257
1324065
1574973
138489
1789458
412209
2061
122530
1315
1906751
1906707
1906624
1906774
1906875
1622550
2318
1906857
1269090
1907103
3038
952064
1900037
73285
1907411
1907325
1907355
1733
1907309
694872
12946
610156
1284650
1907637
1907520
1907767
1464601
133429
1907785
1907736
1907778
1216495
1907922
399703
1907780
10183
1908028
1907761
1796700
1907809
686245
1908074
23688
8401
372803
854467
1908391
1386637
889144
1908384
1474792
1908683
1908652
834674
1577910
1908843
684446
1908844
1908641
301282
436900
1908981
2976
1539078
923236
348575
1426615
1330
10640
1740950
446519
1328190
1544096
505931
900499
1444
1903087
1898457
1909397
1909520
1909533
806473
4719
276220
1908498
1483004
678653
902108
1497052
1909766
548308
1909930
1909862
1659272
1261028
1343847
334028
1268933
1266306
342271
1469721
1303945
2565
1324772
1910301
10948
1910364
1219325
189870
1910251
1910143
1412375
1491492
1910661
1056001
1910486
347998
1910407
1909961
1910731
1910608
76573
1910685
399142
1910760
1910665
1909318
1910885
594583
1910903
424342
114938
629797
344464
1910893
1910738
1910917
1580554
1663702
1471147
1911337
1313558
108951
1351896
1911448
1911262
918209
1911085
1911443
460434
226446
1900346
1911648
1588602
1506471
1911629
1268703
1910619
1899861
334772
1911782
1911862
1911913
1911988
1911991
1162
707680
899502
246357
1269120
1912180
1911890
1912236
182303
11276
1912016
1912346
1602
444969
37667
661335
128153
627204
1912583
465393
1664246
1912462
552995
1320851
1912730
1396514
1912637
1483672
850540
57517
254798
207749
1277228
1913124
1614156
570243
1285021
1460784
403482
1529512
225639
1347453
1912374
1074267
1913370
1913392
1850162
489182
1588317
604441
663
1913626
1913095
1620631
473556
267101
332986
1297776
1913845
1162
869118
1353007
1326565
337222
1914090
343543
532257
402
1914221
1914162
72327
1113480
1914348
1914049
122033
1914354
299940
279741
5367
1279833
1801717
1914576
1914606
1911824
1716122
2710
1914591
836568
1914385
1914886
1914989
1528721
1050671
1915035
1092644
1915118
341911
831858
1602788
1523266
277
1915355
1915388
1914995
55861
1806138
1119574
592398
7432
1126058
1806459
818016
580451
1915949
1673070
1215840
871810
1856808
232641
1280739
46897
1916197
1916302
377281
1894581
1916201
357672
397555
1916319
1916419
1916579
1916569
558041
1273553
432
1916772
41104
1908957
725548
1915658
257898
1916510
220433
1801148
362034
1916763
1917042
1916958
606343
94135
1593519
651166
194239
1280449
1916559
1916833
1053415
419127
1966
1578601
433
1917071
666577
1334045
1917389
712640
1917579
149629
1917696
1917682
1460754
683
21292
249085
1045571
1917851
5
1016777
1917924
1917805
1917898
14164
1390631
1917951
414795
761022
153144
1918167
1918072
1267057
375236
644363
927718
638086
1396138
1918338
1918370
284271
177373
1918502
1918456
1788593
12642
1918464
186090
1918506
1918429
1918139
1918704
1918359
1918521
6341
581323
7432
1159099
1604749
1623769
1446562
968845
927547
87825
1264156
10453
1431245
1918857
1815019
203073
974934
1919223
1527936
1700820
155649
7708
1395730
1919472
7170
1919433
363652
258689
47230
1919304
1919249
1881049
1919112
1919764
1919521
5520
7251
1919997
1364809
587937
197227
1920168
1920187
1337925
1213108
1906110
1847043
1920135
1324408
1756005
1235207
1751
448222
1920579
3817
949003
94757
1560897
1269292
1162
1916323
1589902
2393
1920736
458247
1920915
1682164
657008
1921068
1920227
677959
479161
1920808
1289411
342
6823
646465
1921079
1409250
1623606
1920807
1515256
50433
629150
1384629
1921399
1785225
1921189
4538
1921132
1921434
668022
1921548
921296
644622
1921387
1787199
5279
1608193
668907
1614761
79590
1921608
1622319
1804115
62249
1922093
1920392
1287574
311625
1922300
555366
2708
1922377
537456
796740
1483985
1922388
1429753
1922661
1922440
1922747
1879356
1922790
1323524
1412842
889030
1426412
1922762
522114
1923093
3
1922905
205495
239126
11184
1923113
1585231
1545960
1923362
1307519
3070
1595175
1279575
1923450
208177
946433
1086300
1923280
1403093
1533167
1923589
1286524
1523870
1923418
488243
1274657
1923520
1923692
1130431
136181
1125329
1090491
1923777
1923281
1923609
429157
1923954
1923771
1923974
1923967
1430344
2945
506004
1924213
1924139
1924222
1923321
1281508
1924221
1924335
1406285
633231
122488
1923051
5635
1924497
1924185
888669
331
743475
1924673
357061
212445
506249
1924748
1924512
1911924
1307567
1924918
1924996
1282997
1325006
1914583
1923328
712052
1742799
1136385
1833234
1924108
1925408
1048560
12500
868986
1925291
712716
1925414
55622
1456860
1355015
1301042
1925646
448360
1910461
1925295
9775
1109206
1925674
1925837
1925841
1345104
1925766
1420171
225155
1925814
2420
1915452
165212
389247
1618750
1925906
1925459
317304
1226680
23747
1926318
1430441
1383559
1926463
465132
1926003
1926506
1926074
1926469
1354119
1926505
1926630
1484200
1926541
1926331
508809
1598504
532635
1610617
902279
1926816
1926559
335103
864962
1613135
12437
1465419
1466480
1316983
78393
1386201
1926946
1312085
1926519
779632
1427291
1926842
1926893
770
303564
1926878
72817
1610026
639974
1926993
1925396
1710460
1927343
1927242
1532280
1894975
1927478
1268097
200226
1927519
1747200
1870699
1927293
1927663
1404443
741579
603812
206095
1927791
1927655
3028
22498
1927976
26353
1927814
1928001
1928013
1927876
78393
1036609
679371
176265
102262
1270911
3470
1928083
255234
1815708
1515060
1868796
32560
1927356
1928161
237840
1928167
915559
1429087
370180
1928172
1646884
274782
1656495
1928377
1928521
1928228
1919615
460538
360567
1928450
1109285
1928236
1928630
1928792
744875
126060
1581274
95105
1928860
360199
256101
483485
1169014
1461970
1929054
62459
1928588
1378445
1928946
1929199
6823
1929234
636530
281447
1929284
590206
1929160
3513
846960
540083
1929446
1929229
1929180
1255594
1929370
3028
69183
1929552
1466247
1929594
1194346
468088
108760
836631
1929785
1929678
1921404
1880689
1129289
1929767
151518
262331
1929995
1930007
1929899
1930035
1032467
1610595
1929938
147007
2150
1929547
74833
1929913
1930225
1930120
1347725
1516679
1930197
1930156
23742
706995
1930348
1930140
12642
1930416
135472
1924377
624818
452085
1157685
671228
1930538
292109
779657
1671017
1930746
1930617
1930805
1930841
436553
1940
1930883
1930414
1930705
535349
1733
338793
1575744
1930995
418976
510852
1419512
127153
782709
1931119
686113
1827154
1281204
1386035
1617796
1931254
1931063
223049
1334122
1063879
1303407
1324481
1931427
1931182
1930650
1931467
1931485
909608
1931422
1394996
987601
1365806
1420598
336614
1931540
1931494
87965
50628
633990
1462953
1495960
1931816
1931661
1931753
1562554
1931856
1931881
1310073
983162
1931793
1931867
7008
1350337
1931948
1932037
1558324
120561
452333
1932047
1932082
1932112
210119
1592297
1932215
436218
1932350
1634932
1932058
1813818
642898
1881448
1598419
1532338
1932446
4875
4719
1932513
1932244
4719
1932429
1932553
1280513
1932596
1886195
1354767
1932571
1107814
309230
1619767
1932693
1608718
944289
1932924
1932504
681764
3074
1932790
34054
825882
55168
156314
445199
5154
918526
146404
1651372
639491
1933170
1930664
639330
1933232
1406812
1513020
1308516
1933266
100712
1522796
2061
521629
1932545
659609
1335674
311725
149289
1336940
1752682
1783224
1933471
290294
11540
1858643
1933448
1933397
744586
311318
9406
221420
1298563
1933671
1933589
539590
191016
371128
1394789
229602
94604
1933852
1933887
2050
10640
1933973
1933953
11087
1933819
1934069
1934095
1934123
1358293
1547865
392997
1929432
1934188
1933653
1934240
2871
1807712
1475
3763
1934328
655674
1934547
1934472
1917541
1569
1934575
1934700
1078400
1281260
84322
1934732
326832
522438
67570
178903
2710
1934856
642668
5367
1772640
1566473
253865
113239
1933599
1788307
1587992
1935064
1934883
1935088
1398204
1458823
1395214
1933141
867434
1935179
1934924
180080
677924
1935189
1219534
1326732
1253285
1935301
1935212
1661
544436
1935321
1935289
1348631
1935336
443193
56884
1658326
336198
1372980
97625
1031005
1935452
62260
391463
33330
220469
1935390
1935630
1935649
1935669
1400556
1935699
859768
1935729
1935759
1376609
1040441
762924
1851840
30640
1791077
205929
1765600
1269374
86436
1935837
1935907
219727
1419123
564022
1397685
13106
1935754
1894091
1935709
1935992
1415299
1936033
1936066
1751670
1394987
1936083
1499323
1343593
788646
196585
1935689
1936196
1936172
1936213
1935868
639888
1888230
1936216
417700
1461746
460235
125043
1936391
1597514
51935
1393781
1936424
1909234
1936476
1604706
361142
1936487
750465
2422
1935590
312294
1936611
433
1936503
1936551
1681350
36836
1473071
683
1936659
1423455
1469979
112189
1936583
1936736
1296730
946362
220003
1393099
204667
447392
1531498
1936959
1936968
1142309
1936822
22723
240385
341536
1936945
9905
820065
578142
74484
1340010
1934450
1937152
1365556
1937112
1937224
1336233
1937185
1527427
1174940
1937143
1615150
1305981
2708
3722
1431194
6051
808242
1937475
1937406
1448841
1298252
1923866
1936862
1937445
1937571
591691
1309393
3003
2871
414308
279165
1114719
1287238
1937706
80809
1937786
1937663
249833
1937754
1588546
1937896
1937862
1937937
1937940
198700
654881
1621050
1937810
489
1938004
626527
1652116
1678473
1938047
1937990
930195
1538682
193650
1273877
1937875
2708
80617
1938207
1938177
1936580
1510348
1504091
1346635
1597362
1669889
500698
1938289
1489494
39244
1938341
1938458
1597876
621450
1938577
1938543
1617828
1397174
11184
1938537
1517195
1369185
1938239
1572353
3743
1188195
696815
490033
1367272
1515411
1938708
1938599
1938731
420488
1936432
1938822
363984
1938855
944991
238622
1393008
1939049
293384
1939028
1939014
316351
412173
1939013
927407
1685966
318593
1507839
1492341
545535
1130109
1935921
337867
1939263
411567
752359
1300638
57626
1935226
1939293
1939419
291002
1919589
1404123
1939508
113160
153065
222447
252674
1526930
1938968
1306189
1365555
1230
1938404
1831
1939943
1321647
204802
1939888
1939981
1939782
1939755
330920
1939814
1939877
843303
62077
1940031
1553871
1424560
1939999
1940038
1939980
1940029
1940059
1940087
951564
740586
1605724
146240
1940273
331
545533
281645
1939738
1940424
1308245
344416
1940497
1540477
1450730
151797
1940316
1768653
1940013
666086
1337105
1733
2937
1939213
1940645
1006052
952
278717
1289078
1458882
318786
305559
802
1940827
1936334
1787453
1939789
1939956
264758
14955
457956
557817
1940966
1057447
1940994
322959
1940668
315327
1057691
669103
625904
3302
1568716
1941056
1941016
485532
1941172
1941214
1308071
1531658
36381
1941222
87546
900039
51172
1370757
1529296
1752744
1940467
614100
1665590
1941369
1941482
1941393
572263
1483909
1803447
1941539
372989
1501906
560142
699847
1941637
2687
1941316
1657508
1941406
1775217
1674287
1384139
1941649
107930
391768
1568885
1941614
278660
716817
1591311
1708255
1941729
155240
1350274
2422
1941943
1941549
1616809
521258
1108503
1290290
735761
1941902
1462163
1501000
296107
1307626
812790
1942061
671690
1942140
1942324
1942226
1451729
384495
1671949
297232
1784449
1721060
1942284
1051430
1726296
1539182
46959
1942424
1941122
1563191
45282
759141
1942648
1942827
1474098
1651158
388078
1733
399420
1942730
1087691
1942665
5585
1060088
1941139
988592
1379287
602193
1892208
1942954
1401309
264977
1943074
6823
885412
1939347
1472488
1260050
1407017
464800
1378887
1943293
630122
1943330
1943387
88302
1569
1409524
912472
3777
3297
622713
1315600
1943305
1495567
1943534
741436
1603567
1943544
140919
1209854
1943529
1943598
1281490
1943520
582528
1266
1942003
1943923
717
1733196
1943781
33074
1325798
725846
1943893
1943868
21122
1777877
286781
1943790
561637
1547960
4059
1944094
672956
716693
1447379
418944
1380075
1944268
1944217
188253
1943297
1944400
733100
530620
1944440
1751
1438054
1439505
1944604
1569
1944396
1390286
410492
1944786
1567585
1943684
1750376
17658
13347
1383492
1944974
477176
1944837
154892
351043
149227
1944565
682565
117379
1315916
677227
716584
1441135
1503406
733433
1528353
309734
960920
4657
712322
149894
1945282
1945173
844046
1945424
990594
810204
1944424
1488476
1781582
1944892
1945486
103412
1944706
310869
1943138
1376693
1945629
1512039
422755
9604
1287282
1945761
917966
1838689
1945880
1945966
217252
441
149467
1141836
1271730
1945889
1946177
2708
62342
1946273
1251790
1946207
1945676
1946280
405576
1945428
1945953
1820790
451317
1939990
1946237
1946358
1625765
1651538
1946002
1058645
112393
1946378
799568
1387496
1702973
5699
1459138
1946248
758625
1820335
1946675
1590971
1565943
259625
758608
1946921
1671850
157681
1946935
1946780
1690543
1946814
1511496
1372729
1946980
684075
1946837
1947099
1946988
1947064
1943479
1751
1374763
1916648
1399533
696436
1353672
6012
1619167
453194
1321916
1947520
1637069
1947498
868126
1306594
1147749
1947465
1947671
1947434
15947
1947874
1947250
166297
601575
1966
1063277
1947906
879891
1493
1319147
1634207
1056419
520097
1426521
1947440
1947890
1947338
1266
624855
657072
1406262
1947983
1424334
1145235
1947895
1948262
1507397
1392708
1937682
1948124
1948636
5367
1427051
713511
314343
1947501
1211617
1948879
422716
1948732
1893454
1006
1122186
27532
1411107
1948846
1948878
1948968
1949089
1268237
1667569
1136985
1303127
1949177
686574
85510
659511
1949386
1949408
1779925
1949263
1949290
1810906
1566184
1949356
1427852
24530
1949619
1141746
1949739
1949277
69433
265026
1949458
1949525
642819
1949383
1357762
1950117
1407412
476813
1317873
1949915
900983
1537937
1458531
1139767
1950151
1491978
204066
1605429
260042
1378323
577403
1950588
1908547
1950253
1950567
424482
1950736
1950272
1949916
1577731
202696
370623
1627998
410789
2178
1318214
248460
1147641
1412937
1951154
1774
67250
465168
1302698
1950644
1951288
1950993
1615630
224
1951256
1951181
1300964
1951522
47110
9970
881751
31227
253696
726302
1951284
1950470
1479393
1951556
1950948
1951486
125815
1389725
1951594
1922531
1902628
554260
1943160
678845
1475892
609000
320619
1951500
1951765
281102
1396485
1951714
1951038
1587921
312088
1508726
4538
52908
25569
690420
1564790
410391
1630849
1952480
397128
1038255
1952268
1819842
1941084
1365833
1952496
661389
1952005
1710491
1946927
1821701
1952668
359292
1765430
1949469
1951592
1952733
1952612
1063474
256161
1508470
1057071
334140
975791
3974
518159
1422535
1952623
625369
1952546
1493
1387526
1732292
805766
1754944
1617673
228843
1953092
1312140
1601937
1953196
1610176
606731
1953382
480527
863179
1953047
120068
1134068
222704
1428822
1196156
1632164
7709
890705
1953091
1385802
996371
1953595
1953755
24199
1524026
84419
1445120
448758
1534712
1256937
1953623
1953909
1953926
450762
653223
862684
1485511
1953853
1953865
1510998
1601860
1953374
1953969
1394146
1386424
508617
1953773
1825343
1954215
1756658
1954069
683325
1954185
129494
520972
1952409
1954454
1954658
7219
1954692
1954557
1711294
71123
118950
4538
1954772
1954821
14012
409737
1505098
95280
12642
816670
1955106
1954875
1955033
116822
1955174
1572635
1287481
1457889
1955175
1955008
1887978
1733245
763827
1525724
1955465
191724
1108360
1955430
1955605
11782
1955118
542036
1955680
622691
1955666
803149
1570318
1429059
962102
1955403
2762
1570677
1950911
1955690
1354998
1955728
1955763
446333
1292066
762953
1723995
119380
370856
1955697
2839
9790
1954837
1368110
821826
1954663
386781
1952006
1067867
1955994
1955826
1590584
1956409
387114
1283148
1956023
1557490
9472
636367
1956614
130395
50435
1956424
743794
1956095
660604
1466607
1808902
1211940
1956854
1070505
760463
1897746
802581
1957065
520797
930270
1011299
1564944
1004139
1956475
1202575
1045676
1955576
1662
1932138
769914
1570038
1651062
1874096
1538142
1951236
1124638
870516
1957477
445053
1957161
1957600
1957469
1957569
1957134
1957646
8701
375123
3086
334334
1021230
1343323
617103
1957907
1957814
741554
1957782
1957909
1953624
1347236
405046
1957291
1200849
1957980
1958250
1958519
1294535
1958486
282395
253345
1779441
240492
429310
1344260
1958306
1957635
866830
1047459
1956391
9967
1959155
1958862
356112
1275640
1958697
1958416
1434500
1554345
1539885
1958858
1959569
68898
1610642
86425
1958943
1589652
740627
537262
1734671
1495358
1959956
572884
1375
1959920
1959890
1960065
1360400
1960304
1960012
53107
1958714
1960163
777341
1959926
1960598
1960474
1960164
417333
1959932
1670475
203581
1720329
1606969
1808444
46581
172323
322814
1471575
927413
1960435
1530430
1960523
1960561
16213
717
673902
1550444
1887952
2705
457874
1961008
1961530
1961014
1961400
1937294
1297633
1630869
1961478
1555867
1961118
901176
4597
1961763
1517949
1962071
1177131
1961893
1962294
1961052
1922555
1346031
1775750
1962426
5367
1623908
1375
1953747
648972
964880
1563332
1962290
705026
6400
829969
1962507
1547402
1962832
186728
1962851
1963026
1674349
5585
1294790
1963524
2402
1533714
1937868
1599365
1963663
1961805
1963695
1962960
420339
1511337
1574712
1574201
764388
1963638
1653928
791991
1932563
1790601
1964152
1964093
1964167
241388
8401
1059331
157588
495653
1510583
1762702
9930
913577
1390764
1964577
133786
1863540
231003
1399442
1949330
1123655
417686
1964498
1677721
1964809
40235
996175
1121891
1512807
1526206
1950275
535594
1964971
844587
1336914
239785
1933654
1929483
1965239
614422
79729
1174086
1163968
1965843
1620495
429753
1964772
684942
1607116
1966036
1562414
1416570
5699
10269
733634
1965733
90144
1965946
700139
1966267
1331730
1371935
1803
219012
1464951
1461980
1966423
1330487
1960667
1962111
522948
1963357
1966114
1587585
1966542
1966566
8852
1607768
256748
908434
37177
1966149
1672
2900
1967067
1965487
1966843
294099
1939915
1293781
77766
1967325
1442484
91442
1967300
1967682
1343488
1967905
1967343
1663201
690
1967872
1967664
1953025
1967843
664482
77892
1421937
330760
1967945
893983
1879382
978463
57195
9790
1302901
1934150
1968569
1968294
1968302
1266413
1681822
1964092
1490344
1629
770
168274
1968686
612550
1315737
247989
1323291
1964724
1921097
1797197
1729146
228673
1967163
1968957
1968416
770746
1969827
1969547
365948
1969707
1969670
1969366
897910
1970200
1966469
1970309
1970400
1970105
1969767
473102
1969560
1955725
498030
924937
1970091
365821
1586872
1729447
3302
1183834
1489622
1970909
1970821
1970467
1334106
1970610
1971189
1307199
1969949
1688846
1970442
699675
136762
1971055
897769
1971461
1970964
1519185
1971424
3074
562472
1282344
1971725
1971778
1971597
1594745
1445581
817827
1972261
1584166
8852
386017
483844
1971790
1972415
140157
1278502
1705559
1442952
1914274
162536
183201
1972578
1417887
1826026
309604
93862
87888
967291
1379488
126015
999933
1972384
802
1796126
727989
1720482
1972992
1730050
1198701
1947219
1966842
458848
1972622
745383
1973860
1973851
1973307
23899
870746
128805
1314939
111640
1973592
1974350
1974420
1973729
1253148
1974572
821709
1888408
1439
1975180
1974770
1975204
1795876
1357552
1974336
1706849
1975407
1305515
1975074
71551
1122940
1975009
1296056
1974613
1791329
1948174
1975368
1280922
1975684
1975604
1976050
1975469
1279332
433
842043
1676875
1975941
1569919
936999
1274740
96997
86622
1682308
514415
546481
1289162
1248252
1976775
1929215
1109645
382737
1522368
1817828
1977407
116530
1631193
1942113
1977481
1032457
283222
1118486
690119
1886862
1971082
1977320
143033
225196
993
630335
1977835
1977632
42779
1977579
122975
1512474
1976665
1978249
566582
1406806
1270764
1978643
40593
1978306
456061
28887
952
250898
936838
1978741
1977297
651772
1430998
1978943
1629248
1324221
1979205
102215
269828
1005534
1331937
1723752
1979719
301852
1979033
1979709
1939076
1979193
393
1978982
1979948
673172
1651497
1980224
1980115
1565428
323849
1664975
1292568
1979976
1357035
1339403
1524602
1980475
398839
919026
1384665
1978699
1941989
1394523
1538729
1980161
1979964
1168732
1000272
1980405
1187249
1980700
951282
531182
1980745
1980542
50289
1981111
484227
1979172
1981145
1980286
908117
1949665
40176
1980996
115872
1046966
697095
341839
422125
1338075
51696
1980584
1981013
657718
1981898
1344778
1981632
156509
1981538
1314769
979313
5279
110303
1982174
1954505
678
359410
139165
1982551
1982233
2071
722903
666521
2327
1983111
1054986
1567254
1851307
1340247
1982703
1982902
284055
1920955
1982586
358086
534038
1256192
478858
1983520
680859
1301122
1983402
1552381
1983183
1343096
1983473
259827
439532
1983225
6257
159600
1982353
5548
545050
874393
1931736
63207
1983951
1272581
1984446
102372
1532471
1984492
1305317
1692546
1650768
516659
1301321
261316
1984483
1339346
1985099
1610972
3038
287214
430934
1985143
1496616
513344
506917
747363
1275076
433
429495
10705
1985486
1934473
795880
1985578
1985512
1985732
805038
1985735
1466853
467044
1927463
1143879
1275121
277335
1985635
1985911
1984776
1986251
1400879
1983281
1347914
558658
1365594
1439
1986603
63602
826438
524772
273176
1986857
1690343
1820
1986675
1743844
1986803
1369401
1987266
1358182
17440
715252
1987315
1986662
736100
1987738
1987268
1987762
1448558
1987826
1986478
1815263
1987294
1177606
1115365
1987929
1527510
1987866
1988047
1604306
1987675
1988076
1988262
1420982
1917876
196552
1589078
1319535
1285982
1629949
1885581
1266174
1922260
1025166
1988416
1987923
1988402
1299433
689846
1450903
1988560
1988618
1988650
235611
1988859
1989144
1808302
1160455
167263
4597
1989245
1989443
185563
1989353
44292
1344238
1625448
1989495
1988290
1985265
1624486
1989760
1989767
1475201
4597
1617779
1989527
174704
788450
1989801
73774
1989967
1868532
466129
1989871
1990041
1140459
1987070
56391
458231
1989838
197926
1311490
1570242
1990153
524602
600454
1245140
690
13232
1672
16744
73122
1990667
1983209
1165221
1990918
3
1008053
904241
1746908
981387
1991186
1990789
600251
1743844
1629
693
1266
805020
1087131
1643457
614392
1502235
1302124
952
517644
1991583
1991608
1950944
120469
1607655
592121
1988594
1991793
1991514
82870
1191314
1110959
1552974
1991905
1658528
688595
1755446
1989830
488484
602759
1852548
739477
1269379
556925
1285394
1746237
757333
1751
2074
1992586
1323621
47033
1992674
1992985
1993206
1989037
1959873
363096
1022760
618469
502719
1993419
37859
1993650
1993841
258777
1202862
127548
1993538
1993981
1993927
1013682
1386155
1308783
1993340
436798
3763
618512
1994018
438977
1994211
1982103
2327
1056106
1624290
472818
1994338
1994284
1540374
1282994
53483
1994476
76005
145415
1994825
1504
61260
1238221
1481031
1995056
1837
1163494
1956080
1994921
1995231
1215949
1392816
1995131
19625
400207
368656
1366002
740294
1300611
2645
1995303
1549857
1352983
2050
2061
1296576
1995779
1536270
1981325
1996381
446948
1943138
1392477
1995676
1588413
918
1996558
485994
1996703
485862
1996439
1996794
1996492
1996852
702387
1992184
1996018
1925265
1996246
1478232
1008529
886842
1492323
1766071
1279781
1330398
136947
1328371
1312158
236974
1914378
1002162
1996353
447501
154436
1997817
1997754
1997619
1729393
1586009
1997556
2940
48590
1998378
1549046
1998499
1164831
1202551
1998594
4184
1118027
1063340
1998505
1998383
1997988
523150
1181962
1998172
1322371
1998585
10977
1998558
1998691
1974013
1998642
1578884
510451
1751626
1944015
1999095
1998650
1293299
1975382
1999320
659641
1620830
1460148
1998087
212411
2393
1350590
802
1904017
1984773
482334
220011
1139865
1334820
1759460
570714
1999627
1999552
1386161
680282
1472386
2000243
1999880
3621
1302584
1552444
1999879
1996164
110139
2000310
1266
79892
1549056
2000104
2000566
116635
1341647
2000194
2000502
640811
1999949
1999650
1937618
1370254
2000757
31001
2000308
1418228
10935
2000829
1569
2000637
152965
1563195
2001347
2549
1496399
1670858
2001485
2001501
508118
1999222
2001428
60688
1431593
2001517
532496
2150
2001441
2001712
3318
2001932
2001818
816247
2001333
12139
2001869
182153
1452064
1175
2001985
2001725
250890
437161
725294
1293693
2002401
3365
1887399
3041
57802
1628308
6257
473898
524541
107666
13347
2002589
655415
484515
1879443
2002837
1441873
1058038
2003024
367247
1400604
2003022
1873436
2002788
1758399
2002617
1238925
458692
688272
1473020
2003540
2003150
869554
1534216
2003587
2003552
379651
1877175
2003654
1605261
1985120
1374423
170780
2003960
1750825
1199285
1551263
2004316
2004326
336079
1282480
2004515
1881379
1597523
2004718
2003233
1314635
2004748
678
1102854
952
2004891
2004509
44062
8852
550171
1305372
2005060
1600318
1997493
583346
2004741
1571594
2005193
81279
2004309
1660962
350728
473001
358750
2005198
628083
644323
1631292
912393
441
2005800
537500
13572
1119807
654260
1023697
973176
2005287
1593873
2002087
135251
1514245
926823
1733
2006499
530547
2006562
1994714
744019
2006021
2006572
1298080
441302
1303181
1294679
169780
2005884
2006825
1280389
1757
12178
2006974
504332
2006935
1489309
2007372
434049
388809
1392545
3074
5279
2006985
814332
121516
209195
1348801
2007588
2007429
1479278
2007667
1293099
4597
1613
73653
2422
581247
1524700
2006509
4597
1357753
2007939
2008102
1195194
2008035
1340284
2008442
624735
1615000
226023
581982
1350466
2008490
2008605
2008441
517609
2008120
1542837
2008741
2008757
1091182
1284195
1458618
3621
8401
153533
7741
378122
633408
2008939
2009058
1752462
1965079
2009151
1956512
74332
2008980
2009272
951961
1590217
2009246
3550
624194
2009441
827660
2009417
2009491
1336937
1362746
2009510
725543
1378430
1489852
1314555
2009541
2009578
193177
2009668
60816
16673
1354161
1395351
1733757
1417620
2009839
1697199
1682346
1662777
2009936
79340
1409952
1425551
1325077
49218
1886986
110213
499816
737824
783
883288
2691
2010353
1458852
2010333
2010373
1396571
401973
2010546
31632
2010671
2010861
2010856
2010851
2010936
1593437
1946227
1054757
2010983
2011028
1629
1409739
2011208
1721995
2011262
2011300
2011370
1570129
1499943
1999941
904345
2011511
447136
2011718
3
2011812
19177
1587221
2011817
1267976
2011908
771673
2012073
4538
2012530
1567418
206865
1496343
666526
2012684
2012353
2012804
2012839
2012820
2012784
666535
1514230
1936870
562760
2012673
1477793
603678
251277
2013037
438336
408046
2013002
869600
669939
2013256
2013133
2150
269463
701425
2013355
2013260
1659696
1988536
2013760
1741681
952
1628059
1307192
1999438
2013978
2014057
1353076
1590177
328033
2014301
1883262
5205
2014456
74000
2014560
304736
2014556
1325997
513601
1675426
2014653
1774273
1323354
952
1744971
1407158
1142628
2014875
615122
2014693
512279
113787
467400
2015339
1256187
2015122
2015066
1956071
2015175
1459687
1306220
331
2014788
2015464
76138
1948762
2015455
2015355
142209
1287401
1291899
563996
2015613
2014895
576546
2015769
353809
1057167
1512245
1942054
2647
2016029
1445340
2015332
231821
1413925
1321126
742925
1422104
1506446
2015964
1502749
656768
888428
2017034
256771
644283
1065599
801387
2178
1330503
1950055
1137408
2017049
2017009
1166415
508053
1101276
284227
1940696
1236911
1552867
1428812
2017885
2017917
1370938
2017863
781772
2017465
2018107
1046104
979396
2018363
848380
2018297
10261
746258
652294
1055280
2258
2018381
247148
1592224
792138
2017706
2018821
818899
8497
1906939
2018872
2422
1404408
2019032
2019049
1555901
1973347
2019253
508080
1741551
1833292
1202
2019489
2019348
1602
1382249
1563681
2010876
2019833
2402
2019624
1798453
1503631
32162
2020050
1569
1747307
2019859
188583
2020353
2020226
750238
2020131
1936044
2020528
2020039
1351127
1470825
755765
3777
47640
2015570
2900
1563363
1952994
2020902
124868
1446034
1721075
1327546
6012
863163
2020948
2565
2021001
1349957
2021459
2020853
1801079
1843714
1355389
1560465
2021410
2019914
715450
440680
455053
1996515
305264
1644289
2021691
1109539
1242046
1178510
1489062
2258
589298
42355
2022283
1508421
1946103
2022414
1720177
38170
1142829
1421535
714193
1325497
2022813
578302
2022614
2023243
5154
143976
6323
459769
1547942
602380
2023191
1380397
361908
252246
5279
1975557
2023482
1537896
2023632
2023602
1359492
1505189
2023123
2023722
2023535
2150
1605042
1820553
2023174
1514973
2023655
416626
2024004
206120
2024049
1996296
2549
653977
15707
2024635
2024334
2422
499358
786470
2024549
1517635
191674
1778257
836525
1329936
2011485
111135
2025144
2024831
1826466
2025337
2025437
2025122
1382354
1634181
1996790
2024985
2025479
1395088
2025723
5790
637158
413503
2025545
1977909
133313
1619259
1394730
46897
2025681
2025750
19054
2026123
1707836
2004411
2025980
2900
33696
168586
1284853
1618718
1048111
1991880
9401
4311
1416940
2024954
2026557
1878433
2026715
1291917
362540
994768
1332340
2026747
2025825
612005
1940017
391306
2027146
1918328
1396006
159031
440489
611062
2026899
1818289
1726078
1992639
2027421
2027753
1944121
2027501
1321086
10524
2027706
680672
2027724
2027643
2027520
1461885
445309
2026932
2028029
1436926
1549300
90271
16002
1589817
99262
1956301
47583
1065225
2027787
910399
1916631
2028400
2028769
2028801
1675121
1617011
2025919
1620420
485696
1765589
1797248
2028920
1536410
1640779
510376
828113
2028614
2028888
1523442
466470
791127
2393
754945
246915
33664
43980
2028237
1613292
1977822
616289
2029259
24025
2029742
1424392
2029511
1568033
650530
2029670
2028933
1239298
626786
2029946
2030075
135781
1323605
1352830
2030168
1741537
2029872
1696754
1033028
9778
2030361
510973
2647
1334302
2030311
2029923
2030241
2030182
1508507
1118362
1752139
1770584
1364405
149206
1365203
2030478
2030645
22632
1720845
1455508
6257
474689
526048
1202
200387
1634981
1475555
1435392
2031225
2029223
476701
2178
2031284
1050724
1416304
2031042
10183
1515518
2031449
2031987
1644431
77753
1272515
52053
1114209
1001547
32784
2032341
960279
2032466
1806291
1513889
219554
2032853
2032863
1423642
1024927
2031879
1313174
1320916
2031816
2032382
1423618
2032992
1304541
1212
409481
615151
506461
1741136
2033382
2033222
2033252
2019849
2026627
44065
1387838
413478
2033556
290342
1370869
1404116
2032968
2033464
2033458
553850
676046
2033422
1592162
708367
1313405
2034061
1068720
2033493
1543988
43497
39
2033733
1530557
2034096
607153
2031087
710440
1162
9361
2034031
2034136
922562
2033436
946218
2034376
1589275
2034498
2034112
630167
2034539
2034474
388274
1150357
2034272
2035050
2034932
1979611
1465299
1016322
1515865
39
2034859
994106
2034995
366508
123556
1558707
550352
17777
2033462
2034249
2015164
261048
667651
2035544
2035665
1938593
131679
2035747
676
2034810
1390821
684293
1232367
1566602
414288
1240068
1548125
1789662
2035966
581281
1493518
2036066
1498389
142178
1639236
341548
212710
1961512
1549374
1657915
148986
2036266
2036638
171507
1868552
2036489
708080
1746532
704322
1820
703278
637305
1342989
2393
9634
1965298
2036618
7170
1420507
50975
713467
1631953
3
2037037
2037144
31889
2036713
2036811
210152
419536
2037304
1906443
1408220
18635
1486058
2037545
71743
2037481
1340238
737947
2037700
2037342
384907
314600
998153
689445
913195
2037289
1637154
1675999
10524
1166792
2038099
448275
731408
2038042
2038380
1748537
1840374
2038487
2036255
1677149
2038475
747673
1401078
4875
2038481
1504
2038726
1569
2006211
1439
1316624
2039071
2020467
1021376
2027836
707539
1458839
476701
1051702
2039084
2038884
1626521
2039231
1575188
837477
3071
265627
1443210
854736
484405
2945
2039324
2039621
2039805
1307788
988737
1347822
2061
1466239
1059578
2040074
2038964
1937164
23392
1634473
1302576
752830
828185
1866873
2040075
2040168
2040420
2040475
355410
1612994
2040620
1366726
951293
2040644
1558342
1236
1593236
2041033
1291393
1569
19424
231311
284712
817713
1349344
109806
1966391
1555134
238915
1895929
500333
1350856
2041481
2041546
2018998
2041572
1376541
796859
123226
446840
1869562
2040154
2041821
2041966
1162719
2012912
1630885
2042025
1285682
455887
2039742
185889
894587
237902
1614966
1772761
2042065
1931941
1393822
2042503
1723811
384778
2042712
6507
2042856
45102
2042612
986686
2042756
1471722
2043084
1601693
1286627
533354
2043219
1620256
546997
1056105
1476147
2043123
2043275
1707348
2043189
64902
388049
1593833
2043528
2043600
141502
2043326
440806
2042281
2043526
1418188
310809
1279683
2043715
1716290
2043827
112201
2044087
2026968
355166
2043962
347140
2043687
2044174
979490
125823
1336178
2044062
1658576
1629
2042862
2044232
2043475
941795
2043614
1368335
1820
2044414
746223
1899924
1466269
2044024
1404012
2044561
946826
2044523
1843331
2040447
1332559
155970
2044887
2045045
2044986
289504
1610795
2045061
822870
2045035
1599464
2044076
472351
1562551
1440456
1648482
2044983
2045181
2045259
19138
2036075
98506
2045452
6384
1415719
1653538
1296733
1980977
2045326
656261
7170
390007
2045918
1923095
1396965
637098
2046094
1629
2046107
30368
1896514
1572062
1910684
514468
1358622
10948
1964573
1005547
1267776
407436
1068
2041063
399528
1453940
2046670
2046442
472155
2046499
1001589
404310
1424469
2046694
1585772
2046908
1280251
6034
1552992
1910229
2920
470506
1315271
1310870
623576
2047331
2047302
194609
1945607
2047427
1880994
2044367
2047217
2046838
2047471
2047640
2046121
542644
3417
1522100
2047861
249650
1043498
717
6430
487140
2047958
843046
4099
671482
2047860
1586057
2048173
1855755
2048417
206075
113589
2870
301839
1925213
2048164
1455627
1521816
1474986
2048537
2048669
259516
2048806
682050
2048976
1294287
491083
1975519
919491
1557516
69610
1498372
253
2049491
2049411
927256
2048871
155752
484497
221226
442524
259755
113003
1439767
2049883
166045
1117573
1484925
1542639
16948
433
529356
1966
18649
1292832
792394
292639
301013
1774
2050477
990428
1537336
1330871
565628
2050625
2050727
8547
1359521
1880638
743332
999733
2050956
433190
687537
1336960
911329
2051203
2050933
2051288
2006196
2051259
1410389
1560067
2051563
2041909
2051584
2051706
2051311
222688
1301176
716991
2051693
2051805
1618398
1504374
1615071
2052041
2708
365533
2052465
1953470
150618
2052778
2052680
2052800
2052693
1273271
2053114
939617
2053362
2052967
469887
2053428
2053194
1539933
1722498
1466946
385991
2053532
323712
425707
10750
1139737
618076
1900767
2053884
2053874
2048048
1785626
1733061
1567215
1474241
2053564
2053827
2570
1821138
203300
2054300
1132876
2708
361757
1364706
2054445
2054452
1472971
1509813
1405041
219576
2054744
2054668
2054814
710480
2054811
1944145
2054440
2055029
2055167
1397096
39619
3813
2054956
11710
484202
79872
737956
1983190
1322817
331
2055978
1960534
2055798
2055369
1013924
2055615
2055904
227814
2048174
1312887
2020356
2056269
1560085
613101
145445
2056511
1526317
1466468
1376332
2056933
2056470
280780
191664
2057242
136016
2687
1779931
2057623
29487
2057705
1327376
1314915
2057972
111770
1268511
2057758
2058060
11184
2058162
2057937
1319514
1266
1409168
1021211
1510922
1454642
1555713
267626
4311
2059001
696959
2059027
2059254
470975
5635
203139
2059255
1136088
1519585
1245547
466127
11540
264739
1453182
740831
142451
514941
1182920
1553415
2059843
1985274
2060007
2060108
2059982
1598681
1145763
1407937
415850
51599
1367907
621959
1617924
316293
1288266
1302899
1332082
1528773
1064938
2061
333192
2048121
2058194
2060979
91256
352720
2061069
2060953
1441780
36638
2061306
155910
1235543
1323123
1072986
1733
4538
2048358
460598
2061756
1372274
2061843
256484
277
1415722
211418
1461866
2061425
1902335
2062264
676967
461052
506846
35826
1621089
2062531
1803754
1400844
1402106
2035115
2062380
2062836
630196
42346
2062869
1230825
620647
2063160
2063311
31249
1556456
167220
2063529
449581
1572544
199039
1368314
1340926
1589288
689859
2063929
635669
2063885
2063978
2063998
2064034
2647
1801827
654571
1398889
2643
1202
205
2064477
2064667
2064344
2011186
2064894
1275
1721915
2063390
916083
2064558
18253
2064970
1617908
2065097
1760676
1430637
1368879
1410229
2065425
2065404
1747670
1767461
2065589
2065021
1402459
2065471
1141190
721566
441
2065760
736553
1048586
1976282
1964304
255852
75364
503542
1892814
2066341
1455012
2066508
2065844
3071
1579600
1262796
1312117
1358040
1401203
2056728
1113599
2066836
1618645
2040339
2066900
169420
2066078
2066936
279162
2067113
1381057
205
1844339
2067312
14350
1513716
1872601
1120305
1535777
493011
439240
2067547
402399
842990
2067685
1405042
1940089
204787
708484
2067307
2067852
2068039
1545130
2068120
1429768
1318321
2068213
354045
1362198
2067401
1140834
2068243
1918511
263812
2068547
1973637
637071
2068742
2068853
1753844
2068860
50408
2068820
2150
1423919
2068974
2069087
45939
1028482
794289
392568
193776
2069383
299
2069459
1773129
1681896
216432
2258
1783012
2069740
2069276
6823
2069761
2069844
130872
2069927
206284
2069845
2070077
2053241
2070129
9287
1299109
3621
2070182
3797
1629
1302936
88665
2006165
393
1617135
218010
260502
1420300
2070548
1480957
1236
352260
277917
1596640
2070619
1148587
676620
1937816
905544
192306
1394020
210106
277
1402701
33256
2069915
1446948
2071725
2071891
2071841
2071982
1315311
5140
2072061
1315803
2072410
1000792
2072651
1328483
717
2073124
1310702
1485987
663
1053986
2030735
2073350
2073321
1992784
24472
1444
2007401
1027514
2073611
1831
82421
740091
949583
2073664
2073782
1798192
271280
2074043
2074059
738138
1560716
2074315
2074409
873203
2074157
687536
749376
2053619
1506367
13497
979091
4958
2075112
1128653
2074980
2075218
2075098
763521
305320
1589934
2055011
1582135
2042273
333310
1089568
555427
2839
1735306
2075979
1961205
649369
1375
2059888
1378
1411537
2076279
50155
733244
451444
2035275
869830
582833
2076536
1332696
1622433
484843
646487
1332649
652643
2076925
641342
2077254
133313
2077341
2077356
18860
2077157
976471
2076592
1893507
325565
1326703
2077690
4039
1321684
65495
1650771
1170794
1328546
2015241
173206
1147948
2077907
2078049
658924
1311951
419720
467563
2078207
1536391
743509
2078392
10640
1045067
1953572
2052524
2078651
2078680
2078725
39743
1480651
1528156
4576
2078903
1278590
1494792
1488229
2079143
1680933
1944182
2079147
2079176
1688564
465823
1271029
3699
2079347
993
1345991
419243
1504958
188970
2079527
1997792
829313
2079687
1322020
523199
2079816
3114
1944124
2079776
1780461
2079946
670007
368463
1552125
361803
1057000
1733
1373448
2080339
2080274
1383969
2080414
1086732
19539
1443582
39
2080545
393
1495591
4184
2080910
1318364
1274155
1588143
1141254
201304
1097735
322233
1633760
1479006
2081158
1934520
283570
2081221
964039
2081278
1099676
2081279
1003345
2081364
2047498
2081434
1963712
