578716
99868
1839358
1860281
1886603
1832075
1888300
93865
311799
1089448
1854502
1890757
1891040
1891735
735480
1837852
1893367
1893374
1893702
208681
15890
1441293
1894581
1894873
23110
922727
1897493
1885887
51195
1407019
1898537
620106
158567
1899200
205795
1899515
1899924
2422
1860869
526603
553406
1733011
115476
1901128
1370930
1901363
595131
1901411
544406
1885412
1902198
1479244
505908
1902495
1902582
1902651
1903071
1830885
833498
680690
456336
451257
1613
1904126
642202
150229
1904386
1467718
1840012
1905453
1905606
1905650
1905911
1826961
48302
1907620
1907657
121178
1907857
1908223
60648
1908567
449015
1848652
1908973
534065
1909104
1664731
2341
16709
1902432
1236
45923
1914677
1291440
1915789
1057883
334410
763943
1918848
1756118
1919585
361728
1922861
6400
890818
444675
1924106
1924137
129320
1924556
981561
22498
323907
112335
88408
1929682
1867876
1930809
1931093
1926599
6051
508902
1932663
579992
1933172
1934273
1934944
1935979
1939501
369153
8701
209225
621339
1943585
1943940
1530433
1947028
159374
1733
321800
1949461
394712
8978
952621
1952389
137425
1954112
1954136
1861516
617755
1958087
1202575
1943555
1957892
1958075
1957816
1329079
1958069
1347236
1344260
1958139
1200849
967497
476871
684842
1957519
1958135
1568257
409484
1444
685998
1956755
1956886
1958082
282395
1092085
1117920
846439
1958094
74556
1016044
1575839
1958229
1958345
1756022
253345
1629
1958217
1958064
1958355
458536
95075
573808
1958599
1958615
604716
1958387
1958131
770
1084772
14404
1361350
1457594
51671
930056
1958416
1954886
1710278
1620530
1252074
1608408
1958697
399116
1958807
340349
1927607
952
27800
1958859
393
1958565
1725408
2318
1958862
1108563
374967
1958699
1956216
1958467
1293579
534556
1923816
763232
1958992
1060338
604945
1958943
1807354
1959038
1959049
442310
1958908
813564
1958917
1819827
314
1958994
1958974
1109208
1959163
1820464
1958858
1959068
1554345
1958452
682354
624617
1773607
859415
1959178
3777
988473
52341
310733
1957861
1956521
1959215
911781
1610642
110703
1959373
1821477
1921178
1957894
132639
1631476
90508
68898
1948990
1234020
236281
1866217
1369559
306976
278332
615538
95122
1920489
1959414
1850665
1524235
685452
409153
252507
203427
1055222
1959447
1959564
1940
1202204
200438
170748
671662
1959540
670879
1589652
1959658
46
673086
1946847
1959681
36234
66506
1785665
61426
299
672653
1720329
1752814
1461980
1734577
1959820
580931
1716311
1959612
544331
523869
4311
1959850
1825632
1959712
427350
740627
82494
193020
116158
1959995
1958002
164525
1960129
1859733
1681941
1959900
1960164
260813
735647
1960144
1778822
53107
117476
731332
8852
313972
1460994
1959386
1953512
1032901
1168815
1960223
1960188
1960256
1960209
1960265
1960277
180568
1112107
1960029
1606969
1960269
103018
815882
1960237
165871
1951619
1960246
1960025
1960454
1960474
1960509
954493
1960415
356991
1530265
84602
1960544
493009
1953410
1390332
1960351
28124
1384250
958854
777922
1959567
1724758
1928012
1960326
639
112271
365932
1960492
70141
1960690
1960528
1112250
1472991
1960604
1553115
1960234
1635046
39405
1382992
20476
1960688
372653
66776
1960523
1960681
631552
1960693
1802769
998251
1270656
1571245
7170
579755
1413635
715395
565054
658350
1141804
178903
120612
1550444
594499
434380
507988
784140
749910
667200
673902
1960805
1961102
1175132
1961058
1961154
1961168
1868617
760354
1961232
160021
2061
1961248
1961253
1877538
2708
1816236
1961249
53275
938009
1442757
1951511
1961301
1630172
1587681
1961322
1960929
1837217
1961334
595987
298896
1961356
1665590
111384
1774
1961360
672385
666360
1961394
1784293
1917505
1954256
1635326
1961297
1961491
1961343
42424
1961495
241592
1960926
1647073
1961526
128756
1349451
1718857
1116393
957817
1961456
1961378
7096
1961566
1961633
1961652
1277747
1961432
3003
1961586
621690
812987
1961501
1961728
125956
1558706
362724
1825437
1961440
1661192
50905
1961725
1961541
1140879
1961795
1961338
1961788
184299
1008679
161187
438411
1628752
1542151
193928
737133
119426
459291
1961499
1637743
392811
809849
251085
1246056
186022
1962038
295839
1961971
1962008
1140153
755838
1962102
1962039
1961954
533724
3513
246376
952
85732
1961548
759314
1677788
1962206
1961671
930489
1597573
741646
135963
390930
710044
1352684
1962367
1962183
1573712
364905
1961690
1962258
616575
1804457
765374
932510
1563332
1962260
802
1962284
1772634
1962526
1962512
1962544
1962415
726082
637060
1117339
5585
1962537
1962586
277825
1962557
1851617
155104
110980
1962593
1961611
1962666
712718
1962698
1905606
566806
277
672451
1734207
1948174
1962774
1962781
1895860
598773
1962815
371686
898039
1255633
1962909
1235674
46876
1547402
1812017
1962926
593745
1957123
96989
1962702
1106039
1049291
1962972
1058736
981098
1962989
5
1962253
1602111
1963056
1788161
684293
1962880
1312961
710188
1186822
1934464
1963113
1963053
526334
1774184
803843
1026372
216159
917583
1668197
2811
774205
1533714
1577217
118532
313359
997436
29704
1963280
53312
752421
1962751
1439311
1333923
1963347
761922
19659
1963363
447976
438086
1963350
1962875
1258411
364286
1639214
1963481
44990
4947
595621
79168
1963533
1963535
15788
1963477
1963495
1963430
596463
743284
949964
1963367
297012
1963613
95821
1962657
1504
1963579
383597
43165
38213
1963753
1864233
1408040
1963747
1506428
1664516
601575
623032
1963655
1963379
2378
1963117
524104
1963654
1963816
901801
2870
1963902
27464
18334
1619656
1640510
1505650
333499
552181
299360
1963934
1963808
449755
272936
732494
1497747
17500
1656641
1964027
1619700
1964112
541772
956915
1964080
849515
55438
82348
178911
718122
76168
649689
98434
1962872
1964204
2708
1964109
1964234
1222356
1964266
1304001
1263960
1964192
1762702
1963764
929380
1964276
1876650
1176420
1964195
1964349
1964244
1954253
700416
48020
1937868
1820469
15792
1962059
1964453
1964457
1306425
255086
1291861
605606
1142820
664946
5367
1964283
1963719
23854
1964517
516533
1706024
1964498
1929320
1964606
589503
526891
316069
782002
83379
1413904
1964466
1964665
608740
1964520
1964648
1964451
10659
761888
1672
884956
1964693
1783
709155
1963857
156955
69274
1960534
1964809
1964675
63444
32156
1096765
1964697
678
1686376
45176
1947140
1964760
1964772
1419616
1964894
1964847
233815
1964968
1090060
1042800
453478
80821
1964801
5116
409110
1965055
918
1965005
635662
391459
1830035
1965071
1964716
346828
313936
1965109
534468
1965016
1965084
1965150
1965154
1048497
1110548
1953127
1336914
1883604
1965189
1964494
1941289
1964702
1289733
1965229
1965233
1965079
1815532
111077
1965125
3297
1442044
1118350
1390764
1955877
629585
997744
1862364
26255
1965349
1959735
2708
10679
497100
1277116
127696
14832
306328
124869
553288
431696
1965443
401534
1965421
494747
378472
1068760
291601
186728
1965487
1234578
1005723
1965472
1965480
1628082
1963597
539495
707185
240887
1964489
1584996
1727485
2340
1963443
66955
462889
1965387
1965461
1965535
1964981
320774
289871
2061
1013654
1965593
1965556
1339463
1965705
920639
1965290
1965630
1965452
1965619
1231
14832
1965761
1965780
1649032
1607116
1812119
1245317
413042
940805
667497
1965729
1876602
1623510
1755864
32734
1965710
75678
1965893
547
1965915
1965918
129969
472086
1965424
103232
116524
1413219
1885090
85099
1965763
1965991
1965888
834726
1966021
1965955
1331730
1000579
1966056
371016
1965704
1896171
1965825
1966072
1966124
1966160
1965647
1051595
1965987
1964402
452052
1211360
1966191
1966133
1383130
1965700
1966109
1966306
1966307
1889336
840920
1966101
1966391
1955335
1966420
793571
1966248
1175906
1966433
1796217
203972
617710
1966421
1966392
8852
1965506
107062
714909
1178502
1966625
1966518
14955
1966260
1955875
1742782
172620
1965176
729601
1966657
1897199
495782
1966267
1662900
371759
243180
1731507
1966682
1823049
1902422
1261565
1966751
5554
1966704
746755
1966776
1671271
1966811
165849
1292121
1966821
785484
822545
154085
10084
1860458
550072
1966801
633707
1030686
141420
1182122
1966722
1965408
1966872
1966873
1966887
1896791
3
960822
1953073
255280
45507
990628
1966940
77766
1583256
261338
1412675
1966968
1175425
1966970
1966980
1331491
1387162
1966930
1965852
1967038
659060
424454
1967077
886200
1966943
1966967
1813065
1966824
1082850
1920238
1966934
1818944
107698
2708
156701
1967117
1967173
105950
961449
1300249
695463
910513
1967304
1967161
1286505
79155
1967336
1913874
490166
1426271
762048
7170
1967355
1967300
1967062
540105
1967322
1967395
257497
1484878
1554477
4059
908623
1967254
939157
1560881
713872
1967458
1854771
1396971
1324725
1967475
136181
389727
1967447
1953938
1421937
1967332
1967442
4711
1967326
1478734
1967595
1043958
1928247
1967587
1967677
1967546
1539329
384345
770
800154
5097
1967347
1967704
1955076
1830902
1043823
1116288
1442484
51533
410550
1866
835763
1554471
1967871
1250826
5
1967856
1950614
1253941
1967821
994407
1430944
693134
1968026
1861890
1967947
500294
1968060
907596
1851476
1967750
664482
2071
1145629
1968059
1427572
893983
612275
909372
745922
339101
1968116
1690701
1038066
1967977
1861138
986687
520390
119970
1444
447409
1968013
1967638
767375
1968061
377336
1820
162838
1967991
1964092
1665168
181223
1968326
612826
1968127
1967935
131746
480709
1968368
1968391
282592
372403
1968415
1968380
354674
1968055
1968461
1967163
1329950
1968426
1968399
124049
57195
1967845
690
201955
1598956
47435
168174
947760
602452
1749223
695203
1968601
1855870
1968525
1849984
1968294
1968632
1535967
650826
44126
1364611
81746
1967920
1542138
1968379
1968672
1968427
1907419
1968278
1968594
686942
1967277
51586
1845811
410697
642388
1896090
1968755
811539
1667041
319207
1968812
1968539
117221
1478269
1968695
1422415
45654
1797197
932458
1959964
1967784
473102
1297016
1940904
414181
1662
1968957
200259
990871
1968331
126069
1432608
1969000
1969016
955883
1820
1969027
612550
285632
1429525
1748053
1676010
945746
1968356
115872
1968878
1969038
1431550
997774
1471451
174530
1969009
1968121
1213325
240674
1969173
821497
1572138
4184
390004
1581360
1100478
2708
515151
609429
1969190
1968509
2708
1969179
1969243
1969196
1576789
1660727
1814538
1969307
1969319
619070
1729146
1969342
1969374
205
15560
1209849
1162
21436
78368
24497
1247552
776667
27677
676
1551859
1969443
16696
654881
1969185
1969478
545208
718174
1969497
1969447
644169
128928
1797910
1661535
1967484
617168
1969560
1517397
490551
1093086
783
127279
1969453
1148319
1969612
1969506
1969294
1969625
1969356
1908048
645234
1969565
926442
1969215
451702
1641528
846749
1969611
630844
1969716
1969746
1969366
497068
1836158
1535194
175231
418637
3071
1969542
1969787
1354271
802
1290726
552116
621034
1969930
1969893
908307
1765210
1006
1969991
1969969
193230
439595
1688846
2702
11276
1188852
1707550
1946618
1969768
292539
1567219
40253
1970079
621968
131912
1266766
1570344
1969767
48009
1970047
1970189
1642979
574636
1791807
1969825
447648
1382737
1969927
375780
1666298
1768
1149410
1970321
1970343
619876
1698
1969769
1969430
1493
253673
1970185
1445012
604609
1970222
2702
1969950
34198
1970444
176774
441328
1970435
1854261
1970392
1840354
1970429
1970509
1532554
1970505
55171
1181405
1970616
917243
1452308
1970629
1970632
173873
1970531
1970543
369103
1970548
1970656
1489622
1502671
628786
107570
131542
1952637
1970701
1970521
1604173
1949289
1970735
1970360
1970503
1970442
227964
1970457
1970663
176929
1970848
564737
287648
59682
1970653
958267
533199
498610
663442
1970921
1970933
1970541
14832
493706
1969085
1968985
54155
1971006
1970472
526997
1255277
1596825
1970992
1450946
273224
1970481
117901
467
2565
743902
1937364
195071
1971038
680376
496101
1971126
2564
31321
1298114
1554052
1939331
243825
929804
973197
525485
432
1971004
7170
1971230
372785
85353
821767
1970273
42355
1951215
1971285
1317986
646580
815226
226135
1971052
216890
322308
2071
1836941
4702
1837998
1736231
1971378
339416
1610189
306041
764898
345989
3439
1971319
1834407
1971388
487677
1971300
1971369
1456955
68053
283881
34428
1049154
403648
1971554
1195394
1547027
307252
325840
1971480
1971532
674651
150973
1628774
1370482
367094
1971402
2710
18959
375001
1971544
1642027
903954
994714
1971451
375650
1569
1903641
1030982
61451
460364
1971670
485426
1766537
1970627
308505
53297
1445581
587605
1971821
1971823
759553
1971843
1971842
414183
1971717
19002
711360
1971548
817827
1971802
1971831
715823
699589
1971935
674337
1962073
1971956
1971957
70139
1971910
1938897
1333159
1972015
1617695
468698
1971826
782635
766269
1971962
13319
310610
10562
1695420
665123
1972076
391420
754815
1972142
1970891
318167
1896820
1972158
507363
653022
102393
291559
1972050
3371
1972196
1972236
526482
1490367
656658
28307
1972197
1968124
205
243591
344201
633669
1972344
88145
808663
754355
1972346
876893
618697
1031310
442344
89927
666969
95210
1972434
1971307
1972485
1865962
339366
309251
1165871
564058
1972576
1082803
411581
1407413
7580
1972623
1972220
3028
1972630
1972509
1362175
384971
49604
1972386
1594773
60985
1972677
2178
1972658
714918
1320513
156441
248040
826136
1817952
22130
1236
1087311
3028
896524
367970
731259
126015
425478
3817
580596
1972426
1033208
1972611
116314
1247013
114405
1972822
1159058
1970994
534140
954855
1940345
751074
895351
1346522
1972801
1338991
1923556
1972894
1972854
600636
1972949
1531670
1760050
765106
1973073
1972820
821476
1973094
25156
2178
117949
1973043
258938
1973077
1972260
1781946
1972914
129615
917330
644062
1973122
27156
1871366
335654
1973212
114848
1898446
4323
1971632
1973180
13834
1937175
1664495
1973200
1973283
1638339
725588
1947219
1973296
1973299
1973241
1973300
1973313
1973220
814756
1951776
967291
1970271
1440097
1973394
1973219
1973362
1972766
1971198
1847623
1973426
1973425
1973427
1973333
1973431
1973399
1598923
1972242
1015618
1918626
1973245
1921862
165515
948348
807873
1177126
171466
1972573
1973535
1494470
195196
1973492
654025
259666
775859
1692277
1973510
1302694
229417
1185337
1973498
1973621
1972794
1973635
1973185
1056603
1973537
1973538
1723215
1609199
1973601
1973672
1973677
86
1973131
892856
1973687
109294
19974
330491
1973721
277119
780818
1973690
1973611
1872532
1973757
1973529
1878716
892720
952922
215530
1316183
1970388
1973804
1973729
665581
746176
311955
290133
94969
1973863
1973818
679639
96500
195055
1973659
582887
1973829
2708
1627602
991822
1973836
13370
443209
1973725
1154318
1973989
500658
1774
203730
1973167
1314939
729523
33767
126288
1974061
1973963
461498
24128
910598
1974083
1460308
1974127
1974153
1145947
1974169
1974185
1974132
1974119
1974204
157987
1578554
1501338
1973774
1974250
1845874
1972843
1863208
1974280
1974055
1633779
644737
652742
1974324
1973936
1974275
1005424
35495
339181
111476
1974361
557310
661626
1974378
1961580
1888408
1768012
1927877
1974269
7806
1659423
199918
1622113
1968751
859669
1974263
1973592
1974318
1974540
127258
1240795
120365
211164
1974500
470129
363592
1974571
1747516
740219
341005
1974620
980052
1974568
1974463
1459904
1974631
1973233
1974299
34254
1974709
1974660
11668
1946802
1974741
1974486
1974685
1929689
1974523
233790
201263
1971491
1745062
1357552
1974768
1845266
1962098
1974543
1974844
268518
150358
1972645
1974873
10192
101024
488719
489059
60369
1447841
401074
837215
887751
902017
1974941
489465
174782
3038
1974625
1974940
7017
1975009
1172792
595930
1975034
839140
1460727
1957821
519438
933445
1975072
129291
1164258
915274
1975105
1974981
1974654
133448
1975148
1928920
494393
1703820
676870
56801
703855
1975217
1974994
64855
1000692
1975074
1975243
1975228
1975019
1975221
1274282
301033
1464160
1974993
1975209
666476
1313973
1974836
1911995
759323
427821
1647691
1975366
108899
25367
1765890
1975149
1975286
1078727
1122940
1739238
1339995
146938
77325
1975416
1975353
979241
1296056
292621
1975411
1975487
1975338
106106
1305922
952
1975405
964026
1967506
1280547
756130
699529
2564
1245251
1011501
1742839
1974711
206970
623080
2945
998739
1787431
1587726
1970282
1784872
1975630
13130
470063
915013
3071
1736841
1776736
1975612
1975646
1025883
1975682
1974155
583666
641632
1835564
1975539
1359952
961227
941696
1975684
164794
331344
182141
1078380
1975849
1534712
1975347
1548443
298825
850790
1975839
622863
695540
156037
824526
1975972
120412
1942036
1975977
1975606
507111
71178
1718949
935142
2327
348541
1976039
1975458
326762
606017
31707
1113441
1976012
386225
1775426
1569919
1975701
1957582
1976091
1539885
420947
77698
904637
1970592
1976038
199374
1976124
1976152
1976045
1975070
1416651
206135
1336896
845133
784449
3621
1976041
4042
451
293830
988563
596592
1975875
231092
1976207
137190
1976211
5790
1976065
1976122
478125
725530
137880
1487777
402185
1976293
1976014
1976147
1976006
9361
1976248
1976314
672835
540058
1976299
1667441
76821
1975593
1264550
1868256
2046
1212
1965210
503377
1974552
164811
413077
1976395
1976397
1976406
1976324
228037
1976466
39116
1976503
556114
139777
508627
1975768
1147692
457697
1976327
287490
1449841
404795
1910057
1005534
1783345
806300
1890138
398173
1953970
1976666
1289162
1976613
923168
1182671
898809
1244215
991827
889209
96997
1976652
186395
1976724
723431
487438
601787
1553892
1432026
1976655
1109645
1976775
1976761
1976550
1656410
905135
1514465
1976716
328750
1976777
1976849
116965
184122
198603
1087814
1976817
3777
1976789
1976847
153604
1457198
493070
1522368
1310027
953816
1826404
1976934
1976886
5554
1130936
153195
1165948
537958
1976991
1113216
1340969
4958
1976722
1004344
1977031
1026980
1976994
1869638
1323293
1976985
156144
200982
1977107
1905018
141300
1976932
1977132
246192
1932984
343711
1476784
1977043
1977205
221225
399483
4597
1977098
1977251
1939473
1115610
1692089
1729951
906414
18253
1977266
641724
155163
414678
1977321
1940061
1977060
1975519
1951896
898453
816215
1977103
243476
740488
1650735
1663842
1977361
1130431
1977404
1977362
1695807
1977273
1448555
1949285
238088
1977278
500805
1264986
1970062
277
1512450
1498688
296536
1462342
1977474
80952
563541
10370
1977208
1569946
1977531
1977473
564923
1977481
809958
518940
1976115
1656425
1670506
528007
316446
923054
143033
1977389
1977596
102176
1209217
18622
581396
1941569
1977681
633204
1977553
328376
58374
1977508
1977534
1877459
1238216
1977386
1977735
1272259
1976831
1977751
1977592
1172883
333397
334259
948170
493706
1977420
1977242
1975375
1977559
109310
1959316
1977379
93099
499733
380261
245410
336943
1977460
1404972
221747
1977917
278131
911342
1977579
1977256
363121
1512474
659483
893716
1977703
641264
170219
1939735
1977990
1735118
93497
1978010
1978014
1976859
5
869435
245376
1390063
1977858
820644
765075
225196
127223
478509
1949090
1978040
1978122
1496230
867565
166570
1542352
845815
207687
525226
110577
1977527
1890027
1978174
1977216
1837058
1673503
1978210
963768
518011
2811
1272411
1733
1114178
365697
1978272
1475
402656
1978301
1977405
1978306
1086710
279693
170838
1603916
1670751
1978061
1978292
242472
1535377
1978140
1905491
1978255
1978366
1977964
1978376
434477
1842516
407577
548864
1978431
808296
662928
1978377
992567
900595
2702
1751073
1978501
40593
1932828
1964575
1526620
1977077
1557944
18298
1938747
437397
1357838
206479
223887
1854626
85564
1978659
1978614
1978577
1978672
1822828
328017
1940
10084
347945
315736
1978747
12661
1977533
1978521
1888230
1902920
1978731
1978716
1978779
90614
1978797
1976241
1978809
1978480
127384
1978720
80847
1978815
633039
168444
224100
1009558
133268
87433
1978452
11583
1847157
656650
1903958
695106
557204
1978965
87643
1978943
1978850
1569
1978914
1909799
64038
1978880
1716104
1979024
1979105
1976182
267166
1979127
1619235
320100
1979097
1979039
1978925
947263
1975599
1651928
1599459
1979193
1979158
477524
708656
1690871
677199
411122
52306
1978677
1964978
1901335
1002786
567371
1530021
1434612
1979364
1979366
1979381
419876
5
948335
85164
3
1979150
792755
1979440
102467
880614
1976421
1979473
1979231
509463
1723752
1367960
1979217
1977996
1979540
2647
500714
39
1127486
1141065
1525548
111328
1979620
673236
668409
521286
1357838
635931
574748
1979645
408408
1236
1979688
1979661
1979708
1262951
156277
640394
948226
1273176
1979270
1979502
1979627
3074
1979670
1651497
1979747
1163340
846399
1552857
557748
17961
405834
1979848
1979866
1979780
1979634
1979908
1906195
205
1979840
1971750
488684
6721
1979948
1979958
1523232
1980037
53994
142930
44170
1979960
1122398
582848
1832227
1979832
166376
414997
1601034
1929
642331
1980118
1980060
1979976
3
72594
1924430
1980215
1450327
1743220
1923435
12742
181563
522063
359084
536072
1979794
1980175
1980265
518489
2945
1980280
1980229
434427
9656
1486968
1979349
1980303
1980212
1953272
1727842
40038
1906581
149266
517149
1980278
202290
1980263
60323
45232
487248
685866
1979856
1980347
1892900
1980123
498648
1980378
1976509
1980464
59602
1980337
1729204
1980478
1980525
1980533
311297
236093
1980555
6823
1980564
649787
1057325
408811
870146
1980405
149320
1980565
1845896
1980581
1888807
1980612
640093
1980621
1980379
1980634
58490
1006350
5
1980195
1980289
1979961
1256738
538205
1581603
811077
353021
540834
406601
1823113
1731161
157407
51050
1906
445592
1980154
1980775
205
1330770
529710
545550
1855092
575437
1979835
1245825
248063
1980434
1979471
96086
1282795
1168732
1980862
50289
1980900
1980891
13363
152375
5279
581523
1980830
115916
146247
922005
953323
1975578
1961675
815999
1980889
484972
164543
948678
1979172
1981051
1981154
1926495
370121
50603
6285
1896399
1981194
1981198
667815
180470
41647
1981116
1981217
558101
193934
989589
1981227
1981189
1800011
310735
1266
464581
101274
1965149
1148507
1981238
837873
115872
1981304
63663
1444989
13991
1981372
1981329
5989
308888
141849
526078
256565
1981407
421194
315093
1981057
1981225
1423156
1981388
26741
1981530
1981312
1981299
1980689
77034
1844102
1981572
618557
1981303
341839
541915
37942
1981492
955427
85080
51696
1981479
753618
1046966
1759777
1980697
1981687
1338075
1981700
98626
1981713
1664970
138421
1940480
757261
1981553
201857
136563
13275
524358
1640531
426588
1980548
54981
515593
61486
102886
1981911
1979233
1056634
1981917
1981842
67714
1981940
1981948
612236
1981972
805781
1344778
1483390
1314769
1981960
1980954
363713
1189957
1982042
1982046
1981969
1966
1982128
1646220
1982053
1982160
509166
433352
712261
68170
1852450
538709
336376
1164787
1533620
42087
785582
1790184
1982233
1620506
1340247
252269
1982254
1982186
1982162
678467
1068
1982340
1982353
1982355
451355
834648
79371
1606397
1323689
1981980
3417
88100
1982419
1982339
870168
272274
1982468
1041979
519241
1895934
344423
609033
216120
1527683
1569
520147
1981266
1472700
784071
340053
1982546
1982443
1585831
1980552
1980161
378294
1982602
1982182
1982612
436519
96282
1982455
1982482
566738
1982571
470422
1981966
1982619
645282
1703630
336349
721028
1209638
260954
1982406
1982693
212822
1982702
1982614
343743
1573554
1390683
353369
913782
717
1982625
175356
1569
849793
1458303
1982809
216807
295740
932724
1982726
713
576871
1982879
1982858
1383315
326755
1982716
1628057
1954287
1982936
1982991
291915
1982995
1125206
1982384
1983026
419973
479882
750431
814272
1982215
1627408
29170
1269124
1981612
434697
1982860
1982984
1983032
1607318
765079
1835484
1983061
773847
1983244
1977689
528723
139513
211656
222673
1552381
1983260
1830059
1983080
83639
1727199
8547
1983200
1983332
1983238
13211
1030475
1315
1130491
5796
182193
1983129
1569
1789414
423463
9775
1982242
138358
1983439
1044682
1981926
1351032
1983245
924501
1870257
789371
1966495
1092776
315204
1983521
883858
38242
1983368
1981728
1983312
182779
973144
1982211
1923886
1983535
1301122
1983337
1966
11132
634941
1982740
184489
335900
438672
1983657
1983578
1360716
255661
1983182
1945382
1983602
1983740
764396
427109
1466853
126746
1983066
1983713
1951393
647087
119814
1532471
1792653
1983826
1751
1299708
266599
1983593
631472
418678
1983622
552843
1931736
1983896
30143
825445
42603
375009
1493083
955351
7170
1983995
43303
784251
1984083
554230
257522
203340
811089
1953278
823877
1984062
1325516
10811
1920473
1984171
1918332
3003
1692479
562695
148292
1435385
1984209
13572
1984006
604561
1982641
1984184
1983661
1984267
1984218
1984086
1871433
678993
283831
1984325
760347
545050
1984349
1109487
1984388
1858643
82780
239720
977917
1984423
530208
55531
1984263
476179
574337
1979935
1860367
948045
1976237
6257
3074
4719
1031544
1984478
1984444
1378304
1562434
1984517
1006370
1984523
1984492
736095
1523963
1692546
279660
1958420
1874798
1024588
1984583
677956
1983726
1984418
11540
1984311
1823978
48651
687008
1984653
1558716
465
1983716
1835819
1114933
134122
1565058
1984637
49831
506917
188342
1984568
814160
1984588
1911966
1984735
705710
1984716
4958
1984555
1984820
1984752
1984697
3821
1984827
1819032
353562
1984870
1581478
435883
1975896
1984843
1984882
1984885
593718
1961091
1621003
1729187
72337
1604452
71356
1984879
1983334
1771875
1984804
58079
331309
705013
45956
754274
782227
226956
1984633
1984845
802
1984883
140196
793666
478451
1624102
1984946
1985108
1985122
1725479
303205
1337653
638100
802
14041
729287
260909
1985162
959477
747363
471230
1144031
85982
1283856
296724
1202
1985246
1985303
61891
1985289
1599479
1571033
584926
1984969
1985391
194415
1757376
612622
795880
1881348
1985427
32359
24966
1985454
458172
1985295
1985377
39033
1985418
1985491
46744
1985507
406971
272484
649855
923108
1676727
149793
1652585
93700
1519300
53635
1985545
723790
12353
1985587
677296
977745
1985625
951113
1956795
1985538
765789
1087104
1985638
1985296
485563
1891614
537090
219460
1985450
1985718
1985722
649
109145
1691334
914978
9790
1985791
1497517
1985780
1985628
1984164
1366236
1985757
494006
1571117
1176979
1984773
1805864
1511362
138397
1985876
106762
38108
1616870
1839749
1709959
1940019
1986050
389649
490005
1985955
114469
1986069
302822
1985667
659641
1986009
1986061
1985951
562640
659787
1783151
1985720
1985288
375562
1986207
1985964
1986155
1986237
689807
1378489
140198
1170770
464647
1052990
357549
1986269
3470
1352671
1243626
1986147
222857
1600174
1986383
1986391
1634285
84059
706985
1774
1986423
370028
1527813
1377700
1986311
558658
13688
1195394
1132035
1859921
6051
1986402
1986555
1062948
1622920
1048262
580466
1711664
1462055
111367
1986471
1986611
143289
84121
234702
941366
1986656
1986658
1986659
1986594
1900547
1256768
1791548
86896
1986601
798061
1905319
917380
1986757
1985825
1981468
524772
1321355
1986640
1986832
1986788
412875
547157
10640
1986386
1986874
1931991
342564
1985417
478703
337024
1986726
1878734
22324
1986976
1986950
1986901
1986980
1986914
83372
1986994
1494270
1212
884720
1987054
1987060
1986941
1986535
65313
1027666
308879
1950456
1986727
1986928
1986943
352338
1358182
418320
1987078
1987143
325098
1987152
1985912
85328
836167
273537
594755
1868901
1174197
1821563
1984920
155352
1987283
131641
1987059
1987250
1604306
539652
1986675
1987149
987423
1987403
283407
1119058
476623
678
1987455
960479
877042
736100
1987431
1987506
2318
334357
1987427
1987525
1987528
1796897
1958490
792598
163680
1148813
1949449
1987591
606366
1602704
1170161
94408
1057610
1986586
456067
2509
753874
116696
1987592
1004939
932446
1987659
1574269
1987764
478164
924650
518489
1987796
104981
664507
998251
1848148
1171104
337883
395932
1987288
980241
1987877
522049
1987663
1987351
1987906
1987969
1979898
1987985
1054202
5205
1913891
1987476
689846
154868
192173
1752829
1987070
898637
1987677
1818827
558666
1988116
1988172
51273
1010485
1389397
1986987
1893253
308978
1988144
1822567
1988265
1988322
1674984
1988149
585305
654711
72378
1988216
1821970
1150176
1988340
1327959
1988357
1255246
1988214
272277
107521
752101
1857931
1988366
352034
49200
1450903
384064
678847
1988440
1988307
1988405
1266
1985261
1988481
1988397
1981363
1987415
1988531
1124510
690
206934
119714
327280
279899
155536
72139
44235
63749
22443
1530313
159058
1988623
1973098
1814475
1988711
977127
1299433
1305359
1046343
1136055
1988650
1988475
176106
1988806
1917678
122456
332820
1523609
1988896
405594
1021376
1988933
154490
13407
1988644
1988971
1586787
836678
1988584
1989003
1916802
1989019
1988845
1583039
1658692
699905
1988961
656024
1989050
453161
710621
1989034
748404
167263
41198
1988909
1988447
1986603
1988962
1988989
1989074
1048508
1989037
1989173
1162
1568101
1989105
1989153
1690629
1989179
405490
836053
2643
1988967
1958139
1344238
1271777
1989227
763856
18261
1617422
1845591
1083296
1510977
194176
1737610
1989440
1989356
1989411
1989387
309421
283220
8658
804616
1989481
1846544
1500097
500704
197926
1989313
45436
1989390
1417820
1005908
1989462
184608
939598
1989580
2046
1945577
1863214
1989617
1989241
1985172
1896757
1989586
1033570
739131
1989620
1989661
1989515
1989662
1989675
1989186
1884747
452629
1137978
162712
1641423
347511
750962
1960266
1989717
1187203
304861
1757
476784
1139286
1989803
1989823
1989619
1602522
1743677
1350637
426638
1988999
1833932
519264
445534
1989879
857802
1989943
106296
1915308
1989621
1564114
1281705
1989865
1989811
1989916
1907656
1818283
1989895
1035987
1388266
82270
448113
1990003
1243493
432
1651331
978196
722264
1316605
116861
6401
1990120
1989436
1990008
1351172
569541
488886
966117
227095
381104
6919
650740
1016035
353632
710485
1990250
455686
1990288
1351373
3028
1990314
76630
52410
25677
327717
131847
689317
1990135
1971819
129742
30691
145564
1990069
1688924
421434
434685
1930454
1990290
1008053
491403
1990425
1617779
1334558
1988781
401184
60788
1334997
1988722
1922845
1570242
2378
390215
1977172
1990427
372117
341216
1990089
1990593
380834
1990700
1990797
34134
1990801
497830
981387
1554453
133241
1990874
1990789
578785
1837508
1975895
1713058
1990957
676
1990975
386020
1990909
1989021
165696
1990861
1928670
1990869
304176
1425071
1555890
1099002
350612
1790180
1644352
120469
1991150
1991093
779611
1990842
504623
1991179
2318
1991096
161832
506902
1990907
1060584
762292
866709
1972099
904241
1068
1991086
1991223
1087131
1991306
5205
1991284
86153
1991095
36430
1990899
1493
12642
742834
1816181
528137
1991352
412127
429207
100595
1991364
1938220
576818
918
1991514
1176716
1512808
474010
1991458
1991536
946179
1632681
1991594
649051
653244
410300
1449463
1991417
33144
410387
1507664
1706565
1698920
1991623
1301725
1072219
1262471
893760
1991837
1991808
647670
130262
1298080
1728606
1031347
1991845
118352
1302124
1991937
1991941
583054
135117
39495
532979
1991919
17168
1966300
1203673
1977891
1992033
1991786
1991638
839585
1991895
173892
3417
138032
1263
690922
981537
1991745
1992079
1558833
184931
707075
1991964
739477
333363
1549056
159858
1992184
1991857
1597633
1269379
235812
1992327
118417
1751
236178
1394123
916216
1041121
529960
334887
1992432
1992384
1784101
1992466
1066512
1992236
1407100
5694
932826
1776077
1991436
1992421
1606108
257415
716545
1992443
1992602
349707
215977
1992709
1370290
484422
1992660
1912778
1992415
1850885
1650288
1845995
1753121
1992894
1104246
1992979
1992963
72499
1993056
1233784
1939571
1993094
1992785
646579
1992528
1244711
423149
668736
1993097
1707463
170325
144328
1475892
1992965
49686
1993250
941456
12177
1993269
1992382
1992939
1441528
1629571
1993227
43349
1991360
997504
460648
34406
1993255
1322170
1992857
73691
779695
1319145
635912
1634844
1993476
1608748
1993466
1988451
1993403
1993440
727113
1993453
20051
455965
288448
1993540
1993327
1729714
1425628
478151
1993624
1259028
217040
312887
206414
1954206
1993597
276935
1993703
502984
336890
1993602
1993550
1111635
1993489
1094996
749563
1779823
190521
805159
1751113
1993873
1993275
1993660
1993258
110714
1990638
1918179
4400
1495875
1992829
1993829
1994029
649533
1993982
677973
1922956
1994135
1104238
128978
1993972
68141
1994072
1993965
1558020
6952
1978049
1994245
1190908
1994269
1994274
187566
462391
293188
1147416
1992758
1994241
250300
654624
2710
1994300
1204927
1994374
1589007
1994307
1994293
1935897
444041
1994436
1251856
8018
1994476
1994490
829500
98422
1606371
36485
1068740
1994614
230029
871425
113318
339352
784606
1994483
1991460
54358
1994747
1994524
1286779
1912054
1186883
74279
631126
1994863
1731166
1117278
1994850
249523
1994953
1112118
1994921
1752867
1852834
400207
768660
1994958
1994929
1995096
350389
278746
1808905
203126
709491
731566
1868342
641960
891893
117092
1597709
1995287
784108
1902617
141890
67266
666828
1623018
1995237
1995303
1995202
742839
21751
1991186
1994439
1995346
1995362
1995465
619387
994367
1995210
93930
1742263
145164
1949518
1994000
1995556
1825951
241202
1956360
1995338
1995640
161122
1839812
1995776
1995634
1536270
1565642
1995713
1904027
1995380
802
267777
1995714
1961529
1995883
1995227
1449034
1349615
1168768
5405
446948
1995983
840122
1995574
700179
1995900
1995972
1995906
350868
1996144
1996052
1723526
1995514
220154
692708
1438054
2549
1996235
1295133
1995927
1135419
1996289
1996300
2643
1398385
1602933
820618
485862
1330436
1925265
1596117
1379156
1959454
4311
976430
176581
1087770
1832457
1996246
1996248
1996588
1588452
717
1996492
1836241
1071926
1977135
1996644
1996241
1996638
886842
1925467
1876053
1996678
1996671
1996698
207213
310776
1996602
1076175
1044193
291628
308505
1721913
1209646
1575774
332742
1629482
1995281
3821
1997078
189858
229095
1997012
415487
1996912
1400622
1380412
1907458
1025127
1472111
72409
41286
205
73561
57071
1875281
1855755
1997225
1035764
1294164
674394
7657
369593
1997324
1226147
1997052
1997355
960556
1997335
954110
1996777
1997334
1997401
1997051
534232
728617
10948
1997258
520202
1002162
1997341
250793
1535396
1943138
1997541
1863028
1964940
1365575
1997580
1900908
1622242
1997436
186686
116475
1164831
188981
1997692
1542530
1544271
1996651
1996781
1595893
1159668
1275673
1569
479974
1995833
547373
872234
1997895
235630
1997932
1997559
1697384
1479002
962677
1997782
1128956
430881
1998011
1997851
1998090
1849279
726691
27202
1998081
1108361
791267
414845
1877119
1973389
924702
120416
101624
1998234
487893
1162174
1998324
1815391
159283
108344
12642
1998210
1998400
1998403
1063340
68573
1998436
376675
1181962
1164917
979374
1998385
1214041
723973
1998467
1998267
312840
1998491
88666
11267
1739562
897914
1375
1991949
331
1998663
178422
1998662
503350
278879
3028
292010
1998688
476764
847776
655157
1998616
176820
1998668
349403
1998421
105012
1064559
291358
454344
1998642
212411
18599
1103855
1998757
536329
792935
127969
1751626
1998677
1383583
433492
1998882
1988078
1998907
1996290
1387502
241953
1887609
1944015
86752
2615
1802563
1869214
778510
168116
1998976
9910
1998862
190668
1134012
1998963
1940
1175
1351844
95356
765051
1489775
1999052
1998839
1209838
35957
1999033
774381
1999026
1860203
1305672
3621
1828605
24252
1999171
958211
1633477
275216
1999323
1999335
38242
1620830
1997980
3470
1999495
1999295
10640
1112910
1998910
1385185
1664852
210737
5367
1523464
945818
503174
1979686
1392147
1999446
1995989
1934868
1622325
1998919
1092587
1421012
37411
71219
294851
1390876
3302
1999627
1999819
1827319
1520424
667939
224103
1847071
1999926
1109610
690
1583884
1999222
680282
1139865
2000046
1999879
1999949
959921
23747
2327
3
1076766
1070901
1057979
428146
110139
975738
2000234
354316
1493519
2000315
462072
1999709
635886
2000211
2000000
1498837
1719578
2000159
1084510
871413
2000462
298143
253
1629
1751
2000383
1394815
2000645
843247
2000452
686265
2000649
2000708
1343312
2000664
1168456
2000738
1903220
248303
2000547
488972
2000884
2000880
2000855
2000611
2318
342
977835
86979
456361
2327
134274
2000962
1524386
343656
2000781
1994091
713
1852992
796740
1348518
1136951
1496399
8745
2001070
2000834
1974055
1311565
2001002
732760
1181744
2000902
2001080
2001236
87172
658336
1073478
789110
1627979
143035
1713798
2000997
2001265
101822
100798
275915
714128
598377
508118
1816675
1990854
50770
82329
2001297
530739
769246
452741
629871
699165
1819922
502744
684716
802182
867772
2001267
359050
3318
2001425
966785
651486
95581
2001516
617325
1503523
52978
2001383
220249
51513
273388
1310707
558537
2001514
1085923
46405
1721958
1408884
2001675
2001083
1582767
2001712
28156
1212
2001815
597561
1853822
1904744
2001836
1199285
2001645
15048
2001660
2001975
5
312068
1764989
1499750
2001967
2001801
1992567
2001985
2001902
433959
1431151
2002064
2002142
753525
121410
1885405
2002041
3365
2002005
2001775
2002144
2002179
1303245
2001984
2002075
2002256
504930
170889
1500737
902159
543426
126970
1188257
1995056
2000507
1046286
460572
2002201
1070672
615120
1878964
9775
2002433
559185
2001873
2719
8068
1998996
342636
107666
2002555
1530284
86142
1107706
876656
71310
532105
2002495
420124
2002357
1649423
196734
224165
2002676
1324686
1616615
812798
261569
1888886
697459
1884549
727930
2002285
420332
2002832
2001411
404336
1873705
158623
2002900
159072
484515
2002557
2002763
2002713
504915
448307
433
1008784
2002788
1452278
2003039
1316200
367247
1442980
1085720
2003111
1109588
2003126
1886147
433040
1933169
2003176
2003009
798009
2003230
2003198
597466
1269679
2003101
1681077
2003254
1935695
285390
2003308
1238925
132012
2003416
9233
601126
2002947
2003315
2001876
298585
1573679
2003427
1847324
2002577
1720695
2003292
2003486
2002936
1656455
2871
2003519
31487
2003469
448890
9455
1994655
85264
2003428
63804
929337
1513735
218359
2003508
2003552
5703
861097
439799
830935
1768963
899737
2003376
2003735
2003775
2002317
2003792
2003827
1861719
743690
2003563
1545713
550004
2003877
1786102
2003881
1889633
690087
843654
690313
925614
450528
2003884
1605261
891954
2003990
2004055
1874001
1422717
1469935
1850360
1945611
1767831
737779
241075
762980
59609
2004090
1817292
2004156
3045
4875
2003335
2004198
2003199
549824
387814
1929676
1629
1384450
2004216
2003997
289847
86067
1320815
1546081
931722
2004315
2705
1147560
2004320
950093
150411
1674608
363412
3621
2003252
2004280
1929054
661606
754953
2004509
1022562
2004515
1881379
28991
370880
2004595
2003833
111093
1683430
2004655
70037
2004639
2004659
1932192
220339
2004402
1102854
374490
829743
2004748
1118963
2004806
181052
11710
992148
471734
942045
2004619
76612
276052
2004890
1611635
1402794
1329135
821585
2004913
183963
183603
1142318
378564
4875
1923071
2004997
461996
2004896
611028
1977441
2004488
38551
357512
1997493
277
759940
372228
1988884
2005091
316849
409912
1401178
243388
1382865
159456
1973744
952108
1784506
2004859
44047
456274
1541412
605967
2005224
1445267
916338
2005092
2005323
1898925
3041
2004301
1162737
590141
358750
2004990
681547
829779
48483
1827289
1501507
2002356
1364859
464825
214162
473001
2004518
148654
2005416
1599791
1261552
1669752
125318
1134901
1936765
2005635
721535
42445
1436291
2005672
1493544
2005391
2005714
29275
1952834
24335
1979973
2005590
702188
407960
28181
1143982
511241
2005702
2005510
695445
1573073
1959137
523503
921987
1379059
1928578
949201
2005822
1957254
1814866
523195
1022760
660475
830487
1935335
1717708
1416547
4634
1876948
1634367
1926953
451
2006021
2005980
2006004
2006072
14164
76000
2006061
2006012
594384
9315
26799
56238
429545
1169294
1440369
920881
487370
2006106
258921
94425
631446
100551
736461
530547
305359
1975100
747500
2006348
121782
2006366
2006362
418463
1820
33578
678159
485
143220
451304
1494420
46824
744019
1486559
2004737
1531445
1330414
471283
1385106
1898907
14820
1587165
2006572
2005706
678
2006633
1972176
1330
1994298
136656
912384
1537095
2050
1146116
282255
1242714
333200
2006845
566425
2006890
394773
2006858
1981289
1973083
2007001
1741343
683864
10713
349952
2007036
504332
756796
2006852
2006596
2006974
2007096
1835974
295165
1936033
1566002
716044
217188
602862
1213872
1566490
388809
695410
1279119
256084
2007364
691437
2007401
2007361
1099669
1609276
1826337
2007362
2007453
2007430
59453
909775
64401
5790
538183
225108
624615
2007501
2007505
133598
963330
44874
305169
3074
2007462
2007142
9124
1925316
2007641
2007493
895047
282162
119137
1491646
2007495
2007323
362512
1917905
391506
63567
129183
2007744
2007801
1156413
2007532
2007829
34250
1900421
1618239
2007370
738751
1956713
1107817
80617
2007729
944907
2007965
1805188
2007834
1929938
2002822
2007891
1001904
762018
2003980
107144
621752
346653
1877695
2008155
2008115
1045596
2008164
202895
986732
2008208
95093
1183325
1659305
56527
2008228
2008269
666190
656355
57087
431641
2008388
46241
1583424
2008434
1528
183461
673297
1201784
2008385
339904
2008445
2003421
1439651
1296001
147108
1259303
392881
644942
369812
250380
912279
1557570
2008580
2008120
2008561
368204
273289
2008692
1582109
2008671
2008247
28020
451
2008741
1741046
628164
3560
2008758
2008761
2008733
384414
5367
1379471
2008743
2008834
52363
42847
693
208749
2008852
519424
54682
404175
2008939
2008961
2008783
2008814
1639814
2008953
378122
1882761
77507
1747193
1752462
2009038
1759405
2008833
659050
5263
983002
677495
489203
992148
1847956
1854547
1330487
1853766
688643
1132755
1006691
1109673
850883
226560
2708
2565
1956512
431100
74332
2009221
2009217
2009233
1280922
2009246
975481
2009259
2009306
2009176
493275
891870
2009334
2009304
228347
383813
1869660
368970
676809
2009361
2009357
2009120
3550
1035614
124257
29687
2009417
1362746
1058160
2009449
690836
957432
1590111
1614569
1299266
488739
2009540
412449
143548
2009562
903083
268819
1318305
625105
1719367
1650172
2009700
6257
145628
989096
1271239
1506566
60816
1519750
1448710
475264
164153
1814903
1395351
1417620
49218
383783
1662777
2009326
1682346
604090
2708
2009916
2009895
2009937
1801552
421923
1047622
1435195
1487861
1895319
1409952
1410084
2010012
1455629
333003
798528
2009998
26572
1852051
1886986
753671
241244
499816
1578426
13370
1800683
1275244
683278
2010237
883288
2010265
631567
579129
2010311
1340905
2010366
1696153
2010373
89479
1888768
1132467
645438
2010403
2010394
45487
852283
678918
603158
2010103
5790
56823
329248
938806
225103
1433301
765047
391306
122277
33291
773259
1613
2010573
662483
922752
752654
2010670
87818
1268926
567302
2010694
2010676
169745
279461
2010707
1307381
735968
2010201
1602
2010822
2010827
2010836
2010777
2010719
1543170
237257
2010920
2010988
359169
1337248
946874
2011051
2010844
1398515
496289
1085691
1389764
53573
1202
22543
1065642
594816
1887919
1334444
107396
1744477
458224
385895
2011130
1402278
1009815
1499943
194837
1497829
1789484
1980471
500655
1970193
739700
1661465
2011511
1938253
23088
2011656
2011674
2011756
2011747
2011752
1183944
3944
2011431
1022954
1312900
979372
513138
2011908
767095
543541
19530
73007
2012142
1473595
2012057
46668
888546
2012194
1811433
2012047
422490
2012254
2012274
86830
702437
1609302
433465
2012175
257850
227089
621140
430826
42550
1925256
206865
2012396
386056
2012263
2012411
384218
994392
128107
2012445
744275
2012546
2012450
2012507
2012573
476639
1053628
482683
928268
2012353
2012630
2004494
2012472
495192
7256
2012728
2012782
206136
1714298
672353
1623642
1111364
1404739
558511
379358
2012869
2012725
2012944
2012923
1926433
2012938
2013022
821156
1177351
869600
2012948
1392464
1135742
2013126
2013076
1548851
1121727
1310956
799567
2013258
2013152
406346
2013163
77209
2013321
1793310
71774
2013346
2013306
1159267
311138
665325
1129545
2013616
2013628
2013594
2013392
2013697
73580
629172
553163
2013712
2013676
533041
1662805
2013721
1888183
1895050
1886107
2013439
2013949
1381912
201440
1982144
742008
2013923
1239419
3074
2248
2014087
2014057
2014137
1857194
516277
2014151
191998
556423
2014256
1927448
436653
2014217
1338175
559207
5205
278254
1784709
2014327
2014258
2014325
2014352
402
1383517
1627201
2014448
127983
1856870
2014556
1454292
1325997
1921715
2014592
78240
1944268
2014477
34422
3743
513601
42355
2014499
1879292
2014545
2014721
2013981
1838741
2014660
1851063
1419438
2014548
2012888
1003652
2014864
81552
2014847
1897061
1469857
1321126
99490
2014874
120417
304923
1938939
415040
774206
1679099
2014903
5356
2015001
1638053
615122
1593924
1514978
2015210
1939014
413288
2015149
2012211
1462628
495692
2015317
753092
1307100
1385016
1910532
512279
1784892
68435
2015258
158747
2015131
106245
656593
2015355
1852914
1789699
2015464
550913
2015489
44023
508370
2015476
2015226
2015326
2015576
78227
2015407
385937
1992022
2015673
2012880
1027066
715613
2015039
2015838
236078
1915329
2015809
760256
4184
2015857
1947064
2015980
2015999
325261
1796142
1930510
1364044
2015854
5902
2016028
12642
2015930
2016030
353809
2016150
2016014
50117
2015694
1413925
6400
1831719
2015826
966020
2015845
742925
1357344
155859
840898
1250468
602868
776621
2016250
1732953
748708
90637
2016461
2015376
2016295
1993433
1865477
490649
2016415
291298
501275
136285
449479
1908770
674574
13879
1619103
2016671
2016677
1477159
2016613
1471
152064
2016657
2015877
2016513
2016701
1502749
2016614
116446
1930252
116684
997014
224745
2016724
2016840
662224
750525
138966
154336
2016654
752448
604606
111247
1958949
1356523
2017037
545552
2017036
775993
2017081
916273
2017134
2017009
183096
2016957
88568
152312
1743631
1831625
773589
708043
1176340
2017124
1643396
437966
1777895
205232
592216
2017247
1171604
2327
2017156
386122
661189
1319497
2017346
2017276
1940696
365399
2017205
2001114
440706
2017456
1064958
1393995
2017405
2017527
2017227
2017616
2017598
1381531
2017709
16122
1269397
2017620
2017762
2017791
2017719
311568
176645
180783
1977333
2017842
1757728
235582
2017581
987692
592012
385705
1020007
49251
2017910
686820
1073895
1482955
1958685
230690
2017980
1206554
627823
1046104
2015479
1417124
6823
1959493
16110
2017944
689262
981469
2017946
2018110
2018222
651938
2018237
2018259
2018202
1253207
859
1828845
1897312
72963
2017468
1732895
1052780
1794460
1583151
1037940
2018225
1878626
1955697
2018387
2018314
272386
136339
2018281
674075
1942226
247148
437772
1762542
2018393
1205813
818899
1887678
285233
2014369
717
179769
597025
937509
937249
1413751
634457
2018031
2018736
1743580
254117
2018635
2018788
1260874
2018939
1643786
2861
1985748
429712
1687324
2018572
1950037
1415165
334181
205844
2018761
2019175
236226
615143
6823
1965425
2019118
766958
12372
2019235
1050603
598632
426576
1793373
2019243
508080
76693
2019160
172526
1988513
416996
8961
416214
210730
1732578
1947683
227497
2019482
1911157
37893
1124089
2019596
2019442
2017566
2010876
1667495
1944374
715272
9634
616745
363957
1860855
430882
1644194
1550878
4702
898917
1698077
1266
112330
145444
1150409
2019812
2019985
1875430
1672736
7580
2020034
1430433
2019922
1662
1936044
19291
2937
230748
2019844
260301
1569
3929
2647
73092
2020122
1874405
3297
2019925
1950945
436871
2019684
1581503
2061
2020325
1470825
602848
1695283
200186
233350
142052
2020367
867671
2020382
1613877
11276
677576
569653
1869817
3417
1483053
719143
392587
2020024
3777
1270464
924212
132463
2018586
1056574
2020631
2020586
1614286
763756
904003
1568678
2020503
441547
2020519
20313
2020477
2020681
1776050
683789
1728605
1647029
234209
2020774
40901
673875
180773
2020361
1327546
1960691
1326443
47035
834551
277
1784647
2020387
2020958
1442805
772902
515597
2020568
2015021
868518
846930
2021019
2020948
2021067
2021038
2020801
2020854
2565
2021192
351573
2021273
2061
2021310
353952
687091
2021246
1905074
276983
167092
1516434
2021449
240681
37697
1209716
1685
1586095
1147336
2021410
2021482
3470
994579
151610
433
2021332
2018689
1180801
2021521
48486
2021644
131903
2021722
843859
237083
2021017
2014818
2021691
36124
2021867
1945542
877314
2021885
2422
1369185
2021719
2021888
754120
2022032
533598
358064
358878
2022073
618104
1489357
2022014
2022147
2021984
2022175
1124023
737725
45282
2022176
1380754
1359821
1978790
2022321
1508421
38170
2022368
4706
1940320
2022416
2022437
1944930
1846525
844106
1346746
401354
42281
2022499
416266
236786
110062
1690670
2022553
1976401
2022671
20426
1965485
24748
2022349
2022703
2022450
1621839
2022588
622308
1271553
1058890
2022691
1620043
752962
482096
963452
2022773
2022772
916082
385237
541456
239526
440464
2022915
2022946
335608
329211
128184
23452
1511337
762671
2022968
1247079
578302
2023034
1056932
2023061
318539
1002673
1583566
2023142
43044
1282137
1448771
2023022
396444
2023191
2023173
722558
2023232
1977595
1846578
2023247
65489
1810735
2023325
2023326
459281
1856520
2023299
205044
2023397
605391
903922
675718
2023482
1505189
2023528
649418
2023502
716609
901165
381071
2022844
116646
1858773
2023209
1619078
8745
436514
2023484
245911
2023650
2023498
2549
2023183
513181
120953
2023975
2023925
2647
1560946
2023959
571666
2023485
1875997
773025
1768018
277
3014
665533
2023953
637158
2021063
999200
3513
916367
1240137
2024049
18649
1331977
934566
2001087
2023638
1258074
679787
1648111
88028
1440150
506107
2024125
2023463
171620
1995035
2019680
875498
2024390
1931394
322540
2024405
203839
1900230
411946
606242
2024613
25106
1012847
1066538
191674
16031
2024645
2024688
1823243
1044865
846945
2024287
2024486
2024159
489683
2024641
1403572
71912
1778257
2024458
257307
763267
2024913
795390
2024962
759140
10948
636603
1329936
2017889
1569
66330
1733850
2024915
449632
663803
1657903
2024960
1838719
1832278
797919
2025048
2647
1875729
810533
2025213
324763
1048001
2025285
698639
8033
2025122
772124
809145
2025377
2025254
368617
2025337
1956537
643136
477947
1969468
1143249
1964663
261878
2025417
51733
480033
2025485
71457
2023812
2025453
2025639
2025067
46897
1858179
1817486
2025160
1854652
287462
12946
769023
1984167
2025589
1033028
331125
596694
565215
731273
30368
2025758
612374
2013818
2024581
637343
514789
2025900
1636849
4947
1090709
878231
743010
2025957
108911
82710
2025983
17061
531307
2025839
2025992
2025988
1289975
1315677
2024954
2026184
1236
1301942
342
820812
82014
240935
643977
1396776
917394
1516319
2025704
2026210
3777
500987
885054
1906105
1567972
1354235
7049
2026266
2025096
2026414
1933006
1965173
952
994768
2178
9401
430594
2026468
2026519
2022453
1798580
1449961
900185
2026557
2025825
1666457
4597
1537416
367816
1644015
145685
527504
896165
871284
2026826
102412
2026779
212998
1836334
775162
1988675
389453
2026899
1396006
1427836
1977622
2027062
847869
2026969
2026814
341015
2027077
1331146
2027102
938758
2020391
2027128
662951
611062
2026919
1461561
757212
1131621
2027200
1140142
531680
626930
1236
1394730
2027262
704965
2027225
2014281
1385750
2027107
1523631
830077
13911
100395
2027283
1495753
1983301
185029
2027520
1949827
713142
449039
139845
899706
1404958
2027357
940524
96448
433103
1714080
2027724
2027461
119545
123945
2014419
7696
2012644
2027798
480883
1161009
2027854
1891674
2027345
1811528
1545185
2976
2027889
2027080
2027959
2027582
14404
994579
2027859
2027954
547083
2028067
1617011
103412
1942818
2028117
2028076
1974633
362311
1436926
2028135
2028212
1051476
2028134
2028328
2027928
145495
1086840
1914926
1855205
2028052
2028248
2027752
304918
2028047
426095
454847
1980928
178563
793850
135526
47583
2028292
2028420
2027584
68451
1967836
830380
320712
485696
1916631
956000
2028490
361225
380126
2027781
2028589
2028636
1609087
221818
2028445
801
1330442
1148711
535672
2028429
511854
2028742
2028822
407565
2028749
1055
925250
612963
2028732
637842
1423053
2028920
2028871
648789
2028757
2046
43980
223058
1472560
1676096
200687
34636
2028946
129957
620771
1334070
415958
822299
2028799
1943825
3045
303435
1063474
384675
47929
754945
522948
334215
566289
2028387
615288
1613292
2028895
2029153
2029306
331
116653
2029346
147167
531310
825934
1579755
169956
1485793
1047484
560579
1021606
1147495
591128
415207
584318
598196
802
591594
2029418
678
2029430
2393
149447
760072
517534
500911
501411
171354
10705
2029581
391369
320162
1774
221597
1086968
1133697
2029507
1525648
2029651
1383962
2029482
2029634
13319
231443
2029362
2029406
2029705
2029779
368506
81729
2029752
2029748
107956
1857998
9778
48223
134026
80364
1611930
2029983
120608
2029766
614998
2029830
1442575
2029929
51097
2030059
2029704
2030100
2030103
2030173
2258
535345
2030118
2030199
307308
1015729
1483144
2030087
2030297
1978246
71158
2030295
2030255
1282832
1279190
2029943
2030299
1977841
66013
1365203
2030357
844183
1752139
2029688
2030386
1852942
2030457
2030412
2030464
799163
2030421
2002236
2027535
1522257
258456
273925
290854
1162
294596
1888731
152738
2004584
281883
1455508
2030530
1522570
1378506
22405
1972622
889210
1960499
484849
1757
135395
1751374
928511
1277423
254685
2030957
2030706
2030804
2030830
1009450
356979
730128
1669870
733534
2031005
1050724
18148
2030937
1736541
1634981
395383
688312
311337
2549
2031058
666984
22498
2031238
2031245
1654694
217045
2030881
981149
34596
2031211
2178
2031329
1993595
2031243
2031164
1874480
2031386
2030368
2031293
2031302
2031227
2031313
2031429
993
1064593
2031375
493977
77753
643013
2031463
1956208
485810
2031516
2031141
1147333
171883
1950929
10183
784764
2031444
2031422
2031494
2031336
732887
2031488
134392
927049
146952
1161636
2031588
1957092
2031569
437166
2030555
421931
1842908
1138775
1428253
2031372
4939
2031743
257502
909118
108347
563206
2031724
922096
7864
2031905
2031838
1479365
1269171
1139865
2031279
2031688
2031756
1611200
524554
1238329
2031961
2031865
298281
485040
290526
54870
1937625
2031962
2031872
1698546
188040
720622
1444528
2032216
2032217
1721222
2032103
2032290
2032093
699698
774323
2031781
2032003
9287
1140367
1134763
2032071
678467
382159
1625947
1547757
2032072
1303999
689878
2032126
1586043
2032142
1866979
187894
1295152
1834285
2031811
2032446
693
2032315
2032341
314406
2032472
136826
2032347
2030592
551360
1806291
2032192
2031765
884661
1117348
12642
863952
2032522
2032523
2032456
2032609
2032615
440584
728235
2032658
2032554
2032582
42387
32784
2032636
2031879
612826
2032758
2032672
483711
307912
2032382
1938311
4443
146452
2032681
10261
2032873
766889
2032841
2032767
1395562
2032338
2032947
39037
2015518
2032923
2032892
2032998
2032954
904760
341519
433
2032818
2032914
1354528
582757
1621961
844826
2032249
761575
2033158
2033168
2033203
827667
1319806
2026627
950556
1147759
2033371
786413
2033290
2033148
627178
2030142
414903
1304541
2033554
2033458
1387838
1089683
2032769
2033563
2033493
80462
1858369
1765383
402
12821
2033397
1619762
2032985
2033775
2033021
258534
2032291
2033608
2033864
333109
732743
1068720
2033862
176110
1744270
505724
2034024
2034045
84242
1632479
415251
2033955
1538505
2034021
196507
2033947
735916
710440
2034063
712640
5367
1721765
1827154
1611580
2034228
274039
2033969
2034195
191702
2034036
979868
521618
1951878
2034135
434422
2033630
2034223
1248771
2034348
1474698
1216495
671650
693
1528744
256388
1237338
2034441
453614
2034349
1633627
2178
2034498
777744
2034328
2034575
2034525
68498
431060
1558095
131966
2034539
1397734
660363
929226
1341436
1991867
1236
2034677
2034649
962785
278464
2034604
206129
324827
792875
2034693
2034774
40962
2024795
1264445
2034778
2034783
2034933
349735
1443779
3028
2034014
652411
2034847
2035000
1465299
2035006
1696874
66278
2035023
762204
2027387
20396
1061062
2035054
648993
231191
1042601
205331
392309
1669021
2035143
550352
2035096
2035164
1988211
1070787
2020447
85550
2035235
2035301
2035326
150046
904993
115891
2035321
1431613
2035398
151295
2035291
2034717
518736
978693
224078
2035444
1736318
2015164
196279
2035499
576478
2035472
2035409
2033383
433
1066987
2035505
825578
1906443
2035438
149364
2034918
2258
667651
2035525
728756
2035424
1096845
413356
232997
2035665
1415714
2870
2035748
1177559
2035229
2035823
2035856
2030657
63380
463428
1629952
1093769
2035839
2035876
1091
525377
531774
2035325
918
2036011
1062115
2036136
2036066
432
2036183
784282
1462113
1145383
2035967
1621852
675660
341548
386996
699243
2035910
2036270
525837
2036152
2036256
92498
1946566
1690167
1717232
92266
90881
464957
1549374
1864409
1706612
1716725
1689338
633272
179295
638793
172162
2036494
2036640
1746532
2036619
2036672
107276
1483387
704308
2549
2036763
904132
19545
637305
504930
1995084
2036838
180282
1485390
2036929
936074
794825
2036584
2036813
1921780
283107
2036782
136194
172150
1992436
2037001
2036981
2036903
1733
2037022
476185
526235
74148
2037091
2034982
812744
2037002
180527
1546794
210152
718488
740370
1308234
1480849
1875427
1871459
692903
311547
335608
2037331
176394
2037370
312791
2037357
991479
2037356
112232
1845583
1740930
1916782
654140
2037460
375655
2037495
1448898
2037646
2036949
2037593
1865183
490668
1510127
1209668
181099
1641054
383416
412075
2037342
1321280
2037858
1149118
1542075
1740569
567796
2037656
2037723
151121
2037789
2037813
1884606
2037718
2037802
1288185
215077
43713
316472
2037779
1289187
679091
2038046
191686
232945
324615
1411461
1887393
485651
2038208
161804
2037935
1273186
1494467
2038160
4875
302410
2038099
1861948
1825386
654403
2038353
783
1814513
1647275
2038332
589996
71326
2038465
2038441
4184
2035698
651001
2037591
2038475
2038472
1765489
2038151
2038556
1920362
1147948
1044547
988276
1504
2038625
2038616
2038656
122549
2038678
110347
2038633
1951027
325336
62342
9882
810901
1636731
2020467
836931
778253
709028
1428997
2038688
2038190
2038879
525152
716094
32580
2038912
2038955
2038898
5554
2038994
3038
2038751
1531401
518761
2039036
1584451
558066
2039179
243066
1049760
1161382
2039143
1557504
287509
2039126
1662690
2945
659609
255176
2039295
880804
2039282
2039268
1575188
1580953
628600
1581852
2039379
959940
1524530
210150
2039313
805148
2039284
230021
208030
2039425
2039498
1626994
1378908
2061
1892707
2039556
2039707
267272
547025
1289977
2039701
1380912
1499450
117499
132397
233170
2570
2039804
44731
1807334
1460573
1939751
1966985
1466239
2039789
743425
2039851
1840089
2000980
1076381
523433
2039984
1757
2039901
426567
734754
1266
1118237
1981838
1732267
1461291
693359
1937164
169088
393233
2708
297662
39951
2024083
1971426
130348
752830
92661
2040181
2040196
2040173
604652
105283
1360788
2040349
332197
200439
355410
249854
1309876
2040377
222490
2040530
12821
2040137
2039898
1717758
2040577
2040410
122632
958481
549273
143955
318995
753576
2040696
1668449
1194069
2040644
2318
2019094
2040693
1162
2040809
1690966
1053650
325259
1232214
1671179
1146573
1742550
492137
2040322
2040733
1638032
597591
1107117
2353
1190052
1445021
1946643
22967
479752
401780
85620
1006
2041097
2040009
205
2041109
1523871
2041143
2040873
2041063
2041055
2041190
1146803
1617200
578190
952
191965
1306117
2026526
2041157
1555134
1952142
74897
377969
698260
1912908
1895929
2041260
1912513
33845
1616453
2028347
1431991
1217044
1956831
2026319
2937
133940
2041181
1350856
508083
1897119
2041356
71743
8547
2041307
2041404
3074
802
1451989
579491
2040943
1376541
1902589
2041491
1949274
695989
714207
2041549
2041551
1756696
2041579
1144598
2041167
2041526
123226
1292173
2041608
2041628
2041589
15046
1966309
2041675
2041692
127639
2041780
214725
467505
2041784
98898
10350
2041787
1362622
2012912
2041847
2041814
1050569
2041824
776528
1284767
2041753
1826579
351773
2041828
684967
1137679
2041902
695801
2041995
73754
1556174
124515
2042005
1489731
888899
706587
343615
2042057
913972
1867245
2041554
1633371
337080
27483
820653
859914
1617494
1286997
2042163
2353
31276
2042158
1390221
2353
894587
185889
1745418
2042065
1848733
1740567
237902
1614966
582142
2000109
2042162
583691
1887425
2042260
2042282
2042387
1082893
2010157
1833414
287220
399941
1604379
1626246
2042406
2042404
2042435
2042576
2042482
3797
147664
220745
1771452
846400
20648
2042503
1856803
1913856
1995292
195899
2039023
1249574
2042706
576254
11087
2042751
1443257
1604295
6823
3074
727567
2042861
2042612
2042557
275291
2042881
581306
2042890
834768
577870
2042823
2042925
1492693
1594519
1548349
1239423
2042805
50493
2042401
110511
2043006
17670
768229
397006
2043102
1204040
2043089
2265
4597
2042735
1853468
1620256
2043176
1579580
898152
2024675
709758
506659
802
2043284
2043154
1469909
2043374
2043264
2043401
1192262
1372240
2043373
2043451
2043405
1810147
104573
2043501
2043431
2042281
2043489
1141379
1998336
1079946
2043332
1566
744044
1934709
141502
1037573
2043612
2005897
1924782
899369
2043692
1493658
1333048
134680
79460
2043636
4719
1702679
95861
355166
2439
2043856
2647
2043826
441
2043876
1901188
72054
2043891
2043900
662888
1671459
101033
674584
1473004
1743979
2044029
275146
1878058
746920
1475209
1577281
125823
757472
2043815
2044062
2044153
1364311
2044023
2044056
1324480
222334
2043764
2044239
486447
1903169
1857637
2044367
481787
2044187
1919680
2044024
2044420
1820
279559
1330759
3621
2044331
2044074
2044398
2032853
2044424
507255
441
525876
10524
2044418
1998431
2190
193776
2044561
332498
2044647
2044506
2044589
1957547
2044698
1728188
1185774
289504
278746
1993109
824618
585546
2044742
1047771
1594824
361076
1051168
2044827
2044896
2044859
2044819
927547
709226
7219
2044790
93222
2044934
2045003
2044785
2044523
2044985
313124
2044978
1263199
1912091
2044969
5585
2044982
2044911
2045064
1821599
1440456
2045030
2045128
410393
925154
697600
433
1666249
2044892
119291
2045052
2045011
2045148
2045171
1498154
2045298
2040396
1672327
2045344
1878160
1087974
1224761
282622
2043420
2045394
2045367
198657
1883388
2032029
2045514
2045503
1843477
2045422
2045270
419009
2045461
422573
228269
2045615
1670949
2045587
369979
436623
2045641
2045584
1259918
2045619
2045651
1866042
2045711
1272592
2045620
1145684
2045380
332820
1458793
1368569
2045872
204397
1789602
1131743
441
2043510
2013000
486598
2045426
1571455
1612684
185907
399692
1148968
1566669
1396965
2046092
2046007
1134089
2045995
2045998
1831849
180119
2046145
2045948
2046198
562006
1986168
2046333
2046239
2046180
611688
1621131
1498807
2046169
1056685
2046373
317138
927365
1824911
1546938
2046445
927365
2046336
2046500
1496343
2046312
2046469
19450
2046499
2046437
2046514
1063141
553009
2046541
1411095
1271434
346677
2045844
441993
694761
1051667
1858062
2046648
2046684
1941401
1404260
1267776
435838
1249469
305415
2046757
1280251
1236774
1552992
525025
2046862
2046918
90500
1305689
37968
774687
932585
2046988
57660
2047137
298217
1280143
2047215
1906
3417
51662
2047188
98581
2046463
5773
433490
2047284
89161
2047316
2047179
2047281
1505116
1185305
1904100
1627903
1613830
2005776
1807462
684867
430853
756857
2046730
1511286
1127709
352331
415598
586571
79657
154467
2047650
1116346
1875154
1998786
3417
2047638
554607
2047753
6430
2047746
2047695
2047447
2047640
2047686
825106
2047859
2047759
2047828
856594
201999
666824
2047548
2047927
1853541
277668
189890
3
1746755
714164
312147
2047811
500687
119002
2047951
491303
1586057
624930
417018
28067
1415801
365933
2048064
911443
29523
2945
1902331
2048083
1144037
1927655
2048042
2003219
2048048
2048165
1898232
5
1329255
1867763
2048245
2048214
2048293
259881
1652862
1834046
2048121
2012073
1581274
2048223
6034
505367
526914
955007
2047318
2048352
1325123
1663139
281252
64789
1497241
2048513
134247
113589
2010131
41546
1890092
2048332
2048597
1896482
1842543
320370
2048578
1646820
1004977
2048537
2048637
514208
120119
2048733
24343
1672395
801054
107906
2265
1751060
2048806
837822
1381734
2048857
2048934
2048754
1409028
2048924
2048903
1451579
1107858
909669
2048701
298206
4972
790437
329055
450247
1589887
368469
2049014
2049004
2049018
128234
1199262
221111
2042812
1642198
2049073
2049070
2049133
1554268
2049086
337413
1294287
1578373
1128086
1927343
755448
122454
2048874
1602649
780486
632959
2049319
172665
2049283
241809
141502
1616071
919491
552843
332183
1623142
1520599
1498353
1498613
2049441
122177
2049430
2049462
828136
1560014
2049473
217405
2564
2048950
2049543
271388
2318
1617782
231627
329589
2049588
2049516
2049566
953347
2049480
1493
1598540
618668
2049585
2049624
2049644
1434099
2049672
433
2049658
2049699
1471401
26016
2049704
1852639
213449
2049785
2049767
484497
299
65811
348589
999672
205
1316789
1730231
1577078
2049298
113003
2049924
2049893
585555
844172
1606379
2049986
584889
2049825
91560
535657
2050025
1629
2050042
2049953
658686
2049979
2050067
646280
2049987
1484925
660870
781960
1587780
693
2050173
1952261
915021
1949277
1516075
2050177
14017
1303928
54614
1620155
574755
47929
2050281
529356
138073
1087200
2050308
731672
1342531
1620934
516544
1905575
9910
1695760
29406
1962420
87916
2050379
6113
3513
2050477
224570
1901892
654938
1537336
2048262
45095
2050559
581685
2050581
2050545
71582
73378
753956
2050624
745561
2044823
1000115
23982
2050668
13106
2050700
183946
1730705
2050661
1650921
2050727
2050737
1434820
1751
1927463
2050771
942
734017
309085
1557323
1901293
2050820
2050830
484360
1558226
2050826
1546
737878
2050868
47640
1580657
2050873
1220095
115648
2050869
644155
2050894
174530
953774
1935846
122090
1202
1080205
2050961
2050956
1576145
607130
2050991
2051005
180198
2051017
1668539
1764545
2051056
1428385
329042
1936493
218099
2051117
603301
2051127
2051164
2051169
1377118
2051151
2051215
78242
1574136
168943
2039289
2051255
77934
2051306
659703
759443
1377899
2025699
590910
921728
2051396
300904
2051397
2023722
2051333
1699316
2042972
2051484
2051510
1857713
2051576
286569
2051606
1600305
2051618
2051496
2051655
8542
2051706
2051705
323158
2051744
624497
325606
2051807
2051311
850761
1395053
2011411
51718
728507
2051693
187155
1301
2051918
348650
2052031
664205
2052066
2051970
324937
171101
1361592
1402942
15958
2052139
1596849
1612985
2052250
2052235
1373098
802
1764699
2052270
2051437
1059144
2051880
28210
1387229
1032707
2052306
2052223
1771515
1944044
39559
979992
723728
796523
241056
31058
2052465
2052512
1498468
1356812
2052481
358592
1735061
996287
933502
2052285
365533
547346
1242653
1953470
1085014
614596
2052626
121601
51533
1387836
2052693
902318
2052778
2052725
2052830
2052570
2048943
2318
114920
2052887
2052800
1662
1947159
622976
1939900
740043
1273271
289261
2052986
1604623
1501520
899731
622785
29041
1936761
2053135
782463
1232618
8852
2053201
1768647
948657
2053264
121254
424920
1068039
2053308
1891511
1827720
1925835
426527
2053426
1928161
1539933
2053461
541424
369798
2053427
2053410
787026
1955676
2053473
2016016
425707
445845
2053277
376058
2053448
2053543
10750
1994805
1734715
2053449
1197610
824013
2053772
59783
5010
39
1932810
2053826
2053575
2053790
1624568
2053864
1920954
144614
1241155
308990
2053698
402
785395
8052
2053943
394381
507070
1312696
1875422
1733061
1798425
495252
1503929
2054035
2054090
2054074
1400447
126240
820434
610249
2054117
2054147
1304397
401207
2054024
1725000
1081699
1554108
2053908
1297265
1301842
653793
370184
2027509
767374
271007
2054336
1520149
2054051
661052
102791
1821138
1734748
73530
1810102
2054409
1132876
435292
2053564
1364706
2054461
1578396
777433
141488
109303
1637554
3521
1442542
624384
2054505
63749
1842629
2054531
1672027
340675
327791
537685
2054668
6919
2054629
419935
2054708
2054666
2054687
2054737
1799774
1809287
753759
2054788
1526317
423199
2054784
2054865
2054710
2054883
1517477
135091
295035
2054434
2055010
2055086
1454721
2055098
2055103
1875603
828281
701629
2055129
87585
923933
1397096
2055150
2055110
2054440
2055123
2037761
2055155
788975
523886
170674
683179
1129895
2055175
1498505
2055238
1349283
2054632
2055243
1339974
182694
1975949
2055179
3813
10331
264923
2055319
825250
1744413
2055341
2048174
2055330
951881
11710
2055164
1630383
1484012
484202
2055434
687775
2055428
527075
2055523
2024004
891316
2055622
451122
2055577
43146
2055578
1519177
2055650
1880817
2055536
180656
844279
2055647
2055672
1568329
2024306
1788141
2055333
2055748
1958866
838985
1274809
377667
331
2055727
917962
1566242
2055660
1625569
2055900
2055943
2055904
2055899
2055298
429383
340094
1398958
1263327
628274
2056133
2056061
2055244
1954424
1733501
1818259
1443228
45300
988617
517744
270051
1837276
895459
1890938
254663
2056510
301482
1027955
2056616
155829
2055717
1324462
1956022
533200
587201
325783
666570
1923778
272287
1865207
129543
982254
2056923
2056947
280780
1670385
1982
1292334
605878
2018272
230168
223444
2033464
814327
2057002
309010
757225
1965118
696853
1574528
8275
159206
2056818
119356
2057220
2057125
1430953
1963403
265143
2057310
593456
1237888
2057354
41985
160186
34456
2057379
100897
45860
320638
29487
3038
2057361
2057483
1322177
898906
1558682
2057508
25802
1935315
19318
2057588
2019570
159768
2057640
1478497
600439
2057725
2057638
249702
1176348
2057705
2023273
683
1327376
947072
2057722
5279
1143644
2057864
46516
1622645
2057689
813561
1213147
2057947
81279
235344
1545173
2057965
2057941
177253
773025
325067
722903
911329
1038
2058245
438709
2058241
2056856
2058233
475702
1019793
16286
989661
2058267
693998
2058405
1613
337380
2055374
2058500
2058521
1605737
718173
42721
129753
433650
2058600
2058515
343891
1626538
1987280
1623896
2058823
815260
10497
2057967
2058859
2058884
696959
1999341
5635
261653
1412409
2059055
123756
438215
838709
1212
1148370
2059289
1216532
624098
1389194
1199398
2059191
1136088
2059251
179294
448961
2049504
2059448
203139
508798
466127
1465028
22130
414945
2059483
208875
2059724
2059797
6823
1787784
2059785
1666350
1613
522491
546247
2059905
2059817
4576
2059843
2059932
820460
2059878
2060039
1905955
2060050
2060108
2060166
228407
447593
1548525
2060268
2060177
1554691
2060392
718085
854818
1766553
1692903
162090
2060480
1554423
761007
1288266
1820
616056
2060547
2060309
471570
1527606
355754
14755
1731766
1578614
811553
382515
1213382
2060944
2060862
2060845
2060967
2060950
1770780
269846
402356
574166
1672
2061052
2061069
2061126
522558
1291640
293691
1235543
972758
2061227
287564
1981711
2051710
2061397
2012722
460598
666280
1571633
712147
1739338
2061497
2061550
2549
2061640
2061466
1562817
1503781
2043824
161738
2061425
557101
1807682
3882
2062006
256484
211418
2062037
2062138
2062129
2042554
686454
2062255
2062188
2702
2062264
93916
2062346
2062342
120498
2062401
1395430
7709
140070
2062456
1442421
1260619
62711
929801
2062444
2062380
492280
954188
1448225
365909
2062697
1934601
1975985
1600318
730328
2062797
2062443
589877
2061
2062732
1308143
506901
313283
12661
282500
1604562
2002759
1112478
828498
9633
2063052
2063072
2063092
363582
351358
2063071
26293
2063121
1131084
166472
1582698
2063187
1363035
412728
167220
959433
227660
221326
2063280
1875521
2063588
2063241
250545
482669
1068550
1340926
135825
1226362
447610
64658
2063723
2049757
689859
321654
1988707
4184
2063966
2063863
201642
2063379
947549
2064023
1865334
2063978
2064120
2064202
1442929
581731
584842
2064226
2647
2064270
11540
2064132
1556864
814310
2064376
2064326
355317
500304
2064347
693156
2064409
2064213
78463
1300471
10261
1004996
2064344
385783
1651479
1001346
2064777
98203
2549
98772
2064653
1965843
356134
2064855
2064276
122488
2422
2065032
2064903
2064959
2064995
2065038
1523516
336684
230186
2248
381949
2065190
1724051
5548
2059201
1286964
143317
233768
2065435
2065115
2065347
1988194
2065249
1807349
1823982
1363221
2065514
2065471
1141190
2065488
446857
2065527
692498
293048
72485
2065455
2065680
2065744
2065762
1795908
1906527
2065877
1625221
144602
1799238
1579094
2065953
1976650
2065897
2065924
123593
1877177
2066054
1913684
322522
1911299
1928014
504623
498043
769926
1965441
462383
1517340
2066231
2060126
2066384
1197281
2066309
854837
24975
2066448
2066343
85702
2066522
1898074
1056607
2066634
1880855
2066540
1056115
1010226
1173488
1824252
949649
2066746
354
2066550
2050
1401203
1541084
2066822
1618645
2066934
4947
1293050
2040339
244974
2066569
2067012
117199
2064081
442078
598826
2067034
2066899
1411829
2708
279162
1266
2067147
1217617
29642
2047836
2067143
1277581
1451908
1817454
2066972
1867221
745149
2067178
205
19552
2065798
2067177
1547209
684927
785423
1612300
2067312
5
2067373
725634
182004
1901514
726794
20831
1781297
212443
1518058
45609
1287848
551521
1025916
1044435
2018682
1321211
468545
1052907
2067775
268981
2067841
1757
23192
1134475
191880
2056135
2063487
2067847
1581161
2067992
197227
1876889
1889664
2067718
1337911
893222
770
1016999
2068073
595205
425668
663037
2068165
2067591
1002045
50
635005
560682
2068243
46186
1854142
1380679
411102
1353509
1023428
686649
2068391
1072986
172637
64293
263812
2068568
385496
6833
5504
2068530
668135
1165759
2068669
2068681
2068388
729652
2068709
2068657
1511841
2068745
5773
171576
1991801
1469327
2068825
2068842
630691
2068909
550280
1877734
1324790
2068970
2068927
709536
2068974
592438
699338
1656624
1724454
1528
2069181
76086
392568
1672858
1672
140897
1905651
2069373
1716361
416905
2769
597825
47159
335141
63062
1496556
1773129
2069421
212451
1493714
1681896
61260
422429
1129859
2069651
306232
589018
1392710
343499
1324079
100445
2069856
819
2069933
2069934
2069927
1483628
2067028
2069852
418311
939238
54042
693492
1057762
23899
2069991
1564559
2070067
1423216
476043
2070105
331
3621
188253
1183596
547616
2070182
90456
2565
626919
17068
2070278
567502
23234
1503234
2069902
23284
12661
70242
467262
53179
1821622
965557
2070156
2070413
2070429
206532
58967
2070483
2070485
460501
2069280
1480957
254835
1736930
1499197
1596640
1304057
2070658
408437
385953
1369856
1495692
2070689
1575463
508059
1471439
2070718
1952108
1453816
12882
1775132
329349
2070803
2070818
1454154
1259851
283908
2070987
192306
2034082
359693
123575
2015305
1402701
441
270441
1369093
106775
8701
324864
2056935
909518
1985717
1929618
752690
1528816
1844238
821152
1959114
1630067
854074
2069059
708294
80421
2710
1521957
2071604
487602
690584
714991
821834
2071654
2071678
13854
945579
2071692
594562
200793
664047
1295177
2014471
2071892
444565
2071953
321612
2072001
2071985
2072052
2072061
1837032
2072140
1315803
1564189
1948240
365046
2072423
2871
1733816
1141615
1407783
766290
2072574
1743697
2072639
104009
2072696
1003764
2072730
2072734
560599
922569
2072526
1050790
1328483
95706
98334
1558569
108680
222744
2072979
11760
994314
77644
115750
2073136
44375
2073206
2073208
2073050
1933875
1839677
1457835
1207534
1053986
1508597
1318142
621062
1774
1998143
36535
1062277
2073459
1942154
677959
986517
4634
2073475
770
925033
2073550
1720204
1480167
953757
775459
2073553
2073583
2073799
2073664
2073521
448449
1751
2073771
2073688
854865
2073907
1735341
1514842
174507
255186
2073240
362570
2074003
1881762
1338933
1522778
101390
1688271
720479
2074075
2073832
2049779
1023960
479490
1878415
2073499
2567
2074175
2074168
274988
562911
2072016
1418724
1350456
1794109
62168
1372642
2074157
2074300
312294
350425
2020140
2074322
1338332
457921
13497
670976
806254
1531461
1326823
335726
2074667
640062
1165081
2074696
2074673
2074396
39824
228555
619961
2074927
1945959
2074968
763521
597250
113388
726397
2075031
2074967
2074871
2075026
669149
528086
2062170
2075003
52326
2075250
2075291
76000
10948
1054633
1465784
437319
725072
437455
580094
2075411
1966793
2075270
611733
2075460
880137
2075433
2075492
13879
1379061
653568
169130
542492
3038
1187083
1717863
1494519
2075579
764452
127249
2075675
331
1344262
1211886
732267
1471216
2075694
414857
2075633
1472352
192230
2035768
2075938
2075800
560478
1078150
2076012
1472258
1278792
1352908
2076033
456448
2076131
3038
279669
1831230
2063585
649369
1824121
2076251
1735753
1411537
1691237
2076279
2076386
1916711
869830
540987
2076509
2076494
2076492
1255613
1616350
767070
