1493
1841200
1496158
1525578
1842474
1844626
1844742
1844751
1450229
1845030
254641
1435725
600337
1846544
2510
1577858
1847686
457354
634129
16031
1851135
1851668
1852801
1853435
1853530
1112696
32136
9809
29946
369413
12139
1863383
1863768
99986
1864584
479561
1865708
1922637
1402925
687035
1980219
1877676
1137962
1475555
505745
2030077
512769
2030150
634534
275415
1955567
363412
1582624
2030233
2030239
2030241
1703596
2030291
1977336
1300168
2030312
1295056
2030320
2030362
2030372
2030384
18736
2030403
2030420
1042883
2030438
2030517
676487
638726
13319
2030505
1080582
2030558
2030560
2030563
2030585
2026662
2030609
2030615
1975026
1551443
1726675
1351667
740507
1879448
2030694
2030703
2030715
1316309
2030740
595175
1818906
1135240
2030771
2030777
2030782
2030784
2030835
744264
1531945
105244
647443
2870
338393
2030949
1163428
2031003
776685
1661
219338
250591
2031067
2031081
2031127
57273
1135607
34596
248439
2031246
311840
2031262
2031261
2031291
2031305
2031344
496927
866716
2031427
2031432
2031450
1968539
622462
1053539
1672304
2031565
1454281
1475
1386618
2031607
2031611
1344973
2031698
87838
2031742
2031832
2031835
627944
2031863
2031873
1986603
919166
1501080
2031879
132586
450701
2031958
1638741
1978769
2031849
2032007
5279
2032029
2032039
4972
1698476
2032078
1114209
699491
1305890
2032091
2032095
676695
2032143
2032109
2032103
1457771
528342
1992407
1750376
2032182
2031811
498672
154278
699698
2032234
2032153
2032260
13834
1991905
1324462
2032291
1586043
2032171
1861931
1389251
2032170
2029709
2032294
1324859
1577188
1710162
1348145
448
788544
236601
2032335
2032369
2032382
693
314406
2032405
2032284
2032424
728235
651706
1642225
1889962
2029602
2032462
1519772
2032466
4985
107611
1867261
1939689
2031383
702933
2032192
913195
2032581
515753
580289
2008412
2032422
1340017
2032592
29427
2032650
1938316
2032656
1513889
2032472
2032668
219554
435556
440584
2032653
2032697
1973913
215815
2032605
86645
2032565
2004411
1444
1819922
2032768
2032644
2032584
2032775
39037
1109054
1621961
4443
2032791
2021192
162644
352273
2032777
854545
2032845
1031513
1212
4184
2032873
1360466
6082
1913124
1137255
2032919
563816
544719
2032954
2032940
1423618
2032975
2032986
2549
157521
340640
2033068
1613093
1684811
2033057
1950552
2033095
441665
2026627
2032864
2033044
2033114
2033144
453010
2033152
2033117
2033158
2033157
1938404
1313174
302898
1347236
1142326
2033201
356340
2032968
113195
1800531
2033189
2021333
1811041
433490
1768553
40644
2033286
630981
2002675
1361499
2033368
960049
2033402
2033411
2033417
1271427
556344
2033445
2033447
2033458
2033378
2033482
902836
1914056
683779
2033499
2033502
2033518
2033535
1787683
2031055
2033471
404116
1813526
1387838
693
1904464
2033575
2033583
2033493
2033602
828526
2033632
1697084
2033639
1404116
82868
405798
402
852581
2033675
1244038
79971
4634
2033360
2033718
2033655
1759744
2033769
156659
2027552
122107
2033776
2033811
2033827
1638379
2033834
830492
2033021
1573021
576930
598808
2031087
932581
2033733
2033882
2033887
2033888
1345293
603099
2033854
2033936
191922
505724
2033945
2033969
2033859
2033947
1759609
2034015
1318014
1068720
2034021
1591466
1870878
2034062
1890392
650616
2034073
2034080
2033558
1210371
2031592
162539
2034098
2033826
2034027
2034112
451293
2034152
1827154
1876344
2034123
274039
710440
1662060
2034036
1162
1965298
1248771
2034232
2034158
125318
2034272
2034301
2034102
946218
2034299
583666
1009119
256388
1959227
2033977
1703814
1573073
1281344
1669790
313158
2034395
2034167
1511337
1633627
1323264
622920
2034495
2034498
2033659
895489
376991
1090510
712582
42229
388274
2034477
660363
2034582
324358
1980161
1325863
2050
1577316
792875
2034659
126108
1923820
357703
40962
1407045
2034703
1704323
2034714
2034603
324827
2033619
181767
2014836
1264445
642094
2034793
2034810
146051
2034817
4657
566806
161804
1818283
2034759
10713
46877
1128575
1852442
2009415
2034897
2034920
1534653
2034932
501925
3028
652411
349735
409562
295281
2034901
1689052
2035004
2027387
2034997
2034417
110324
2035048
362554
1906443
2035063
2035085
1150357
9472
3513
2035115
1466607
135681
1558707
4702
392309
65557
1983564
2035000
1520140
454418
2035157
306287
1306034
2035191
2035169
2035200
1431613
2030657
2035217
2019934
2035235
1019889
2035259
2035263
2340
1281449
5554
2035289
1537783
2035078
2035319
1531399
2034943
518736
4400
2035364
513081
591806
2035438
1966984
2035464
2035400
825578
2035479
1539664
2035466
2035485
638891
2035525
2034974
2258
244055
2035540
2035488
1788481
1717752
676
2035593
413356
85550
1789458
2035610
1904678
232997
2035502
1177559
210152
1240068
2035661
25108
2035691
2035698
1415714
1876143
2353
2035723
543513
1969016
1803
1789662
2020381
2035747
1566602
31321
229581
1322146
419991
19989
1091
2035897
2035764
2035904
2035910
1497747
1977891
1548125
1657915
1463110
2036005
1690167
1476456
1982
432
2036028
160341
2035939
1498389
2035017
703278
1129552
116861
2036175
2036198
2011919
386996
962820
1533620
1774
2036214
2036249
2036165
1393527
62658
1968879
1045861
1007858
2036233
1772135
1595497
684293
2036365
342
2036366
6823
1765603
2036399
410079
201753
1134067
2036428
92567
32840
694615
1454693
1358318
2036521
49331
1757
2035849
1820
2036561
1366673
2036378
2036605
2036607
895568
1525724
2036652
1046055
1137978
97543
1282912
855678
2036640
2036672
1984284
708100
1878797
679436
1797441
130210
107276
479974
615091
434435
125394
2643
2036794
385214
1982594
2036813
85124
2036838
1376599
2036848
2036618
1485390
2036886
1671821
183702
2036885
516973
2036821
679471
815123
2036934
1569
1140879
2036982
384907
2037002
1992436
1942818
2036989
2037029
2037023
1909395
565304
413060
1478015
67864
2037037
1733
526235
2037091
2037110
871893
1877987
1312140
2037187
738730
4309
646465
2037223
335608
556925
2037263
1070734
839585
1002690
1950460
1448898
1674586
1546798
1379514
1591207
2037344
2037279
2037342
2036782
5635
2037348
2037370
991479
1868666
303275
2037432
2037442
1246723
40542
2037456
73381
2037076
1286103
2037474
508128
2037504
213199
1338175
55141
2037429
1839385
2037591
2564
1321280
2037627
1383961
598599
491846
2037657
2037761
2037784
2037728
2037756
2037809
998153
2037833
2037838
863301
10524
2037718
941675
2037867
2037810
1922826
2004384
737947
2037831
611907
584562
53573
2037926
1000756
1899444
2037859
1141469
2038005
2037743
13232
2038021
1513427
755108
679091
2036221
228768
2038002
368073
1541182
15964
2038060
315327
456067
248476
2037935
1968070
141284
2038130
2038160
2038038
2036255
2038016
2038174
2038297
3014
1737059
2038151
1825386
1647275
769343
87314
1471542
1004853
1717898
1970719
1244075
216753
939736
2038446
2038464
1672406
1986611
768745
2038511
2038351
1013062
1494238
1943774
1614383
531534
1939671
112932
1711289
62342
604991
13482
126972
1463113
2038638
2038625
1608592
2020467
2038694
1405689
810901
2024470
5554
2038513
2038575
343117
1896951
2038553
567008
900454
2038808
2038810
2038718
1431279
71119
1341173
295858
2038884
1569
1702328
2687
716094
82861
2038785
622411
2038998
1478374
61715
1458839
1437536
1584451
452894
2039004
2039002
2039036
1925098
428311
1387663
1130078
2071
1985769
1999949
2038819
1557504
2039200
1059786
1688958
659609
2039126
880804
357449
1818035
3071
1376799
1580953
1335985
1575188
2039388
2039368
1986916
2039330
2039394
2039231
1077697
1919811
2039510
223637
1443210
2039518
1364809
2039091
326730
658929
1257155
2039593
1548702
2016724
1386190
2061
547025
2039534
29549
1444009
999200
1969560
267272
2039657
1289977
2039701
2039712
2039715
487189
376422
2039729
875173
2570
2039679
2039704
1252318
2039730
693359
2039621
331174
1939751
2039776
2039788
924891
2039863
2039751
468118
2039881
1716010
1651475
2039896
940548
2039898
988737
1732267
2039934
2258
527306
1377428
169088
1740034
1487579
2040117
1251259
2024083
2039829
814637
2040185
2040216
2026433
951293
2040305
1833847
604652
680528
2039953
1205813
2040119
2040149
2040349
2040359
433
2040448
1672873
1863668
1366726
454068
14164
1924673
1709182
20128
2001802
458580
2036155
460286
2040527
14017
1991578
1636210
1800336
2040654
2040677
531654
2040692
1742550
46897
2040708
14365
2040641
2040764
2040768
732426
165696
1053650
3014
108850
1006
2040674
678009
1107117
1930454
750640
1804039
2040875
2037378
1429323
2040973
586251
774349
1894007
2040822
28352
3003
2041016
1617200
2041013
2040873
2041043
1569
936285
1523871
10084
1884030
2041182
2041192
1065083
802
2041214
1966391
2041058
23468
1756696
2041260
7709
2041183
2041296
2041277
1833674
2041305
311386
142695
86735
1845591
2041348
2041350
991729
2041380
2041395
182908
2037134
2041412
2811
522601
1431991
2041474
2041491
19010
5205
1720054
1935814
2041526
1993210
796859
1937055
129560
2041589
1925295
568852
1542672
65668
2041608
287220
2041588
2020543
2041628
1628059
1071797
2041703
1377820
446840
1923954
707052
378147
409110
2041779
2041796
378266
2041821
2041828
1050569
1137679
611025
2041953
2041891
2027209
888899
2041602
2041981
127639
2041930
954638
417095
2042015
2021244
1286997
2042040
2042023
2042069
1285682
16550
2012858
1062014
2042107
417530
837782
2042116
2042121
2042043
894587
2042162
185889
859914
510997
2042039
1899391
36578
1848733
2042187
2042138
1360988
237902
929902
1089504
2042233
2042269
2042271
1055667
1501932
2042265
664093
1887425
2042249
2042066
2042323
10084
1515386
399941
2042404
717
2042226
1740567
698212
2042431
1932744
2042393
1979374
180568
2041862
2042493
2042386
2042524
2042546
2042558
226714
2042563
2042549
2042598
3797
175024
1249574
576254
2042650
84618
2042631
2042657
1270351
2042584
1582553
20648
7008
2042624
400243
2042712
3074
2042406
2042781
1594519
2042654
2042823
1873832
1322645
810942
296623
1763753
2042851
2061
2265
2042886
398581
1620256
546997
2042401
801186
397006
2042890
1743390
1296956
2042968
2042972
866911
1256785
86020
1204040
2043067
373938
2042735
2043112
422564
444172
2043101
2043152
2042990
2042696
1578566
2043107
456588
1332641
2024675
2043264
2043254
1579335
2043339
2043284
2043352
1423721
59289
2043343
1589606
2043405
2043428
1845206
1147174
388049
1830902
397705
1969051
1924782
2043475
73034
2043540
595723
141502
1948556
2043608
535310
45529
2043617
1418188
761
1478496
2043647
91531
2043692
2043707
899369
2043715
2043714
1333048
637134
1609556
2002448
2043710
2043800
1640293
2710
2043826
2043807
2043840
2043844
2043827
1658800
2043846
2043687
2026968
746445
2043904
1016358
2043862
2043954
2043978
1671459
2043614
484515
18093
201633
2044013
1707923
296068
2043951
31276
2004741
1475209
2044062
1272088
1957191
1176011
9970
2044110
2044085
1390701
2044092
2044056
1715403
1627743
2044167
2044165
1896915
2044204
2044249
1577281
2044239
213134
1817119
292616
1839369
1310922
2044307
2044229
1647410
2044346
1466269
481787
1259751
344760
1239103
2044418
2018256
205
180384
3621
1276508
2044422
2044392
843486
2044557
1407744
2044531
946826
1332559
2044589
395824
2044616
1487251
1147280
29837
152927
2044603
1286729
2044653
2044677
897507
2402
5116
1286524
2044667
2040447
1362767
1328676
751693
585546
1421437
644437
732680
240364
2044692
7945
2044742
1279735
1339403
1372226
27532
1038506
2044892
2044894
855138
1536272
2044952
47745
2549
2044982
2044924
2045011
2045065
2045094
984161
2044983
2045145
587750
2045131
184778
2045064
1984773
2045189
1846914
1956379
2045249
277
992597
1993109
1245127
2008463
266981
745251
2045271
2045322
2045367
1900536
2045426
2045326
1994732
1944266
2045534
319961
2045544
1919380
2045581
2045625
72478
1772644
2045665
1130342
7170
1366320
2045380
1424052
1458793
1434864
1292200
1219439
2045913
2045922
637098
2045958
2045894
39
2045970
487403
195786
1999565
486598
2046052
543169
2045995
1035413
1586082
2046107
2046156
2046069
1358622
2046228
562006
1056685
2046154
1757
2046372
2046373
2046312
1738647
1466690
1001589
1267776
1498807
383576
2046469
1746532
57099
3777
220942
1521536
62244
1307333
1404260
2046620
1979447
144027
404310
355348
399528
2046699
1451155
1390160
215162
2046718
2046738
1585772
1911683
1866269
587337
1941401
2046708
2046762
2046803
1552992
1280251
2046862
1617052
68101
2046948
1265489
3417
88864
2047058
2047067
115602
2047034
57627
384623
242863
435797
1128063
1664276
2047081
1264798
2047205
1310400
2047215
1934172
1970388
422457
2047316
2047364
2047298
1945607
2047402
1591709
1716080
1949111
2047143
2047334
1880994
352331
23560
1282488
2047574
1116346
227657
1853541
1866044
607147
532337
825106
1343391
1580262
1459365
1453884
1839742
714164
1323795
2046970
1882100
671482
2047848
2047925
1925518
2870
2048039
2048061
1415801
1902331
5116
1512428
1170741
802
2048145
624730
2048080
258538
2048174
2047951
441
2048160
1402794
1216545
2048204
595422
1557001
2048121
1977043
2048300
2048223
2048228
2048325
398540
281252
1375931
1652862
1972825
1348383
2048400
2048324
136209
2048551
2048584
2048537
694899
2048578
2048659
2048464
1437491
537500
2048654
1474986
2048669
2048728
2003587
319192
2048756
2048783
285923
103854
2013218
2048806
791416
1346864
1115650
433
639179
2048873
2048874
2048924
298206
1896339
1862798
2048976
2049004
2049014
2049085
456600
2048701
528978
1103503
1975519
578003
2049157
2049214
1602649
1873814
172665
1199398
1498372
2049277
739295
2049315
831441
2048724
438004
1978630
919491
1850088
2049418
2049440
1819792
1519085
1847623
2049468
2049394
1043774
1016390
393
2048950
454847
1005498
1554268
2049430
4597
519392
155752
2049688
1299485
2003548
213449
631383
2049493
484497
2049824
613075
113003
2049888
1675259
1547973
2049893
288765
2049905
535657
2050060
1371535
2049840
693
90447
395653
2049937
1536126
1587780
1555909
1949277
1328820
358086
529356
1542639
1292832
1914783
1620934
2050405
2050386
2048262
2050444
654938
2050073
2050551
2050559
666190
1330871
1404316
12368
1956512
2044823
745561
2050641
571420
2050661
13106
2050727
2050758
1461996
1927463
772664
734017
274971
1557323
943339
2050830
2050810
1558226
1441140
1580657
2050880
1893967
2050894
2050920
1298128
953774
2050966
2050956
2050979
345578
1336960
2051078
2051072
2051087
2051117
277148
2051154
1587311
339131
1815370
2051155
2051201
2050933
2051259
1948734
2051255
1491346
2006196
2051336
1024147
2051384
2023722
306352
2051416
1285233
1410389
2051464
2051484
2051542
2811
1547975
1492983
2041909
562032
2009561
127279
2051701
2051706
2046959
621582
2051693
2051795
2011411
2051832
2051805
2051899
716991
1914833
664205
171101
3003
1402942
2052173
482378
491297
1293346
1385250
802
120339
1387229
441
1942332
2052285
2052438
1336097
2052419
2052459
2052277
467907
231799
228474
1387836
1901118
1861759
1380388
2052693
2052680
802
1643093
2052928
1934951
2052987
123591
2052986
1273271
1604623
4042
622785
2052762
1997249
2053138
2052961
1634297
1792653
2708
9774
2053289
1732953
1937868
2053371
2052979
2042771
2053372
2053277
1964662
1799061
151265
441
10750
1562434
376058
2053543
1033015
212743
1340247
2053697
1261492
2053707
1805066
895907
1504567
1539933
2053773
2053788
269092
1847400
1953755
1118350
2053899
2053836
1733061
169705
2030109
1798425
9905
353096
1304397
126240
1785626
2054029
271007
1554108
653793
203300
71326
2054291
867229
1344766
277
141488
2054154
641795
651055
2054445
2053564
1306714
2054524
2054286
1899294
960019
1526317
1590837
2054629
2054655
710480
370121
2054733
2054668
1013
2054822
2054906
1287822
911329
1502235
918
1875603
788975
443885
1397096
1982859
942367
170674
2054529
2055270
2055164
1941541
970834
47640
2055358
11710
701159
527075
2050977
1302890
2024795
2024004
1190144
1957782
2055471
737956
2055647
2055688
2055319
668681
331
340094
1322817
886488
1566242
2055850
1333018
2055952
2055884
1767931
2055873
17777
2055897
1625569
2056088
1877695
2056039
2056061
190330
320354
2056184
1996205
603645
2056172
1427328
2056252
1419596
613101
1650703
65435
2056402
1837276
1743137
2056491
2056502
1038
420262
2056613
2056624
857563
360414
1466468
1368824
2056733
1292334
1390764
1120049
1615436
2056857
2056863
2056934
310510
605878
456750
433069
814327
2056951
2056999
2057063
1733
229656
2057046
468344
2057143
2057093
1430953
1422232
4719
2057213
29487
1359039
2049764
2057327
853536
483104
986286
1688113
1483532
1779931
2057373
2057485
1728726
2057242
2019570
2378
2057549
600439
14350
9401
440694
2057705
2057699
2057805
2057808
2057823
1213147
2057848
526048
2057923
21964
2057941
1418986
1545173
2058019
2057937
1404499
2058086
106311
2058143
2058148
1202
2058137
458457
2058259
16286
1751113
1820
979240
1820766
2058428
2058484
1616010
2058547
2058689
3743
2058742
4706
1411225
2057967
1649
1038
1623896
2058684
598124
1539247
2058933
2058645
646221
2058884
2059001
67775
2059027
2059003
715450
486447
1512377
1441904
2059108
2055411
2059245
203139
1493235
1611732
1418724
3817
1923082
712853
450436
293496
1535802
179294
2049504
320926
2059438
1909682
2059463
930896
2059577
2059578
1993538
540080
1925985
2059734
915509
1934079
2059818
460326
1460740
2059944
514941
1123942
940333
1532758
2060007
1940245
1453831
2060108
2060112
2060177
515497
2060240
993448
1961149
51599
972974
2060357
1027662
1865449
1288266
854818
1418730
1820
1837
628460
1212876
1897995
2060611
36638
2060704
1731766
2060860
1575055
2060694
1773966
2060903
2060633
352720
2061059
2060953
908374
2061178
1814182
2061205
1441780
1235543
1668876
2061238
2061215
1557232
2060907
1922260
707867
2061259
2061336
2061069
2061361
1708857
1884323
952
2061527
2061425
1793031
178979
2061617
1562817
1837686
1300160
620479
1600735
2061766
2061814
301282
2061835
2549
1830645
2061843
2061908
118971
1415722
211418
2061983
247316
2062159
1173086
2061811
1930702
1547096
1149420
2003992
757106
228381
2062356
688595
2062346
120498
678467
972813
1985660
2062298
676967
369455
2050492
7657
2062548
439232
17034
2062705
1600318
1874624
589877
2062788
2062798
2062865
174348
2062869
1604562
492280
1751
620647
2063107
953689
2063138
2063121
117853
959433
1131084
667651
2063223
2063280
527032
664775
1650768
1886111
2063402
1404470
2063616
1907514
1368314
1315756
1340926
2054805
1936765
482669
940723
1607052
689859
997036
2063656
2063771
447610
979473
2063601
2063765
408343
1951835
5154
1673861
2063954
2063980
1388676
891179
124025
2064080
3817
61409
1237127
1854945
1602467
2811
2064236
2647
1939076
1511600
92259
1453210
1267713
1817515
2064484
508080
1337710
2064571
2064344
2064635
2063390
1241174
2064684
2043315
1563502
385783
1374088
2064855
1807349
884637
2065018
207347
1617908
1653194
381949
1820
7194
1431284
1913408
1490659
69691
316383
1715335
1872221
2065342
2065509
1656495
2065471
191674
2023048
2065527
446857
1767461
1402459
2065636
530912
2708
2065610
2065249
2016637
1455871
1226219
1589486
671601
709
439240
2066016
359996
1395259
553212
2066103
1911299
13879
504623
2066188
1923343
2065844
2015355
379152
383340
1682539
1528320
1919824
1931530
10084
1173488
210379
354
1167372
1784647
2066757
1461116
1054339
1325495
2066799
433050
1342600
2066929
2066900
1543728
2064081
1341162
489
2066995
2067056
2066972
618650
2067050
205
1050603
2067171
296993
2067241
19552
931067
1697097
1624693
1147981
2067350
1760927
2067333
2067502
212443
307078
802
1995372
2067641
2067665
2067640
713564
2067775
1946563
2067816
2067805
39244
1134475
492351
2067718
1889664
412449
1940089
2067974
2068024
1411514
707314
2067986
2068073
2068041
1732123
2068160
105680
663037
2068179
1067842
736876
2068277
304245
1380679
411102
1140834
1625629
2065779
2068412
2061
2068391
1072986
2068612
1640874
5268
2068695
1724454
1469327
2068806
1561698
2068636
1113549
2068719
2068717
288996
1413431
2068820
2068974
2069027
1579755
2069043
2069045
1374821
158066
2069157
392568
2069193
2069240
1672858
2069239
794289
681782
502045
990205
1646989
2069289
1531461
193776
416905
2069231
2069430
335141
2066094
630459
1183325
2069614
2258
1365203
2069774
1047316
43573
1324079
1434774
1392710
2069852
2069878
819
2069913
2069825
116471
23899
420912
64638
2070034
744245
1950961
9287
229391
2070077
2070083
7741
3621
2021718
2070126
7049
2070182
2070225
2070302
1888647
2069902
23284
1886222
2070413
1494024
507552
260502
1659896
1236
467863
2070562
1260485
2006825
1662
552480
2070611
1148587
2070644
2070658
1848776
1471439
633856
729648
1952108
1672737
2070803
2070814
1569919
2070883
296302
2070924
2070844
5554
2071013
9982
1485959
13991
718218
1394020
261333
1910205
2071093
2071158
2071275
1929618
850
2071341
155898
1959114
2071377
1602108
2071543
743001
690584
2071659
388032
1569
1036470
1678214
2071781
2071841
1424677
1105147
2071892
4184
321612
2072030
1162336
1938341
705857
2072051
2072061
1091288
401502
1948240
1275249
87924
11187
685795
77264
2072169
1141615
1852766
2072526
2871
1635590
2072574
1355951
1508421
1733816
2003552
2072677
560599
2072791
153144
2072842
1698205
1378887
2072849
2072907
1508292
1031181
2073056
2073131
1457148
1933875
1508597
2073350
1774
677959
925358
2073459
2073550
2073521
2073575
4538
2073623
1506446
2073669
740091
2073732
2073664
1749136
1264676
1881762
274509
2072007
1023960
2074128
97599
1328688
2074137
2074183
35956
649805
2074238
2074157
2074249
388020
45019
1195509
2073657
2074409
2073830
2074461
1426983
1142956
2074505
670976
2074673
1688464
2074867
2074980
2073652
2074978
383914
2075003
2075028
56917
26928
2075184
758375
2075073
725072
2075154
2075433
2075478
36101
2422
1424670
2075543
2020387
1430010
2075677
1321211
2075678
2075733
277
2075579
2075743
1118715
39911
333310
2075954
1961205
2031946
1831230
1236789
649369
1897019
583331
2076271
869830
2076328
609665
383498
224
355313
603525
2076627
2075115
2076679
2067122
971757
863893
1622433
2076787
2076769
1777895
1151012
4902
2076915
636051
1765179
793754
392355
1342019
2077197
185261
1621401
2077292
514941
2077157
1621344
6515
1640309
2077356
2077463
1907778
1613515
1672
1773400
1633840
2077604
2071633
1964213
1365040
1415630
509873
2077830
1328546
2077931
1147948
2078059
2078049
1916569
6430
1349504
504499
2078123
500792
216625
2078247
965371
1562137
952
2078392
1053972
2078450
767349
1953572
2078667
2078669
1812817
2078774
2078777
2078801
2078773
32268
394542
320984
1082259
1489775
2078978
3
1991895
2079099
2079102
1791606
2079138
344149
2079214
1688564
1953958
989223
465823
2010983
5585
547374
2079347
2079363
2079447
2079136
2079482
2004758
188970
2079551
1983872
1366673
1617673
1641630
2075301
1902687
99212
1842316
1956463
670007
615147
2079951
2079891
1186850
2079729
2080103
413503
4972
2080163
2080229
1577760
1439
27120
1371007
591018
59352
1435683
299
1662
2080348
3550
2080392
717
19539
1140348
1557997
178903
621867
2080519
2080658
1279687
1574297
1650045
2080956
2080970
1245330
1363216
322233
1108655
867131
2081128
1357891
2081113
740323
2081152
1933856
1099676
2081252
164138
1506629
876354
922562
2081478
