1838063
1838600
1839569
1841365
1527550
788421
1844071
1848949
1146824
1849034
437068
765046
1849759
1851051
1851141
1851370
1851418
1194798
1859610
1859837
292019
950469
1504967
1862111
1863381
180045
137229
1418835
84406
1501322
916269
1571969
1870459
1778498
69578
1639585
1908774
1909833
1915210
745134
728837
1330064
316611
240792
1252526
549447
935736
523750
1530302
91289
481246
1930613
1930796
801330
1930886
1931065
800515
1837155
1318851
1931611
285030
1006574
1932076
277
1562969
1932381
1128244
180951
253905
1932813
1244875
1933089
75241
60
1120556
1933715
1456795
1934368
1934463
3244
71049
1934585
1934651
320909
1934819
1579879
1934993
935604
360293
494666
1680328
1938491
2687
1939772
1205260
1940412
25367
5754
1941190
190382
1216314
1791807
1150592
1943391
1797935
1943993
1944020
1944196
1944202
1944941
221152
1945440
722199
5
1945960
1945980
1372380
1947134
1947695
610982
1948372
1948442
1948507
1949621
316425
997021
227661
1952530
1955184
1956323
315659
1383623
319935
1963472
1964276
1964591
1965481
1966425
1968267
30646
1430
1973969
1974689
174794
1731474
1141217
1765212
563146
1986231
67125
594755
1987143
1950246
85328
1987070
1845901
1986915
476623
639
1987250
1686060
1731814
1974055
1763990
1692581
463799
1987356
1987342
2318
736100
842898
423482
1987502
1796897
1987246
1640510
1986586
1602704
1148813
1987525
1851823
1987528
1987558
1958490
456067
198987
94408
753874
1574269
792598
1986222
395932
518489
924650
1987698
478164
222594
1170161
664507
1340091
1671416
1171104
558666
998251
1987877
980241
1622090
1987906
1987681
1752829
1987810
1987953
689846
1987985
1054202
605963
1987886
898637
1147692
585305
816166
1818827
154868
112522
1045786
445017
1988116
6579
1988214
1253230
1988227
1988144
1674984
1275284
55020
51273
1988265
1987234
1988273
1988236
72378
1327959
106270
1255246
1988340
107521
352034
1011552
1988307
678847
1988447
1988405
279176
13834
384064
290409
690
1988531
1124510
206934
1659670
1976241
72139
1782496
22443
793571
63749
977127
1988711
6257
1506435
1136055
1988650
1211239
1988455
1241762
1988845
1988475
405594
122456
1988782
1986603
1893462
1021376
1988889
1988896
1988731
1988831
1988961
1658692
351561
954
453161
656024
1988997
1989050
405490
1583039
167263
1988989
858855
1988938
1989103
1989156
1989122
1989173
1048508
1712124
219460
1198471
1989178
1988967
1690629
1500097
841166
1989211
804616
1989298
26692
1510977
18261
1779298
1344238
1989105
1845591
1083296
602058
283220
1989313
1989387
309421
1989332
1989453
1989454
939598
45436
1989503
1989520
3302
1989580
1863214
1989599
306912
1846544
1033570
1989186
1454586
162712
750962
5154
1988999
1757
978196
1355063
105172
426638
658547
172933
445534
603989
402
448113
1989879
1564114
1989811
1915308
1281705
1350637
82270
1907656
269686
1990003
1990022
227095
320599
1569
312217
1316605
116861
60546
1989504
1334558
1989436
1990130
650740
1454573
353632
1351172
1972030
197926
47474
1990220
6919
689317
1990025
1016035
569541
25677
1497397
1990311
1990260
1990135
1351373
1990290
185835
30691
1990318
1509010
1990358
415264
2811
1688924
1988781
60788
401184
1990390
1334997
1658306
1922845
1076641
1562434
1990593
2378
2236
1989814
1990669
380834
1990700
514466
1990620
34134
1115414
1990777
133241
1975895
578785
1990869
1990797
1990939
128283
304176
1928670
1068483
497830
1990997
1644352
120469
724719
528113
649790
350612
1790180
1990730
390215
1009219
1991144
1991096
1755864
866709
1060584
1507664
1991246
1991086
1087131
1991223
1068
1991250
1991320
1461810
742834
1991352
1991284
1573
86153
439258
39356
1472
1991370
309616
1991338
576818
641312
531268
232603
1493
1258460
1991275
1754725
429207
1991514
1938220
1950944
904241
1991396
1991540
1176716
1632681
1375193
1301725
15490
1512808
410300
1991472
33144
1991578
1991417
1991651
17168
328077
1706565
1072219
1698920
1728606
1619798
1991700
1262471
1346263
1639637
1830020
893760
676055
647670
1298080
1337183
1991845
1991808
532979
1755446
135117
1854626
1991786
1458319
1203673
1966300
159858
1404168
1991895
1990874
1840570
173892
1515435
1263
621708
1992059
1613112
297254
981537
1992128
184931
1991745
690922
707075
739477
1605029
1014497
1991964
716545
5694
1992118
1597633
1991186
1991857
1269379
222634
1992312
12642
1992326
1992302
1992267
1751
1606108
52089
160005
1992384
1784101
1031615
334579
1407100
1926899
1066512
1992421
932826
1992236
1992490
1992415
1992443
1992606
1992432
1791952
1612235
1992695
1772010
1992588
484422
1992738
1992688
1650288
1992662
1992887
449568
1992896
1992789
1992963
1480389
1993056
526182
1992785
1401650
1993055
1426707
53693
34406
1244711
668736
1707463
73691
1475892
121175
346495
1993227
49686
12177
1993269
1993275
1992939
1991360
1992382
1531670
175693
941456
363096
1322170
7489
8974
367493
20051
1608748
1992857
288448
727113
405215
1685
1993416
1993404
1993255
1517083
1582584
1993519
1259028
1993601
1993645
1993033
1889
1993621
922056
1993258
1181574
1993770
1970442
1111635
1993737
1993489
1752867
749563
859565
190521
1993835
1779823
1993557
604652
805159
1993783
27132
1993760
1308783
1495875
1910446
1993937
1993941
1993894
336890
1994003
1951532
2178
1113635
917975
1092776
1922956
1994110
1852157
1993972
566806
1993597
612148
1994142
423698
6952
1558020
1994029
508244
68141
2710
1190908
1514283
1204927
1202
1994019
1586613
1994300
250300
1589007
1994307
1924619
444041
1994280
1251856
1994406
341561
1505901
98422
1994447
54358
310963
113318
1430024
13106
822083
54676
1912054
225265
350389
4059
978334
1994747
1731166
631126
1994921
1852834
8613
768660
954560
400207
168428
1808905
1956080
278746
1685312
891893
1995096
1995248
1995202
537113
1051723
1995346
1954899
1635176
13876
1995210
319334
1742263
145164
241202
7362
1994439
1995556
1995499
1839812
1995147
625894
2708
559943
1995634
1565642
1995724
1995608
1995714
267777
1871346
1961529
1536270
1995880
840122
1995900
700179
307669
1050704
220154
888540
591360
1996022
2549
1995514
1995172
1438054
1135419
1995927
370604
116617
123526
1398385
1330436
524755
1588452
1013249
918
976430
1996248
1832457
1996492
159819
1996501
886842
767304
1071926
1996644
1995676
1977135
1995102
1207652
310776
1996771
1996444
667413
1996717
1492323
1140637
620149
1044193
57071
1996602
1008861
611591
1996805
189858
1996960
1996902
601098
1995281
153642
1996877
1997012
1330398
1996777
1997054
1897061
1435236
1996353
1984029
72409
1380412
1771640
1472111
1997052
1997242
12939
534232
1997334
1997261
1997113
1226147
1002162
1077551
1997258
1997341
132765
1535396
1997477
1159668
1943138
1622242
1913242
1997627
1542530
1170891
1544271
1947735
1497998
1294243
1997628
1600255
479974
1997782
1729393
547373
872234
1997771
1564849
1697384
691120
764216
483261
962677
27566
1997851
1997924
27202
1849279
791267
1923583
1877119
231396
487893
1997932
1162174
1300674
1164831
1998267
1815391
159283
717
1998210
1985791
723973
302173
1907078
1168456
88666
437018
312840
9775
1214041
1876673
1998355
1998172
1997683
349403
1998683
1322371
1998616
178422
1285187
536329
1998642
127969
1998757
1998691
1974013
1998677
1998862
1996290
789336
71219
842340
1887609
2615
1802563
168116
1998839
1134012
1999040
1998976
383447
331
1351844
1999075
1998985
9910
1999052
1999006
203139
1999072
1828605
1999222
1994920
1999385
3470
1999495
847173
1112910
289751
1017674
1996234
1977043
1390876
1664852
95852
527503
1523464
1392147
1999446
832278
82277
1999377
1421012
1902185
1092587
1888211
1989055
301350
1999758
1999856
1999879
1613
458858
2327
224103
1847071
680282
1013058
1139865
4323
742321
3
1998306
1076766
2000107
1909191
415250
2353
428146
1070901
1996164
435421
975738
1462391
2000215
1712181
1308682
3045
2000275
1602849
1604643
833885
392770
1802027
2000159
228538
1999949
1719578
2000547
2000558
2000383
2000543
2000573
2000452
1969560
843247
686265
802
1405220
1873705
2000611
2000708
2000747
1903220
2000684
2000651
2000820
1923779
248303
2000855
678190
2000165
502321
134274
1310716
1955795
2000781
233518
1873396
2000975
713
2001070
1348518
168288
265811
1408884
2001002
2001089
1311565
57784
732760
90252
2000902
524347
632396
87172
1631300
1073478
2001080
1627979
1674226
1713798
1238184
1466724
2001331
148404
701087
2001354
629871
686469
50770
82329
4439
2001297
2001377
2001391
769246
2001267
802182
699165
220249
966785
543853
651486
867772
95581
2001527
2001516
1234660
2001441
502744
2001383
1503523
1360435
2000000
51513
766761
220288
2001547
2000246
1721958
2001498
316251
1582767
2001738
1856154
1904744
1199285
1853822
2001717
2001802
5
2001801
597561
1499750
388209
207177
339883
2001902
2002066
1999921
433959
2002041
121410
2002067
1885405
2002022
3365
2002075
191525
1293693
2002189
1295616
504930
129425
1025964
2002256
5154
170889
2719
1422717
1995056
2002262
3041
399821
2002359
1046286
2002357
2002427
615120
135709
2002433
1557066
234692
105766
1070672
494684
1998996
532105
2001873
2002561
1107706
1615588
420124
637869
2002589
437161
107666
196734
710766
2002702
812798
697459
1884549
727930
1639837
1437159
420332
893806
2001411
764130
2002766
85080
284323
2002665
2002900
404336
2002763
1530284
2002788
1446459
1452278
1316200
1842487
15947
367247
1906965
2003111
1109588
2003009
530700
2003042
2002932
1395000
2003198
597466
1909799
2003231
2003101
1935695
1625650
2003276
2003384
2002577
2003305
2003315
2003201
1550567
601126
1847324
2003479
2003477
88277
1656455
1720695
1428514
841495
218359
1556581
2003508
1534216
606667
63804
2003552
5703
2003564
1682007
43328
2003376
1669055
690313
108645
830935
26900
690087
550004
1545713
2003827
743690
1861719
176435
1786102
1390986
2003881
1889633
843654
994672
450528
2003975
1466765
1605261
2003887
591828
624239
2003990
1469935
2001576
59609
88592
2003335
889587
2003960
2003199
1674608
549824
2004157
649760
1497474
691686
2003997
1629
2004287
2004216
165696
289847
86067
2004315
2705
789737
1320815
950093
6391
780818
2004402
372965
1160215
2003252
150411
496767
2004439
1631924
1929054
1282480
2003833
205459
28991
2004515
1812640
111093
1955903
1246069
2004639
639715
2004153
220339
1490811
29070
350473
2004737
1932192
829743
1118963
2004748
759154
11710
942045
2004619
76612
752909
5
6257
1402794
101987
290517
2004584
183603
183963
651843
1142318
4875
1628092
378564
2004997
2004896
2004755
1360125
1977441
2005048
2004964
282577
2005029
759940
372228
1017804
2005091
1988884
2005039
159456
1997493
101109
2005094
2004931
2004859
1541412
1401178
1973744
16513
456274
2005224
136988
654881
1445267
2005284
590141
916338
2005331
2005092
1898925
38087
2004990
1166672
681547
1501507
48483
1364859
2002356
760098
829779
2005435
2005506
2005391
1053566
148654
258921
1261552
1051836
2005427
512739
2005635
1873247
755757
2005522
2005672
2005674
382755
1841256
1436291
2005699
1134901
3743
1605618
24335
2005780
1979973
2005702
28181
370472
1573073
1379059
1049579
2005510
1929396
1952834
2005874
821360
438004
949201
1928578
523195
166450
2005944
660475
2005826
830487
1717708
1876948
2005893
1926953
2006023
1634367
1757191
2006061
796682
547398
1440369
1279530
2006176
920881
480907
94425
250369
631446
530547
1330414
12946
2006261
2006366
1791817
40249
554175
11918
33578
1820
2006453
7945
485
1827044
2006425
143220
2005884
2006611
1385106
597917
2006644
1346605
471283
444373
1587165
222249
3074
1891072
326511
386927
404884
678
1972176
2006065
2006737
1537095
2006633
1330
1994298
1146116
2006772
1051497
2005193
1400468
56371
2006825
42589
55559
394773
2006926
102255
1973083
2006884
683864
10713
756796
504332
349952
2007036
744605
758625
1811588
2006852
2006974
427585
2007142
1150822
1489309
2007001
2046
1596111
388281
716044
5279
217188
955089
35411
2007273
1976039
1349060
949473
1389937
695410
178377
407645
388809
405288
602862
2007347
1609314
2007362
2007364
1882078
1099669
1609276
64401
2007418
434049
2007440
180408
7657
2007456
2007491
225108
128143
963330
2007547
1300249
1751
26479
1188915
2007542
1733
2007615
26353
1491646
1925316
1171538
839985
119137
362512
2007495
2007686
1917905
63567
2007532
515626
2007744
2007801
427767
1900421
2007834
2007829
1980386
80617
34231
1107817
2007864
807507
1959000
29561
2007891
1929938
944907
359203
617675
2008080
107144
2007961
621752
1210969
346653
1877695
2008155
202895
2008164
329780
2008208
986732
2008210
177361
836776
56527
2008228
1003834
511826
666190
431641
57087
19320
454847
336198
1528
1201784
2008445
68494
2008385
845838
2008460
10097
2008454
204370
2008468
339904
2008496
2008388
2003421
1296001
2008523
392881
446530
42385
2008593
1557570
147108
913741
2008120
2008597
1672929
2008674
644630
2008669
2008247
2008671
4323
2008692
28020
1091182
3038
750539
2008741
628164
2008758
2008783
912279
1344529
384414
2008743
172571
52363
427329
693
710870
293378
383455
2008858
2008899
2008933
2008896
377744
1639814
1702749
2008916
1984586
2008814
520096
378122
1776034
757974
1759405
331
983002
1847956
445911
677495
1853766
2008984
1132755
1006691
554514
1109673
850883
226560
1956512
431100
115435
2009059
2009210
74332
1280922
2009246
2009176
2009306
2009334
2009247
2009304
228347
2009313
1557974
676809
2009336
3550
1818283
124257
1035614
624194
2009382
29687
1058160
690836
2009463
21201
18060
957432
1590111
31640
2009498
86205
1614569
1314555
1672
2009540
488739
412449
1832708
75912
2009562
1739043
487914
1381391
1318305
3
23982
838106
1199195
1001758
2009658
20385
527807
2009666
1271239
1795126
1519750
1506566
1887045
475264
2009794
164153
1814903
1417620
383783
1662777
2009326
10400
2009840
2708
560979
1774868
2009895
1801552
2009936
421923
205
644262
1487861
117062
1409952
1410084
2010011
533441
1325077
26572
2006544
1852051
1886986
1604125
499816
1800683
1886535
1275244
683278
2010224
579129
2010265
783
746873
882538
12914
1649984
2010311
2010295
9315
592731
1819460
1528
1696153
355032
2010373
1888768
594645
1132467
1905491
2010394
2010378
2010446
852283
678918
603158
1980178
5790
481807
938806
1433301
519607
391306
773259
33291
2010573
2393
2010617
1504
1508346
752654
922752
87818
2010676
2010670
552450
675104
2010683
1647327
1440170
1307381
735968
1548595
2010827
2010722
1761438
1543170
2010851
2010719
1505734
2010897
1872866
237257
2010854
1593437
519350
2010950
1389764
1713261
2011051
2011040
1398515
53573
1065642
594816
107396
2011160
458224
149783
385895
1009815
1497829
86175
1789484
2011389
1493849
1814001
2011496
2011639
1658547
23088
2011594
116243
2011674
4323
759247
2011747
1052079
1402598
3944
231576
2011755
1183944
2011835
2011847
979372
2011919
757153
2012001
2012008
942
543541
19530
101101
2012034
2012150
2012057
2012144
2012101
2012178
2012157
2012183
2012152
2012238
86830
2012175
2945
2012280
1835540
430826
621140
227089
206865
2012364
1509087
141323
2012389
2378
2012126
1754013
2549
2012424
1925256
652115
1944549
2012455
994392
2012472
10238
2012493
128107
1083197
2012450
937658
2012601
938818
2012353
2012681
2012722
255192
17309
1934712
206136
2012728
2012782
1714298
1623642
672353
2012813
379358
558511
1722782
2012725
2012938
1932244
205733
1578864
821156
1976199
1392464
1177351
2012948
1548851
1135742
2013126
1596059
1310956
592070
2013267
2013163
2013297
2013321
2013349
71774
1793310
311138
426098
2013306
2013316
2013066
665325
425279
2013514
2013502
2013545
2013567
286866
963188
112143
1659696
2013392
75541
329833
73580
1304397
2013704
2013464
328033
2013712
241169
1888183
1484565
510879
1392061
1886107
2013949
1748028
1381912
2013764
201440
1982144
1073907
2011950
790318
1750250
2014077
185383
2248
915120
2014087
1685815
1605665
191998
556423
1338175
436653
1560786
773623
17616
278254
5205
2014285
597044
516297
2014352
127983
1856870
1511439
1325997
1921715
2014556
2300
2014557
34422
1323354
559283
2014660
2014499
2014548
334181
1838741
2012888
2014721
527413
124178
952
1022044
1419438
1771883
2014817
675693
1851063
81552
1938939
1007518
1489366
1469857
2014788
1321126
1470961
465
364154
5356
1503086
422846
2014693
844301
360978
1946536
2015126
408232
20824
1514978
1503922
2015149
495692
1910532
2015066
717
2015309
1307100
792042
33528
2015258
2015131
1393964
1618154
982646
68435
818442
238058
2014178
1789699
1615500
1807551
2015489
1940720
2015464
44023
2015326
508370
11704
2015508
78227
504572
2015449
99490
385937
1992022
2015713
2945
76138
2015039
2012880
773629
1979388
163093
1906
1819700
196613
539251
1947064
337752
2015913
1524759
2772
1930510
1583256
760256
5902
2016028
2016069
2015845
1570516
2016094
13879
2016014
303863
717
50117
1250468
1413925
2016230
2016027
6400
1663194
840898
911329
2016250
1732953
2016311
748708
2015376
2016295
2015694
997014
579715
1865477
602868
150323
569666
1968356
291298
1357197
1517751
2016614
1998946
910919
152064
1517152
2016613
1619103
1477159
2016683
1471
262312
2015877
2016670
2016681
4311
116684
6725
2016719
2016724
2016792
224745
154336
500255
2016900
985656
735058
2016151
2016935
348352
2016956
545552
1356523
2017044
1952146
2016790
751225
2017036
916273
2017009
183096
2017147
773589
1743631
708043
1176340
2017047
1777895
1831625
205232
996244
717
1435910
1140879
775993
2327
661189
386122
437966
107991
1319497
1064958
2017205
1940696
2001114
2017405
1475602
2017227
1393995
2017527
1020007
1515865
2017628
2017598
1786412
16122
260266
1086179
1567944
2017719
1269397
235582
88016
1520134
180783
2017706
1757728
419092
134224
592012
1073895
1968957
2687
49251
1482955
1147981
318164
937249
422098
627823
1046104
1330770
16110
2015479
689262
981469
2018164
175536
1948099
651938
869187
1253207
2018202
163989
2017468
178903
72963
2018285
1732895
1329317
988362
2015834
2018225
1878626
1955697
136339
2018413
1790109
2017589
272386
1895205
2018314
2018340
674075
1252196
1762542
233350
1205813
2018140
2018585
1650032
1942226
597025
285233
2018488
634457
2014369
2018682
437772
2018703
2018373
2018645
2018640
2018635
2018788
1668197
587227
50142
1961501
172008
1404408
2422
460145
254117
2861
2018961
2018987
2018572
116575
812
1082645
2019067
2018979
2019002
55399
205844
1950037
938278
1488301
1989802
2015021
598632
615143
26644
1141974
12372
1313729
2019118
518570
225196
2019243
508080
527288
408960
2019376
1988513
2019357
1732578
1501032
2019473
783874
2019315
2019508
2019482
1872412
1862469
2019442
1667495
2019512
363957
1888107
616745
314736
164128
43588
2019728
430882
2019570
2019731
1550878
2018777
4702
1698077
2019788
2019667
897142
367831
365670
610978
2019838
112330
1938527
898917
1771167
205453
1150409
2019812
1672736
2019248
2937
674337
3
741807
1875430
230748
2020007
2019922
1569
2020024
1633529
1789662
1936044
363695
2020036
10705
2020122
74745
2020095
2019934
1359952
2019925
11762
925711
436871
2020131
1470825
630523
892667
1064779
1489517
580483
13275
1901594
1882548
1568678
867671
260301
4311
142052
924212
677576
2019530
2020459
1270464
3777
2020546
74453
1940321
1056574
441547
763756
2020586
1978665
602848
741887
1937941
2020644
904003
611272
2020681
683789
2020519
2020477
2020769
1391949
234209
180773
1948222
2020209
1728605
1960691
1446034
1259159
929506
603963
772902
515597
217550
1614286
327563
1918405
1672285
995881
436409
2019469
846930
2020503
1885569
2020958
167517
949858
2020854
2565
421725
2019628
2021310
1442805
877314
353952
850410
167092
2021174
1586095
5642
1927687
412619
1166590
1209716
1147336
2021343
479023
2021155
1958087
2017263
2019914
3470
492025
433
2018689
379299
1519297
151610
48486
1266
2647
131903
843859
1715261
2021773
2021017
1324961
634517
412843
2422
2021727
935191
1691054
329981
2021867
55990
2021410
683458
1903416
1131818
2021719
203757
2021658
2022015
358064
2021722
1941967
2021920
1124023
280271
1829759
2022014
601438
1303799
2021881
2021893
2022197
1273047
1380754
2022095
1359821
38170
752029
2022329
1822983
1630167
649834
2022370
2022311
1976401
1138916
239526
2022448
913459
1346746
469836
236786
1965485
2022317
1902529
905833
1790297
2022349
20426
2022450
1965469
1868617
1430130
1621839
1620043
1271553
2022773
752962
2022479
99557
628366
2022727
916082
963452
1050804
541456
2003668
440464
2022791
2022486
762671
1511337
672835
318539
578302
633860
2023052
2023034
43044
1727882
1799812
1282137
2023001
11276
2023173
102860
2023290
722558
2023037
2023232
2023326
1810735
338528
205044
272494
556381
2023443
2023376
1856520
52344
2023361
1505189
2023502
952394
1266306
2023528
2023482
1858773
57363
706713
2023483
1472974
1645859
1562043
2549
8745
2023726
1820553
2023484
2023741
1625344
245911
2023650
993483
2023815
2023704
513181
2023811
2023655
381071
1052103
773025
2023889
2023970
4958
2022798
307264
640075
55121
2023953
277
372417
637158
1240137
1331977
3513
165730
2023878
1704548
2024211
2023463
934566
402510
93971
2023638
322540
1440150
570446
1328512
506107
2024125
2024314
2024263
875498
2024371
2024370
27638
2024482
1900230
411946
2024486
2024459
130778
357978
16031
1044865
191674
1006266
2024607
786862
1429059
2024614
1778257
869171
2017897
763267
2024657
152647
795390
2011485
2024889
714658
1329936
71544
1569
2024845
234591
66330
663803
287462
449632
797919
2024915
784758
2024960
1838719
2024266
810533
1875729
1820464
1402131
1048001
2025160
324763
2025042
208690
772124
901345
2025122
2024795
744514
2025336
2024822
368617
1725465
2025385
756983
643136
8701
8701
1912098
1969468
1143249
2025067
2025417
261878
480033
2025448
51733
2023344
2025485
2025570
1858179
291936
2025453
2025516
415030
88389
2025550
46897
1817486
885132
1855468
2025589
1399
2025594
769023
2024951
277
761988
4460
1395088
795168
30368
612374
204945
2025767
1334015
1941934
838467
1636849
878231
1621197
2025983
2025733
1301942
17061
2025731
1979620
2025839
2026066
2014043
2025704
2026184
1236
1965071
240935
570434
2026226
2026243
643977
1396776
2026213
917394
762953
2026210
3777
500987
2025988
22792
1397685
1354235
1023375
7049
2026266
2026420
1567972
1906105
2025096
885054
2026457
1831668
820812
1048111
2026363
10948
2026521
1706375
2021640
743010
430594
2178
329431
1112334
9401
2025825
1142182
1449961
59479
950804
1416940
4597
1644015
106064
145685
314896
1004738
2026714
11782
1988675
2026541
2026695
1726078
692862
291559
532082
871284
1146949
2026969
1396006
2026798
2026814
1427836
978520
432373
847869
341015
938758
1331146
662951
561385
1067867
2027129
611062
1131736
613205
757212
2027036
2026997
1532736
414984
1140142
1131621
531680
1236
2026996
2027013
713142
2027134
1305503
467505
1525432
1289162
1280167
2014281
185029
2027326
2027283
2027336
2027261
2027429
719744
2027520
42726
100395
2027224
12619
1949827
1383478
606432
1985239
34267
96448
928330
78803
357486
1404958
139845
433103
384739
2027461
2027724
1049203
2027781
123945
7696
161987
57107
2027706
2027385
1714080
950916
2027854
1811528
67436
2027895
1968539
1375
1483954
2976
2027345
2027582
1823529
2027954
2027931
1995035
670759
547083
10183
2028067
785857
277793
1942818
2028117
2028216
1129424
2028212
1436926
2028328
1086840
2027928
426095
1369426
304918
2028370
2028047
1980928
1914926
1965452
143388
910003
1617011
135526
793850
47583
2028292
2027584
2028420
485696
2027775
1149636
575566
2028429
830380
320712
2027752
1297752
4493
750616
112497
1916631
2028559
1956301
2028490
2028445
1166588
812
801
2028506
502706
1812119
1148711
316429
983469
190734
1720837
2028742
23865
1835244
1925969
211669
328383
407565
935058
2028488
769914
2028715
925250
2028909
416244
426100
2046
2028920
2026332
2028895
2028757
2028893
43980
57643
1472560
1869099
1631459
2893
200687
1898446
34636
546078
1924034
1436645
566289
1736419
376408
1943825
303435
111925
2029095
2005419
620771
791127
2027386
428258
334215
62633
1334070
997223
367530
1988007
3045
2029271
615288
2029302
1613292
2029153
14164
531310
825934
116653
6919
2029320
147167
1579755
817188
1485793
1086968
2029168
2029256
2029349
1800128
195198
591128
560579
1579967
391369
2029439
415207
408329
2028916
802
1368950
1962172
2029430
760072
1207047
501411
500911
2029507
456183
2029482
2029581
517534
1943981
2029533
1525648
552312
1774
320162
1569
1522368
1823887
2029189
2029362
1383962
2000898
230486
260574
2029741
2029712
677784
2029779
2029742
770
713528
2029203
1260188
1643664
147583
622656
764452
2029748
81729
1611930
1857998
9778
1533542
1442575
700707
2029322
1960341
120608
1835828
1006
48223
2029945
16032
2030002
2029929
2030059
2030038
2030100
63961
2029830
691266
535345
2030087
1162840
2030103
2030199
1424392
2030255
1957268
1282832
66013
2030211
2029943
1279190
253592
2030218
546873
1365203
2030241
4080
844183
2030424
765123
2030017
223095
749130
1812674
2030464
2030450
662428
2030548
1394125
536277
2030448
1947027
2030550
273925
1212716
954983
290854
1972477
2030592
428918
2030518
2030527
2030639
22405
1972622
525078
4184
1451776
272933
732887
2030803
135395
2976
1536910
2030830
733534
1852814
254685
18148
2030757
1669870
2030881
847348
2031078
2031005
1736541
1634981
314744
311337
2031083
2549
2031058
25267
785947
217045
981149
34596
2031236
2031113
1424405
2030555
209437
1465745
2031175
2031302
1365890
2031338
2031375
77753
2031444
171883
784764
2031441
2031141
10183
1064593
2031494
2031422
134392
1161636
1957092
2031128
1515518
2031584
2031372
1428253
2031569
1967921
2031588
421931
922346
1842908
927049
108347
135047
155607
2031875
7864
2031925
1980242
524554
298281
2031871
974730
426812
2031865
54870
1416449
2032060
2032007
757272
290526
2031962
188040
780598
2032021
2032192
2032205
2023315
2032003
2032093
2032103
495759
259575
2032284
2032071
1140367
382159
4796
2032338
2032072
1303999
1574793
2032142
69528
1586043
2032170
2031811
1834285
350342
136826
2032315
1869262
1577188
1646584
2032422
884661
448
2032554
2032523
2032260
2032448
616018
291002
689878
3513
2032592
307912
32784
1024927
2032672
2032658
2032691
2032382
10261
146452
1395562
2032841
2032811
2020736
887928
39037
2032892
2015518
2032923
543378
2032954
433
2032914
1906891
2032856
904760
386444
844826
1576248
2032249
1621961
2032992
2032912
2033168
2026627
2033271
5
1147759
2032429
2033045
1868748
749617
2033148
1022747
1291211
2033371
2030142
729461
379981
433490
414903
303319
2871
2033489
19118
1304541
2033534
2033458
902836
2033447
2033630
2033493
743097
12821
601787
18379
962785
981253
2033681
2033666
1901282
2033608
1691787
2033021
2032291
1239191
378105
2033854
2033612
2033862
1980345
1800531
564627
1744270
932581
505724
2033901
2033733
2033955
1290254
48391
415251
1759744
119439
2034060
2033591
59802
2034063
196507
1721765
1539329
2265
1611580
2034036
979868
2034111
2034014
1474698
467432
1248771
1162199
1924893
375600
2034267
1768
2033936
1826119
1528744
2034349
21540
899396
1633627
1558095
2034575
138358
431060
2034474
61849
92462
39614
2034679
2034539
1341436
660363
2034677
1236
12368
1914277
2034649
278464
2034698
2034796
2034774
2034688
2034754
1264445
1844906
2034768
2034788
1488422
2034834
634081
1235724
46877
942869
1443779
448889
2034847
3028
762204
1465299
1772150
1696874
433
2035023
322429
129509
1128251
34922
205331
392309
1988211
2034995
2035143
2035096
2034454
1786495
2034950
1070787
150046
2030657
1304016
2035312
151295
1431613
196505
2035291
518736
2014966
224078
1736318
196279
2035428
2035229
1906443
2035529
2035550
2035438
149364
2258
667651
2035525
1717752
2035505
2012954
1109040
1415714
1177559
2035610
336578
5554
591806
2870
2035739
96319
443346
1266766
1566602
573183
1924499
2035838
2035780
414288
525377
1091
531774
2035325
47744
1611019
1369
1145383
463428
1689052
804491
2035864
2036094
244355
388096
2021963
828526
1429798
2036159
1503235
699243
5796
2036270
2035910
525837
2036232
341548
2036256
401326
1690167
1462113
1292452
92498
51832
505308
1549374
1961512
1263391
2036381
1864409
1454693
2036482
137174
633272
2036494
2036612
440207
1746532
2036619
1366673
281458
685380
1624563
2036725
1483387
1282912
1797441
2036378
2036649
2036595
2036550
903070
2036617
904132
2036453
385214
2036584
504930
2036794
794825
13472
952
2036813
2036782
1607487
679471
1921780
2037022
164558
818932
941813
2036985
1992436
1294906
526235
100294
2036967
2037093
222857
27627
2036811
2037002
180527
41173
1546794
516595
1875427
1871459
2037225
740370
2037350
1494663
1926051
2037356
1674586
312791
2037357
2037399
2037305
173993
112232
2037417
2037415
1448898
2037517
2037474
2037495
2036949
1415039
2037504
1641054
9406
2037063
2037631
2976
1063392
1321280
2037660
2037619
275127
1149118
1365655
401941
1396274
2037784
2037802
1937656
258232
106318
2037809
2036948
2037998
62197
93582
1884606
679091
2038046
191686
1288185
232945
2038097
1294189
2038117
1887393
936038
248476
1814513
324615
1979020
2037935
125800
2038160
2038215
141284
1494467
4875
1315
231071
1861948
1569946
2038354
1499661
1166792
886863
2003483
2038414
1459641
654403
2037591
651001
2038417
1765489
1920362
1939671
2038577
1274282
1150163
2038586
2353
1084447
455711
2038677
122549
2038616
1405689
2038625
1387023
2036871
62342
567008
810901
1636731
2038718
2020467
108899
2038688
2038876
1756575
1431279
1812670
871088
693967
10582
716094
2038994
2038912
2038955
5554
2039053
2565
2038884
3038
2038751
6361
2039042
518761
1375400
126216
1161382
1557504
1688958
2945
659609
255176
2023298
1575188
959940
2039443
2039447
1731442
2039419
230021
265627
1852638
631724
1443210
326730
1378908
1973394
2039534
999200
18841
267272
178142
2039704
547025
1386190
1289977
2039681
2039701
1786059
1499450
2039598
2570
1939751
1460573
743425
34284
2039789
426567
1981838
1461291
734754
1937164
210700
1971426
169088
2039953
393233
1115165
39951
2024083
1129903
2040185
545320
130348
1507655
92661
103276
104573
2040173
1498741
105283
2027911
853277
198606
2040349
249854
2040377
2040359
2040410
289998
1241295
2040549
318995
1360986
2040717
2019094
2318
1554061
1278200
1146573
1006
1194069
2040322
213672
6034
2040954
1107117
750640
1975867
2041097
2265
2041177
2041063
1146803
1302857
1617200
82458
578190
191965
10084
2041157
951123
74897
803910
1912908
2041260
1259111
2937
1956831
2041288
2041357
71743
2020808
5116
765375
530295
2041307
3074
2041407
579491
1451989
1540296
2040777
2041421
287220
1720054
695989
714207
1756696
2041610
2041546
1144598
2041589
123226
390852
308290
2041608
2041675
10350
2041784
1869562
1001498
2041847
2041814
2041899
1050569
409110
776528
1826579
706587
127639
1137679
454646
1556174
1628057
2041136
888899
23166
765657
2041554
820653
859914
93940
3114
2318
2042183
2042171
894587
1922766
185889
1848733
36578
237902
582142
2000109
287388
386170
2042039
1887425
18669
493152
331
2042358
180568
340422
812
698212
1393822
717
2042404
75355
2042562
20648
1771452
1531192
2042387
84618
220745
2393
2042574
19010
616077
1582553
229849
2042662
195899
1604379
1249574
851916
929902
1270351
398581
7008
2042706
1443257
2042624
1604295
774300
2042557
2042753
952
875463
2042823
2042861
6507
1322645
935575
1492693
1594519
1239423
1493658
2042954
2042401
1735406
801186
2042934
2042886
2043035
2042972
1185774
2043089
1142446
1204040
2042735
503886
1620256
2043206
1332641
2024675
1392136
2043284
2042771
1062001
2043154
539040
2043332
2043401
244462
2043405
1810147
1830902
2043469
2043489
1141379
2043264
814796
1566
744044
1934709
1998336
1037573
54503
2043558
1924782
2043526
2043538
670914
1969894
1418188
2043647
2043701
2043651
2043678
95861
1333048
2042925
67791
1702679
355166
746445
2043856
2439
441
1577302
1901188
72054
2026968
2043900
1016358
1553234
1473004
1124195
101033
1671459
2044029
155006
1878058
271740
88673
2044111
2044062
2043993
1418238
757472
668488
2037298
2044153
1475209
404620
2043475
2044232
416762
242757
2044239
1494562
4446
895909
1835317
2044367
481787
2044298
2044187
222334
1259751
2044024
2009230
3621
2044424
9315
2044439
180384
1166086
2030500
1998431
152927
2190
193776
314826
1083400
927760
1728188
1843331
1487251
289504
2044620
2044589
824618
351299
10847
2044764
240364
361076
1090781
1126604
1372226
709226
2044828
1339403
1860275
2044934
1054448
1642080
616712
1263199
2044969
93222
2044911
245954
2045064
1993109
2045030
2045011
433
1693329
925154
119291
2044982
2045171
2045253
2045131
1252621
1672327
2045249
1440456
2045422
198657
1883388
6285
1078261
609830
7170
2045326
2045503
1238818
2045461
6400
2045464
82898
2686
1670949
158144
1918488
2045641
2045489
2045619
1242972
1292200
765157
1772644
1368569
1272592
16786
343630
874832
204397
879722
2045680
336393
2265
2045898
1679229
2045889
486598
2045426
185907
2046018
1571455
1612684
1463542
2043510
1396965
98958
2045995
2045998
267193
414662
450820
1089329
738881
1572062
2046231
2046124
352128
2046063
1020387
1821830
2046169
2046336
1621131
562006
616355
2046373
1546938
486238
74418
2046312
2046469
407436
1340257
1453940
349777
1411095
2046665
1271434
79885
796069
694761
1051667
1858062
305415
1911683
2046684
1249469
435838
40877
2046757
2046855
238861
2046762
1552992
90500
1236
1305689
1941751
2047000
2046918
932585
12642
123126
2047034
51662
1906
386319
98581
2047188
5773
2047284
235545
1505116
678
2047316
1549710
2047298
1613830
684867
1970388
2047474
1622343
13115
23808
2047334
352331
415598
586571
79657
164751
1998786
3417
725144
2047638
288239
619514
2047746
6430
1625620
1853541
1043498
2047759
2945
227235
1898260
9940
3
1866044
714164
2047951
119002
1586057
1699519
417018
653592
2048086
1902331
1144037
624730
2048048
240327
105321
2048204
2048214
2045584
2048295
577542
259881
10902
2048121
1834046
2048223
1008935
505367
2048352
281252
1325123
2048503
2048486
1497241
2048485
2048480
113589
935210
1890092
2048567
2040054
13115
2048669
120119
1646820
2048525
2048537
2048687
2048703
2048749
2048787
1924901
24343
2265
1717577
1910251
2048839
107906
2048829
2048835
2048823
2048806
420971
1296554
837822
2048857
723244
2048754
1409028
2048924
2048910
1107858
2048903
2048874
4972
13347
108872
329055
1927343
450247
2049004
2049014
2049018
285681
159893
2049102
2049066
1554268
337413
1294287
2049140
221111
1794300
397966
1873814
1975519
2049070
1735040
1602649
2049277
1616071
2049086
919491
46032
2049400
11187
122177
202435
2049441
2049411
1560014
2049473
2258
109512
1602
217405
2049543
1118960
2049516
2049583
2049613
2049566
69949
618668
2049658
2049655
2049699
1471401
2049682
2049704
2049757
213449
1852639
484497
2049783
2049801
999672
348589
630167
1316789
1001139
523520
113003
1639689
288765
2049893
442524
844172
2049980
1960356
1620432
2050042
521987
2702
923041
781960
1083572
2049953
1587780
1555909
2050173
344423
2050134
1516075
1949277
2050196
14017
1620155
574755
28068
529356
1786322
2050266
1041548
2050280
383813
2050308
731672
1905575
2050404
2050372
1695760
1074021
24748
1269124
2050488
990428
224570
654938
2048262
322529
1955301
581685
2050581
1396796
2050559
2050620
71582
73378
753956
2050624
2044823
10524
2050668
2050690
183946
2050700
1730705
681583
2050727
484360
2050771
1297023
18736
734017
274971
1557323
2050835
1558226
2050766
737878
15876
148283
2035645
2265
115648
2050905
985978
544862
2050869
2050894
644155
953774
122090
1576145
324937
2051005
2050999
1764545
1146524
2051017
2051054
2051056
329042
1936493
218099
1428325
1503755
2051117
1360270
277148
1377118
2051186
2051203
168943
2050933
1924331
1574136
2016623
2051287
1935395
2051306
2051278
2006196
2051288
759443
1377899
297827
23892
2051397
2051414
1214497
2051333
1626746
2051430
1857713
2051484
2051542
286569
6823
2051618
1458005
1867088
2051668
2051706
2051699
323158
235344
2046959
1967602
624497
850761
2011411
51718
2051807
2051693
1305922
187155
2051883
2051918
751144
348650
2052031
2052066
2052027
2052085
664205
476689
1361592
171101
1612985
2052235
1402515
2052194
2052270
2051437
521020
2051880
2052170
2052306
1387229
841838
2052223
2052285
979992
2052465
1724713
1498468
345627
358592
2052512
2052318
933502
365533
1242653
1953470
2052626
1461344
1387836
51533
319828
2702
902318
1292037
2048943
320561
114920
2052953
1867
1939900
2052962
1662
2052986
706730
740043
1273271
1604623
1309901
1501520
2053132
1936761
106003
622785
782463
1181845
146802
164977
2053138
8852
2053062
1792653
1768647
424920
121254
2053194
1840152
1891511
2053372
426527
95044
787026
1539933
2053427
489617
2053450
1980119
545610
2053277
39676
425707
2053448
2053543
1734715
1340247
1197610
2053579
2053656
2053457
5010
39
728715
2053804
2053864
168606
1859004
2053877
144614
1241155
38474
2053874
2053908
2053899
946056
60043
8052
435588
1748833
2053936
1875422
1733061
1798425
1503929
2054035
1400447
625549
1114454
996757
610249
2054147
1304397
820434
2054024
1081699
1554108
435292
653793
2027509
344960
1014291
271007
2054051
2054282
73530
1297265
1949916
1132876
722142
141488
366547
3521
1442542
624384
2054437
63749
2054505
2054580
858295
2054524
1842629
2054632
1658532
340675
202790
568663
1983407
2054228
52296
2054629
941665
2054666
2054687
1799774
1809287
423199
1526317
2054710
1958615
135091
2055010
427951
2054768
2055011
583383
1875603
39619
87585
1397096
2055110
2055098
2055175
2055201
799
170674
378048
1612331
2055180
2055179
1975949
2055243
1212834
3813
1441308
2055375
2055330
2048174
160888
2055409
1837997
1292894
687775
2055540
2055523
1293281
1519177
2055650
2055647
2024306
2055369
40318
1958866
331
2055748
2055653
1979720
2055727
917962
1961322
2055660
1960534
690
2055943
2055864
1625569
2055298
2055899
434435
429383
2055873
1398958
1263327
456560
1216267
2056082
676620
2056061
2056105
1902033
192790
2055244
1309502
1832791
19043
1954424
450436
1472119
2056207
603645
1013432
377569
2054956
1443228
1279180
2056298
1837276
2056332
270051
2056481
74078
254782
1027955
895459
254663
2056510
301482
442985
2056616
782722
2056598
666570
597260
5635
2056710
2056626
131966
839376
1956022
2056461
3358
1864966
1791326
2056806
587201
38745
2056835
2056843
8791
1463823
2056879
1923778
762730
1982
2056857
2056927
129543
2056923
757225
982254
2056947
1292334
1999445
99195
2056733
605878
125044
1633110
456750
2033464
2772
91175
2057050
1574528
1965118
224117
2057046
798009
2056818
2940
670602
2057192
2057221
1430953
2057303
108942
41985
2057362
45860
2057354
100897
465828
1139944
29487
853536
42158
1833534
2057445
467826
1093779
1322177
785642
1865530
898906
1558682
701
2057508
1779931
90383
1146988
2057564
2057313
19318
1935315
449087
485557
2057571
2057513
2057604
2057584
2057112
2057640
1959825
2057549
600439
414879
1478497
2115
415871
2057638
249702
2057705
2023273
1327376
2057758
329477
1627852
2057798
139568
2057844
1036283
1508376
46516
100080
1622645
1185868
2057768
2021838
19659
1213147
2057831
2057931
1323595
81279
235344
2057941
780996
2058034
2057965
605275
1545173
1248542
177253
325067
2057937
946818
1302018
722903
783870
579302
2058139
2057689
1597713
438709
2058137
61179
353587
2056856
1381698
2058241
1358570
1019793
2058207
2058259
16286
475702
927904
221097
989661
598838
693998
2058382
192581
2058251
2054145
1272256
1021211
1605737
1894490
2058521
527303
733745
718173
1933903
129753
1616010
528007
717
64338
71199
433650
640894
331724
2058515
1432896
343891
77417
2058719
1282986
962198
4706
40146
578862
1649
1623896
2058684
727644
598124
2058880
2056172
696959
1277759
10497
2015545
1363151
2057967
2058859
455268
1999341
337380
498675
2059008
62729
2059035
177141
148591
2059117
261653
176069
1090910
2059071
2055411
2059149
2059165
87047
2059083
203139
2059289
448
155156
2059267
2059251
1162
2059409
358223
1987060
2049504
54425
781347
2059448
508798
2059589
418899
22130
366210
230197
2059483
1676934
2647
18387
1787784
115651
120617
740831
629801
2059871
1565365
142451
556592
2059817
4576
2058426
2059843
1800336
1942357
202463
828320
1613
929717
90833
2060050
2060044
1182920
1758642
2060108
2003059
1943810
2060072
447593
2060251
2060241
1219131
79443
1692903
2060402
630897
1530499
2060430
162090
1554423
2060167
1005544
2060547
669771
8221
171235
2702
25251
471570
1527606
475182
355754
36638
771507
1731766
2060847
2060793
7008
1578614
333192
1213382
234898
1725845
2060944
2060862
2060845
2060950
939274
2060953
1920808
908374
352720
402356
341561
1172883
320833
2060957
2061069
293691
1235543
495532
2061227
972758
317598
2061343
1981711
1959012
10640
2061397
492315
460598
420185
2061508
1886320
1390563
2053145
1338704
2059696
1095492
1562817
2043824
1503781
2061835
2061425
557101
1807682
2061936
1489477
211418
2061937
2062037
2061984
2061939
678467
676967
882269
78553
33074
472818
2061811
2062255
2062285
1547096
617401
1846654
93916
2062346
35826
2062351
2838
120498
686454
2062401
2062436
1464347
2062456
1442421
1260619
2062482
93198
2062549
595521
2643
185478
365909
616568
1934601
12840
1975985
1240963
2061
1331409
2062732
2062633
2062806
50663
456115
668907
2062952
506901
313283
2062869
316739
828498
134134
1604562
9633
2063072
2063092
2050637
2063187
26293
1582698
375239
959433
293927
1131084
1125448
1977689
2063268
320472
2063326
1363035
2063484
2063280
221326
2063490
1291861
2063557
2063597
1368314
739974
482669
1340926
2052837
135825
1465679
447610
372563
64658
90983
2063788
59188
689859
1988707
1849185
635669
1788821
5154
2063829
201642
947549
1910598
1865334
1724526
2063863
2063987
1800792
2064120
2064216
2811
1770837
2064226
2647
2064275
2064250
2064339
814310
1556864
44748
2064347
2063275
2064440
1726769
2064408
78463
2064535
470677
1300471
2064490
1004996
2064344
908357
1651479
1001346
446677
1916245
2064849
16863
1965843
2064653
4042
735912
2064847
122488
2064903
1303714
2064995
1807349
322399
1664920
2064966
2065090
1724051
1490659
2065428
1363221
2065471
1141190
2065488
2065555
2065212
446857
293048
2065527
1315402
2065528
72485
524453
2065021
441
1884525
1890266
1795908
721566
1625221
2065877
2065872
144602
1754875
1579094
1976650
2065924
1964304
123593
2871
1877177
1315
322522
1911299
504623
2066221
801
439240
2066231
1457141
2066323
2066390
857971
1898074
2066540
1130431
1047000
1056115
1747557
354
1401203
1479152
1541084
2066822
722724
244974
1445446
2066569
1576578
442078
598826
279162
300095
645130
29642
1888230
745149
205
1403283
684927
1833847
20831
2067312
1901514
1781297
1518058
75801
419818
1488666
1287848
1321211
402399
2060330
470422
1996015
1052907
1798257
344149
717
800056
1134475
524964
1581161
1617695
2067852
1889664
595205
2068073
425668
87591
544512
2068289
2068318
2068243
1380679
809301
1023428
172637
735944
2068391
2068247
64293
263812
2068568
492351
1756199
358750
994618
1165759
2068388
5773
1469327
1991801
249674
809973
220470
1010078
2068636
630691
2068746
2068941
550280
1324790
709536
1877734
1247825
2035632
945384
1656624
1097822
2920
45939
76086
392568
1672858
1028482
1090168
140897
2069373
1492903
2069338
370639
2069276
63062
335141
1773129
2069318
212451
534881
1493714
2069447
1983693
1477404
1282108
422429
1851366
434490
816442
306232
497163
2069727
2069760
2069712
680265
1392710
2014944
907059
1324079
1932789
2069856
1107726
819
2069927
1483628
2069852
2069983
693492
23899
2069991
3
172490
2070067
380499
385111
10562
2021718
1540292
3621
1768227
547616
290921
516904
2565
1004040
1652862
1546593
2070271
1006
2070278
567502
2070296
23284
467262
70242
53179
965557
2070362
1821622
393
2070156
1072565
206532
1961822
2070501
1089261
2070532
1480957
467863
254835
1736930
1596640
1304057
2070658
408437
1369856
2070688
1471439
633856
2070718
1453816
12882
1909119
1555061
329349
1569919
1606354
2070826
2034442
192306
2070985
2034082
2071098
441
8701
270441
324864
2069059
1929618
1985717
2071242
506372
1528816
1844238
2071341
2071249
340359
2071377
1630067
1263089
6515
2040943
2071407
1305095
708294
2071320
714991
388539
2071490
124560
80421
2071536
173043
2071301
487602
814272
13854
2071717
2071757
945579
1710675
1510208
1342040
931505
2071892
2071953
100524
321612
1938404
1977448
2072061
1315803
455714
1564189
1948240
2072214
378833
663276
99816
1443560
2072423
2072382
934156
2072475
77264
384786
2072410
2072508
470594
2072526
1141615
2072327
1120027
1407783
766290
1743697
104009
2072651
1574052
1003764
605910
129892
2072734
922569
1417386
2072790
2025538
1050790
1328483
2072907
969905
2072979
11760
647789
2073044
576246
44375
1933875
2073212
1457835
1207534
1053986
1508597
2011134
971050
2073360
986517
812
1475652
4634
2073475
925033
1720204
1839795
775459
1569426
2073697
723971
949583
2073664
1751
448449
2073744
1236
2073842
1945111
2073931
1983792
1881762
1338933
2073988
720479
2074075
2049779
1023960
1878415
2074168
1366291
274988
562911
1418724
2074204
2047375
98424
2074157
1628394
2074300
2074315
1013538
2340
2074412
1517124
2074368
2073657
2053619
1338332
2074425
2074446
2072951
2074488
13497
63601
1577403
1326823
570224
2074761
2074696
2074673
2074772
39824
228555
1087311
592991
597250
1354308
56917
52326
1986333
836740
1525859
10948
1510115
2075295
76000
1054633
437319
1465784
725072
504036
437455
1278792
2075270
936603
611733
880137
2075433
113717
331
653568
603374
542492
1745726
213426
1717863
2075601
127249
2075579
2075686
1430010
1471216
1395672
2075694
179769
414857
943764
990254
2030706
539905
1794426
383687
690333
2075938
1284035
2076012
2048254
1356150
1472258
224927
1961205
1959918
2076126
3038
279669
172721
649369
1448032
1083466
2076251
115659
1691237
1840354
711360
762292
2076279
1382584
869830
182755
8547
1369387
181070
780808
677183
364476
695118
2076494
1255613
6038
603525
150279
2064202
2022288
223420
441614
1427091
1332696
407952
1493
49795
646487
2076822
274700
1819303
1151012
2077003
646989
458428
662849
525896
1578343
2077268
1066419
2077251
514941
185261
2077157
2077356
732309
2077486
526926
59173
1773400
215635
2077689
395348
988834
2077931
1328546
2077967
1749084
1017601
915154
60782
2078170
2078096
151298
17550
2078210
1581266
562889
136187
216625
2078329
2078362
2078394
152431
2078421
1092201
2078398
2078405
2078392
102567
2078487
1351075
571953
2078645
1374403
2078669
84205
585326
2078824
999044
86874
1375316
93808
2078851
2078903
77507
2073329
228833
2078966
763020
1953958
1271029
715255
677395
1345991
229160
268232
607686
18621
2067643
3150
2079654
1213914
2079719
2079732
6536
1179325
2079889
2079645
103871
2079829
2079976
2080010
2079891
2080078
594042
39
2080011
2007462
157692
1086732
1140348
614478
484240
2024607
1728975
2079311
1602120
759501
2080670
2080692
67819
487397
2080682
2080747
8701
1318364
2080956
2080993
207419
337645
1108655
1924983
2081125
2081140
740323
788830
1933856
853393
1808413
135729
2080298
2081401
2081433
1189105
2081434
719143
2081513
