1344133
1241354
1843050
952
1845464
1845561
80315
845349
1847827
137334
1848022
683104
1848202
1848423
1849042
3456
1849643
88674
1849758
1889
1279952
1850597
1850757
13115
80757
1290042
344975
429471
432315
1852327
1852370
1852478
1852564
1254291
564375
1852869
553054
1853096
1853195
1853364
1853564
1245283
468895
1853906
308855
1853955
1854031
1854183
781708
286568
1855226
1855469
1006
1855688
1855700
1855844
1856124
1856171
437456
1856582
277
1856881
1856968
417612
1033759
1857875
27715
1858283
67030
527943
1053993
1645380
1859304
1859439
1610388
1823296
266756
647882
214502
312561
1860419
1441773
924866
1860777
1861319
1861694
1861872
2422
1703490
1614800
495096
245235
1629
208084
1392244
1244112
1653093
373747
1863499
71665
1863666
127323
1340943
1863948
1864159
1864189
1864281
1864349
1864608
1469683
25522
1864748
1864807
1045112
1865013
331241
501495
1865198
1865208
1865353
1865489
1865639
457277
9970
1865921
421005
653084
661035
1542921
1749865
103035
1866752
806473
174060
1866906
88390
1866972
269419
1867104
1867130
1867163
1289364
9357
857721
1867449
1544096
1435233
1867566
1218076
1867669
604905
1607464
1854095
518802
1867727
1096831
1858559
1867756
194943
243967
1867802
1822872
422557
241973
1867887
1790362
908374
1867521
793944
1839742
1335180
1867894
1152272
328891
67563
430464
1291979
25763
958272
766686
474577
745618
1761184
1867595
856578
1530
97441
1868119
54588
1868136
1868165
670197
1589749
1215252
127279
1120287
237793
1308478
396790
651494
1651857
1097831
1787683
1868405
471159
905565
639
1868433
1868441
1756813
1086618
1868495
1868497
1868548
1658435
412828
1861858
2
481436
468872
1075560
265618
58913
1868523
1868641
634067
1868649
1868672
414318
17187
1868722
1823010
1544151
2565
1868777
96868
4059
1092854
1267919
952
1375028
766648
1827044
604351
525862
1535945
1868939
1868861
1626224
849539
1839753
1868874
901222
1868896
56840
192286
1285786
457380
2710
1869076
102690
4706
108585
1368707
543513
1291847
905736
1704536
1869245
1869249
1444822
1869295
1206615
638963
914736
440267
1477229
4875
197521
1869396
1869403
6489
1869412
338104
494921
590058
12779
1869574
1542163
300170
420505
1869650
829150
337036
1869685
407568
1378002
1869721
1341484
92630
873630
1801738
1140879
530013
1377180
1260983
1490778
315883
1860645
1869911
1869930
1551785
1768173
1869973
750112
171849
1870079
478567
1640510
120427
1725631
418721
1870098
1340153
1568831
840034
1870228
425970
242707
1058503
1870268
1870307
1288304
1600884
1870320
1870418
1627271
893023
152533
650182
1870465
1870461
132219
829899
1870445
1184115
441460
1130826
1350075
1281922
1870588
1110799
1870626
1870610
14404
237772
1356967
233941
1870712
291530
826273
1210647
166667
1764867
979975
1870792
1870810
71416
1283497
1002334
271675
1870782
275181
1870853
1870900
1870904
1870927
1870931
1870965
1288413
1139014
1871037
347438
700648
1871101
1866009
6894
795979
172629
1456334
1341860
666828
155905
1307164
1871261
2647
1381704
228141
1642862
1481952
1373126
1286211
1871318
1316267
1871390
351341
3014
1871469
1871488
1871499
1291198
1871537
462927
1871521
1871567
1871589
949011
1288575
1871591
1871641
1871668
683753
274700
1871672
1871710
1871731
1871714
1871660
1871756
1643261
1871757
23865
1871718
742054
1871797
1414015
1871836
1871850
1015877
458528
6725
1871942
1838588
2378
76418
100898
766725
1334083
6777
315414
1872092
971607
409110
559968
1872130
17545
644124
1830078
50155
1872262
1872264
1049595
237654
1871346
1176420
1872335
681350
1813874
785871
714100
253
327864
1872374
557855
88458
111963
1872424
283538
1872172
1872439
1733
42290
129614
1760106
1872531
1872545
89702
1872400
1872591
896805
1872624
431916
1872672
1872686
1872708
1872731
514516
525934
206821
1872780
131847
1872768
1681563
1038
659007
1872874
2945
358643
921989
993016
379491
838470
1312278
1498071
322559
396717
709486
2300
3417
654621
1873052
1873072
1030551
607393
1758908
1873108
361031
1872515
623915
1154769
1379231
500421
1873175
423662
723529
1822130
1873238
1271363
1873184
678
2378
893860
1310315
453997
1873062
1873322
1873340
1205487
176129
1873343
780904
1873358
1873363
1873323
1873289
1545948
1548043
119027
4719
1873410
1315883
1873494
1521403
1873501
1873507
285416
1873522
1653793
109289
28913
143916
1873564
1873578
1873593
194602
173097
6952
242290
211798
36965
1281705
4042
81768
159020
1873685
1873658
166286
1862922
1873814
36370
1384165
1873881
1259134
500028
1351739
670528
34596
1360125
1032999
715235
413418
1874007
1587215
377208
1873961
354
11105
1874057
1116754
898258
683
3028
108348
1746687
79155
678
1873397
30193
98218
1874176
1520242
1874182
1873925
1874207
1854626
923157
630184
914857
1874275
1874282
1840670
1821212
136201
541740
1874363
765711
1874369
1874372
1868712
1874394
1204936
1874400
1874426
210814
1654640
82892
1874475
1728975
1874516
59453
907073
264455
1659896
1389595
1874564
1874581
1322456
203966
1874629
1874650
1874667
548320
1874679
1594064
1874683
1874691
1072562
1874770
1874704
1874828
1874835
1874854
1380618
1874907
757438
13235
1730265
523006
1509344
192221
1874962
499728
1366980
577542
1875026
1810760
508355
1874672
527773
2687
676173
1875084
345655
1875132
230435
1875174
745217
176702
1875209
658410
1875186
1875166
580766
159786
1875309
1875328
385754
579536
5
1875359
1875383
1875406
1559540
1875433
1579223
1875445
1875472
1875511
1284334
1875477
205594
1875532
1875533
1875543
7681
586663
1825148
393460
1770805
1875628
1875656
1875603
1833032
941405
952
1872458
430630
1012362
1875763
156128
1875757
1875818
929180
1875814
445027
1875839
1812119
438780
1875881
1875860
9970
1875899
1875915
1875941
1875764
1613715
929408
1876007
1876016
3621
1876040
1842900
30551
59932
1876113
1876114
715823
1876139
343573
153541
1451908
1876239
259916
1404708
6113
1876312
687950
623847
1876334
534597
1412514
1498613
699922
1876414
1876207
237310
1865225
1631220
659210
1876482
1458288
1141338
1876543
1876535
1876547
530695
1846345
1876592
1825214
666190
1547013
1671715
1876661
252533
755033
930256
1706671
1876577
1876676
1876707
318442
1876712
1876737
1842334
1876762
47683
1876842
729392
1112845
301143
1468353
717
1876231
204258
1876979
578009
216345
12946
711881
1877049
1877030
1147790
1877111
1790091
428975
1877117
1877170
1654995
1465708
1877242
1469652
1426645
114837
1877168
1608667
1859114
931890
1451534
88618
1877447
220142
315249
1255684
1578843
1279297
620081
470489
522150
1877553
1877566
629594
17440
1877613
1906
332843
535027
1877695
815355
1877703
1147981
1877769
247613
1877795
490218
127193
450169
1877830
1877834
1877961
734981
759501
1376407
1878002
850214
1108401
1878085
1877955
590412
5010
405769
1878143
985889
1011669
10640
168895
272615
1142162
19350
369782
178589
1878431
1878432
9315
165995
754919
207842
745385
1878448
1878442
1878534
407388
1878539
1878443
993942
415841
1177200
237375
1469652
1600347
1878856
525347
130514
1878874
1629
78242
1878933
118095
1702607
1879093
1879083
1356979
1879109
1025394
1879148
115329
639501
1879190
1879197
1879192
1879235
336415
698
71587
3114
1839850
184522
1400468
1492046
418834
1879502
1879549
1879560
1879552
1879573
148506
582404
1794514
1374088
1879687
1404571
614807
360075
28506
1467861
1879788
1879800
32560
1879885
101
1879933
9066
1397558
1879999
1879851
1813759
1331146
1880062
1363312
1386080
1880154
1324881
1139938
1880002
1880222
1300249
1538821
489
1311565
963108
1437159
1880350
13370
1880235
1880404
1880412
1880354
1880539
1083466
1880560
1880468
1880638
1880537
1880472
773371
1489775
106646
1402794
851515
314826
140398
312068
509202
441608
1880881
10814
1779725
1880912
1880980
605446
1083120
1880914
54378
204098
1283474
1881050
1139088
19289
1881120
1881174
1579755
29704
1315320
1823548
173205
1881296
1374772
1392864
1881373
1881376
470311
1779622
1764907
699706
1881611
1881505
924430
1881765
1835855
217626
171796
1881847
968934
636432
1882017
1882059
1385541
385150
1881601
1823627
1587104
1144214
1840123
1882415
1675312
1882499
631446
1882624
719051
6400
475589
6204
1882808
1882824
474526
1882869
1882907
1874444
1882967
193387
1882892
1596916
1883074
609853
1207886
27183
1878025
1883444
1055219
170612
911346
1883379
419124
1883388
30368
1883370
1883593
1293932
1884009
113586
931248
1173237
228114
1884197
951396
1884239
306365
1342541
1884277
94312
1884312
1145508
1884577
1454848
1883965
1884569
10127
4105
10996
1268976
1236
1884792
1884636
30012
1884887
1744127
1884919
106738
26770
1884994
1885032
384340
960140
1389563
1214754
1878252
856032
1428909
1843938
1885322
1885340
1885374
181131
335079
1482359
1876143
1885457
1885544
1547296
203547
557472
1885634
1885669
1757053
58751
1649634
1885857
1468264
563676
525847
90160
625669
1885979
1885968
8547
1289173
23899
81109
1022507
957096
820608
1886114
1055694
277
1886222
289303
15154
23742
1886355
1774
1886433
1886442
1886459
1886463
162691
19177
1743306
1886277
767817
734017
1558226
936260
9982
13991
1886785
1886802
1886813
1886827
1886837
650540
1570815
1497283
1240279
432032
1887053
91802
560417
1887254
299
1887316
1887328
2564
1887358
1205779
1370306
1887423
315885
1887542
1887602
315819
303764
1887622
443996
1887668
369951
1887724
851248
193467
1887680
405826
1888012
700540
1888068
1373907
1888155
1888183
1888220
1888248
1479607
925593
1746500
10183
1052659
1888404
1858137
1412399
1888435
149629
299
1888672
1613
1751300
1888732
1888755
1007841
1888871
1534714
355919
1889078
1560521
845581
1271723
1889160
5989
1889212
1889220
1889211
1889267
758918
1889339
1574411
1820384
1873582
1889301
1889561
1889625
1889619
1889585
305958
1889544
1364937
1889655
1081209
1889549
1889770
1889815
530136
206041
935189
1370290
4844
1890125
1890136
4323
1890194
1889926
1380940
1890388
1510109
1906
141978
753243
1890583
255206
1890698
214482
1604623
2686
1890777
1358593
360274
4538
1891003
117708
375191
376693
1891289
1891206
1891281
735916
814540
61117
461304
1891461
1108412
1435648
1891591
800161
1274449
982342
376485
847362
1891736
1263538
1891739
1599659
247155
1891759
425742
1082614
131852
67694
1734207
1858003
1285333
660952
1891688
624318
1892255
767975
146907
1892339
1492802
1892338
997440
1183257
1892344
398540
1863127
1368273
1291918
1544887
212088
6257
560624
1504
1892711
1892691
1892800
702723
1849316
1892832
1892847
743027
1892878
2150
1893001
93505
1845355
783918
812
1134114
3297
1612684
952
700514
1893448
1369507
33020
1010654
1893499
34009
949889
118159
178584
1892394
1698221
242918
219315
909375
1893779
275584
1893778
1893886
946701
1893898
1893905
1893950
828414
177395
1019060
1893992
1894027
283082
32898
1894053
1525631
76584
1893442
257597
1894152
1252983
32052
1894184
4711
1894269
1894277
1375
1894274
1609471
1755501
1894471
94221
1894550
1894563
817762
3470
871461
1894761
174348
185111
1619369
608839
1271348
1894936
1894966
56797
82665
49573
38070
2258
2061
931200
1895274
1895269
1315
1895359
1001290
1895418
3371
1895485
1856709
1895519
1895568
1083449
1757259
91782
490349
108994
507314
60929
1895823
478199
1895867
12524
1895730
1567686
1895948
135276
4311
1896026
518583
1755078
1683416
187556
1896192
10350
32271
1408331
15964
1896521
1896552
1896566
632300
88564
952832
2061
1508651
329752
136181
1896980
1896974
1897025
1515486
1766089
1897045
140130
1687805
528551
1593689
1897255
1897386
133690
770
1841179
63353
812611
1524922
1493
1814762
338832
507500
23038
389979
1897740
60867
854818
1345093
549898
1897865
1898001
18387
1898013
1898083
1295705
1477364
666124
783712
1898316
1898340
481319
1898423
1898448
1898431
1327053
687309
146502
14404
1898639
614007
1816009
1898662
134609
455874
1211255
1832592
1385202
1175893
48876
1899071
1899100
1276643
23770
1899195
1702663
104855
61929
1526623
705602
1851801
418822
853875
1275208
1899270
531961
1899383
1263753
1899413
91713
726632
1899438
68763
1899500
1056725
11590
1899550
21406
91994
172332
1609609
218768
1650775
1899669
758083
1899690
1530516
920168
1899738
2549
2402
1899815
1737252
1899866
446357
1148846
1266223
1759071
174203
1899984
210103
762978
1900082
1221495
401323
10651
1558763
1900130
8701
1528201
1414955
1900145
1900167
29704
674030
163148
1267106
1900140
1873940
397533
828148
1900336
1900338
3777
840277
2870
530907
717
1900626
1615378
566806
1836460
1900685
598699
1900714
13879
1900795
324763
428579
832240
1292634
1900081
1900944
1901037
1767499
440898
1901177
1637029
358671
1900771
1901324
1901332
1340197
172802
1901354
496274
433288
711221
484666
26479
1901436
119868
6833
1901471
306840
360035
641582
1901492
357250
1901610
1901481
222688
1901585
1681726
242757
876739
801
1718845
605173
1901963
1901970
1902002
93143
710000
5902
1902126
822694
5154
50374
1043234
1902301
1902352
1902331
1369902
1902470
1763939
937299
1902423
1902443
748269
1616304
138522
107493
1902602
7049
1501923
939486
1902843
1632862
1902924
97516
1902974
1054952
1902859
1462476
565479
699257
1903053
526835
1737197
1903219
465940
1258682
1145276
159858
66253
1903275
621867
1903460
1903220
1903486
1903768
542489
1903837
79091
397904
122667
1903852
939528
1903976
10744
1903899
1904090
1162
1904095
421109
1904076
27963
1904158
1903832
18649
222433
1904225
1904279
1236846
763776
1904340
1383830
1485028
1904398
1888230
1904463
432120
1904483
1845948
803212
857806
1725774
1904771
1904780
1256710
1904834
1904854
1286186
1904937
776342
1905060
1904816
1904918
1817837
1830535
1904985
106441
368324
1905350
1557165
1905576
1905598
21920
893118
1905603
1905443
1905673
1905601
977440
1905665
1029356
563058
707910
95098
1569
754483
1901853
1905872
1905924
1547034
1905897
1905793
1905968
813287
699165
1607381
1906107
1862395
1905955
647713
1906130
650928
1906404
1532719
5773
1906500
51839
1045393
407951
1906700
1906737
3035
6604
1906902
1906908
1418955
992487
405727
27940
55569
595162
1860841
1005768
1907153
1907161
1907254
195455
802
623890
1064367
1907639
1907653
1907409
1907514
210819
1907506
1907741
133429
841485
1907778
1907886
544427
1908062
839650
1908136
23688
1867575
5367
1908222
1908250
57869
439565
313081
999570
181392
854467
97590
344546
1193773
1908602
330490
1908713
1431485
1321108
1244615
1585583
357474
79838
1908977
1908995
1607373
4875
1909108
944313
206269
1717293
1909273
483854
1740950
1909301
215013
555257
671516
38170
1909633
1909533
59453
18599
1498517
1909655
1909562
10847
1909919
1909867
2564
1422496
1268933
834362
1469721
78167
1822547
82329
69202
1910339
439089
685949
568209
1279952
1910592
826379
1910688
454443
1910717
1904073
76573
1910665
505931
388124
594583
1910600
720698
1910983
1910893
30143
1910998
1911000
558391
265566
499726
1344398
1580554
1702272
1911137
4706
1467535
1326325
9315
1746557
111825
1579807
57924
460434
1707250
1625785
1910817
1862632
1911906
26901
2945
132961
699188
423795
246357
1585754
54556
13275
2945
794031
1911752
1912348
1161383
1600283
1912431
1338677
465393
1912462
1275776
1799508
1892522
1698516
60592
1442099
1912328
3074
1912709
850540
1912998
1913054
335003
4059
1810049
1913210
1903238
663
1662
1913636
354
975066
1086615
1913841
1387304
3621
46553
1914226
1894360
1913124
803664
683
1913654
122033
299940
1414349
17068
1914833
5790
1824966
1915004
48831
1092644
1915013
1915073
474010
1915268
200144
1048969
1598766
691378
783774
509391
1915792
1282349
216408
1915836
16031
934622
1915441
1916053
1847824
1916091
1916197
1817865
1856808
1916327
1916419
1511273
1916533
998435
1916593
1916630
1916619
379466
1916587
1892161
334916
1916965
1916510
742561
1914932
194239
529192
359833
1917270
112567
294029
1917851
1824144
2318
70646
438956
231455
355929
27754
547458
1198701
1696623
1918400
265637
1918139
924501
1128738
1918488
10705
1834863
968845
839415
604441
1611630
1919034
1815019
1919155
235512
1919259
423470
15545
1919614
1919665
1547501
97241
1916966
1390631
838003
1919537
938633
414072
1919955
2647
1920272
1609769
1920274
1920309
1906110
1920336
1920637
1920673
1920789
1868455
490401
642600
382906
1920813
1920830
1920979
484541
1921216
1535922
1274882
745134
137207
1630361
180659
1921943
450511
1921865
1346623
1881123
344149
1116912
1922093
1393777
420922
1922435
1837320
1175277
128853
1922359
1922040
1922440
889030
1143706
1921780
849602
453331
1275173
205495
1921772
1923288
1829480
478480
1086300
1793641
4184
1923553
1923604
1639185
179002
1923892
930006
1906
1915210
1316200
1923321
738840
179655
1924221
1577777
1924320
1616484
1924108
481556
925895
1325006
653339
1925042
1925043
1701638
1925134
1925080
244267
1925495
1598203
1925530
1456860
784640
19177
1925677
853188
1925674
225155
717355
1925936
634626
1925359
1926174
1382694
1840227
1618750
99583
2258
1383559
499782
1249939
1926331
194345
1832592
2643
822315
7008
1497561
458150
21176
1927024
1927042
827846
1302177
1926953
639974
1925396
22349
1926993
1920081
1252153
1927421
1927443
1434262
1927527
1927265
1747200
1927519
660365
1768
1927663
603812
1920897
1927080
1927858
732956
1928015
1389616
1928150
1928159
325465
158836
625852
1646884
1928377
274782
1927575
445704
1928584
1928646
369455
18504
204626
1278804
1482850
277906
1928850
1929208
221649
361815
1285952
1140821
1929420
144206
450837
1466247
2811
1929752
1929771
1929805
501443
1184096
1019831
357428
1610595
1929938
193230
226988
718717
1930192
1015996
1930140
160828
1930390
1930503
1204927
1930576
209459
1930636
2061
70402
1930141
633990
562760
1246384
1930617
575590
1930716
571987
1930884
1692328
1294142
1930818
1931106
1931121
1931126
1930995
1931035
1931297
1303407
2643
1931499
1757468
92088
1910974
97784
954997
1742510
1285953
158299
198864
1555532
1310073
1931913
1931867
199209
1931948
120561
1558324
1932052
308189
148563
1811587
1887032
1931898
1887437
190831
2178
1932492
782838
159677
1932552
1932244
1110150
1886195
331546
254636
1932600
1932839
1932642
190259
1933019
1933028
1930454
1932522
159453
3074
1933197
100712
1933313
521629
584500
311725
1858643
72456
1933519
1713962
1933626
1317609
1933731
42065
1411095
1877334
174507
1933785
1933590
1933899
103057
1933196
1934161
1933819
392997
1934280
1934294
1934409
1934490
1519194
1934524
1613947
114146
1934616
1934666
1934705
1000511
451
4184
1934811
1934712
1934860
1863517
1932430
1934840
1629
1566473
1934957
139465
1543492
1920752
1935088
1935089
1935190
1935189
1219534
1935257
1935212
1935287
1935383
570756
1800554
1393111
62260
33330
1935604
690723
836678
1935649
393
1439466
1935785
1040441
1935860
1269374
382958
634273
1419123
1935942
1935967
1936019
1936037
21981
1769823
1343593
196585
1936172
15964
75881
137417
1936320
1015211
125043
938487
1936547
1935590
433
1378
500024
47765
1936735
1469979
1300615
1230673
1936893
1936904
1934328
120281
1854657
1779757
22723
1936822
1840354
341536
1937046
15964
1937223
1895645
1937183
1937423
1546056
973392
1937459
808242
1837
1937582
591691
39392
1937792
1937803
1784458
220334
1937837
198700
1652116
1621050
5367
1938177
2708
1608813
1938330
1938368
411033
1938388
1934811
1489494
315024
1597876
1938556
1710898
1717215
1938650
11184
1572353
148722
490033
1938274
13482
812166
998452
1787364
318593
1130109
411567
1209313
412173
217400
1939424
1939378
1306189
1939894
1939814
494702
421777
1893234
470966
1940038
1192468
331
1940257
1940424
1940564
1940316
2937
1940627
1020553
1939789
305559
1940480
1940497
1568716
838914
1940909
359199
1941004
1941023
678
1244805
1615263
1057691
1210126
1941358
572263
1529296
1941455
1456674
733165
1856870
1941316
1941424
129901
34431
3045
235582
1941770
1937112
1941842
1941549
1350274
551884
777573
1941902
1941967
460094
812790
116779
1942417
103667
1942360
50507
1134705
299
1942424
647236
1942758
1942819
1942849
1672
1379287
1943044
1520979
731475
464800
1315600
1938650
224224
1943560
1943021
1418238
1943665
815757
1831
1943727
483931
1943529
100322
717
367425
18622
98076
418944
1943837
837038
733100
1944646
65206
1860395
1944145
1944856
1943789
1944750
1161378
560579
117379
1945249
104438
1438054
1945282
143671
990594
1781582
1945486
1132153
150947
1945702
422755
1945310
1838689
1945416
1129803
1393817
1946056
521487
116430
12661
566377
1945953
1791826
949810
1946557
1004647
1459138
1399784
1661175
1946941
36874
1409565
1947220
195956
1573066
17619
1947521
6012
1947634
1947498
1947680
1947671
665976
1652340
14350
1947898
1056419
1947358
1948050
657435
1406262
1948367
1945962
1948262
1569
1948522
1948563
1948692
809883
1792395
473879
1948691
1820
1946107
1893454
1949138
1600345
1948846
1949203
1949117
1945129
360622
1949481
1949564
1949575
222702
1949277
900983
1949027
1949806
1949832
1949546
1949716
1949720
1498643
1950044
1949915
1950200
1537937
42779
476813
6823
1661893
1947937
1514596
1950012
1950429
622323
1950034
1950004
1950510
1950547
1950559
1849641
678
1950567
757140
788853
52740
1147641
717
1951133
324092
465168
1951387
683080
224
1951440
1951589
2178
1951643
560006
1831193
1951837
42895
2340
1564790
1952460
5902
1952268
1063474
1819842
618949
1952772
1376280
159651
1432919
1952818
1838790
1182580
975791
1951638
1493
1410976
1594519
1617673
1565924
1515759
1601937
1901679
1031148
678
1278703
1953287
1952768
120068
1794504
666212
1953597
1313428
1953665
1953674
1165298
1299942
1428822
180263
1953858
1524026
1953623
1140984
173884
418012
1953641
693543
1953942
1954240
1954215
596663
1878463
210021
39700
25373
1906
379486
1954843
527759
713720
4184
485334
42004
12487
1954692
1955164
1954543
649380
329108
1954476
589326
1955378
560544
1955369
50633
136228
1955444
1108360
139811
75788
1955671
1955695
803149
1955746
284758
6919
294731
1955889
1955890
1286291
280962
821826
1956193
87207
222306
1956365
1796776
1292066
1956692
650486
130395
1533620
1956885
1956424
1956860
1956676
1956521
1835431
385732
1956838
596827
24962
404476
301582
16744
676
1957057
682984
1505180
1477574
1957504
1651062
260942
1957599
1957617
683905
1957477
1927024
692959
340479
161942
1370182
381299
1343323
1955262
1072839
907244
1623815
1957375
812491
1958186
1958216
1202575
1957465
1958286
294796
1958306
1005124
429310
1956167
56202
1820464
1346031
762502
1958910
1047459
1958416
1959298
1959366
1522772
1959049
1539885
1959538
604966
8745
1223871
1305768
3777
1774
1589652
1959803
1948990
1202204
639981
319159
1431119
930056
1959612
735647
17143
635973
260813
1960160
1720329
1554592
1733
24416
1859733
1960474
630859
1960637
2564
1960742
1300501
245914
1135691
1960866
198054
1389854
1851856
1281711
1751293
489
1960693
3513
46946
67910
134523
1550444
1960926
626961
1297633
4311
1961444
1961478
1961378
88673
580227
1961633
1452360
1961844
1917505
1177131
156147
1962110
1661192
85732
1962497
801
312354
1962725
1962737
1563332
1222330
565690
120612
1962902
1159820
1962512
1962774
1962824
1963313
69298
37654
1533714
1668197
1963127
1963573
1023484
997436
652494
1963803
1950429
1120544
1266
1964099
1306425
299360
1964027
1078276
1964337
241388
1782800
1964443
2870
1497747
1148989
1268142
909326
1964827
424252
1964840
1963535
1290953
233815
709155
1964847
1964304
1962748
1924518
1336914
553288
1965580
1964528
5635
1747729
1277116
1169703
1964772
330844
90144
1865146
103232
56335
1966056
1331730
907596
1965955
1789736
1607768
1966646
714909
1442484
822545
1966843
1965176
827974
1324725
1066428
7219
88904
1967683
1047926
1966389
1928247
1527568
1043823
1967546
192202
387519
1147640
1726236
213485
1387488
1170864
3513
57195
1137153
1849984
1450735
1667041
1967475
1969055
1969038
1025049
1820
679644
555385
1968957
699411
1850783
654881
748701
1969767
1969756
607199
1969819
1970029
1970217
1970292
1969560
473102
1970047
1183834
1827178
1970442
1970740
1937364
646685
496101
1354215
1971445
1971189
1970273
1021444
52504
1970541
68053
1971270
13106
1830076
1971802
1971778
1972111
1445581
1715007
1584166
268660
1836941
1478151
1955738
442344
1972710
1972783
1972684
3028
1972992
1973221
1486781
1032686
311329
1973442
24180
410516
927109
1504873
966041
1026372
1947219
1795876
1973899
991822
718892
1973233
1973989
89797
94969
1945625
1973592
1974132
1973830
1578554
215530
1469434
1974367
1974345
1974406
1243854
1974814
164166
385972
341005
460364
1974784
324361
1357552
146938
1975072
1975209
1462027
1005924
1791329
1975466
1975009
1975131
124823
758644
649042
952
77325
1776736
1280922
1573997
1975684
411104
583666
1975630
933929
1976258
1118640
1173586
251868
1976532
1975243
918
1164518
1976282
1449841
317705
39116
1366585
404795
1244215
889376
116965
1976786
398173
1289162
1976789
1248252
1109645
1976847
1977060
1004344
1977190
1634413
1977043
1976831
1977321
1977320
1073963
1272259
1140855
51067
333397
116530
1978133
1438911
1650735
1978355
1976722
36998
1978135
1978690
1977579
1978306
200788
133268
1978659
1979056
1864159
1979063
212290
1629248
1430998
1716104
1005534
1979150
26741
2549
1979943
1978486
918
1979974
1980004
405834
1980311
1980399
1281853
1980545
1978214
1980278
1980378
451863
406601
545550
1980948
1980745
1980566
5279
1281959
1733
1980289
948678
1981366
1981154
1981637
1981657
617576
27346
341839
237491
1740045
1862707
526078
1631554
1798147
819204
344423
529710
359962
1760815
13115
1783
1982162
1982187
393
538709
131884
511723
164841
451355
1895934
637791
1982551
1982406
217985
1979318
1981222
1982996
44301
1340247
689616
697488
280441
315086
1482677
1983047
1262879
358086
1977689
1983412
1983163
1390683
760952
1315
1552381
1815583
146360
806584
1983065
322857
55788
1983727
1984019
1983896
1982807
1931736
1325516
4902
1984267
822069
1272581
977917
948045
1532471
3074
676513
1984478
1006370
1984697
1984883
83278
1985350
506917
639839
1725479
1985490
1049431
1985367
62197
1985143
1595620
1985647
1397148
1985511
83968
1985735
1927463
914978
853341
819379
1986418
1986528
156013
1052990
6823
336847
1618825
1986975
1909027
1986675
1743844
60633
1986601
1397588
1340429
539652
1895656
548011
1358182
423482
1987420
140020
1763990
1834298
2150
1987610
1987624
2318
1436536
3
1353442
1551503
94408
1987849
99776
1950503
415110
1751
1986586
1988033
682591
1987780
137357
1086876
1988171
1988197
1988172
1987826
1988301
1319535
1987985
1603747
558167
1450903
1988681
1988072
308978
1541843
302751
3621
1211239
1150176
1988447
1968399
1988977
1988653
122456
1989147
1989112
1522228
1989320
1989178
808578
1147692
1658692
1989475
1690629
1862025
1988917
1625448
1344238
1989659
309421
1632932
1989699
1989481
1989411
1989783
1989790
1845591
1526216
1984678
19804
228788
197926
2061
6401
1990236
1316605
145464
600454
601820
1990295
1013273
13232
1688924
409036
1562434
33375
1990518
388031
904241
1991099
34134
129742
1990869
1975895
1068
870532
866709
1643457
981387
120469
1991639
124125
1619798
429207
12642
1991352
410387
517644
1991514
1268251
1991578
157259
1991835
1514586
1751
1851186
233944
301852
1992104
4184
1966300
331
1515435
333363
733397
1992413
899821
1263
1041121
1751
1285014
1641423
349707
1992876
1957199
990701
735477
249743
121175
1056105
1993257
1993338
816978
953721
668736
154351
1993486
1993552
771656
2643
1055
1629855
77676
20051
577890
4059
1751113
474289
1993956
1113290
708287
1994208
1993965
4538
397481
287161
261037
1994458
250300
39767
1994338
16744
1994544
98422
4538
21065
1986325
204280
1759447
1481031
1945577
1995565
1623018
1995746
1989282
1497955
1765623
1445300
1996046
352169
682825
1933824
1919065
1026912
1996465
1996505
609651
1356045
13275
1996558
1347345
1641795
415487
1261865
1117153
304917
1766071
1997298
1997333
72409
1997360
1916402
834955
1997621
1997664
1997726
1997627
1256463
1513058
650818
547373
1997946
191156
224055
1943138
191415
1998281
1998390
1877119
394572
1997052
1202551
1998564
389491
159283
475799
7170
38974
1285159
1998505
1512023
1752867
1998558
1535711
473091
176820
92034
1998642
1999041
1999094
276713
674981
139184
100459
659641
1999422
412044
1999512
342842
1999471
3470
1999644
1729963
1523464
2393
1999856
7049
111855
802762
2000131
86874
2000235
2000501
465
2000644
244671
2000801
241218
2000738
2000884
1310716
1524386
1364332
1348518
1999222
901134
2001468
315036
105476
769246
2001527
1050357
348781
4538
2001905
388209
265811
191662
1853822
2001752
2002211
2002419
2150
1366609
1658725
420332
2002500
2061
1199285
2002789
1496399
2002827
1733
468983
2002940
17068
405724
2003167
367247
9709
1466861
1264997
15947
2002557
2002788
1844160
2003441
601126
17619
2003255
2003660
2003428
2003552
2003376
1985120
1884549
153701
537356
1887166
2003960
2004264
2004459
2004506
1774
2004083
1790576
336079
2004515
412097
1446459
2004748
23899
821585
2005033
29070
2005060
1072601
2005106
1890392
2005167
1977441
1282524
5703
217220
1063682
240708
461996
1439117
2005407
1634352
2002356
3743
258921
440920
1314566
2005870
2006030
2005284
1580803
736914
2006436
2006422
717
2006528
1111786
2006366
534411
2006786
1298080
1617779
2871
1194602
2006950
1290133
1178417
1303181
992321
1280389
1740000
504332
394773
222070
2007332
1968181
244900
2007386
2007233
2007413
2007427
2007452
105355
5279
2007512
69480
2007440
1976039
2007561
1608156
1394886
57307
1046950
1712102
108617
1908062
2007924
34231
2007954
1270275
451
2008097
2008114
2007939
1142068
8852
757582
472927
1854474
1966
1900770
2002087
160889
1528
2008489
2008501
615847
2008598
1750690
390605
2008713
2008120
1302901
2008741
1091182
628164
1814589
2008891
2008852
519424
1417000
1993898
2009052
1416650
2009124
697420
2008783
1330487
1639814
2009424
1805339
981401
858582
1489852
1299266
1495966
1614569
2009624
28020
2009676
2009685
1519750
2009769
1733757
2009852
1417620
2009868
1662777
2009935
2010010
117062
2010056
211268
49218
1009634
2010184
2010241
1397228
532619
12914
2010341
2010373
2010444
1937468
130138
1323621
2010577
226462
1282685
1055328
1626167
753564
2010967
53573
1860770
2011142
1202
2011285
2011312
1321143
1497829
13834
2011573
4958
299
1025571
824889
2011954
979372
1939320
1022954
1925007
1345036
2012266
2012374
2012356
1796985
557251
2012524
2012528
2012582
2012617
1153203
2012672
2012736
17309
1626616
1053628
672353
3297
1873967
1888226
679626
2013221
869600
2013296
2013335
199329
2013414
1311369
71774
917347
2013571
2050
720148
830109
1659696
1590001
2013785
1357646
2014223
2014227
2014329
380358
436653
2014556
2005434
1325997
2014689
2014477
1400504
1022044
2013353
2014960
1419438
38661
408232
5356
615122
1462628
2015066
100459
372385
1990792
2015489
1998169
2015708
197096
2015733
2920
571988
2015613
2016081
928827
1717329
46793
663265
2016280
2016251
1732953
2016595
2016814
2015964
116684
2016724
952
1775230
1859064
1176340
1743631
1171604
2017683
2017081
1940696
4706
2016983
1899626
770
2017616
2014035
2017648
38517
1080889
1046104
981469
2018422
2018474
1242961
272386
875998
2018488
937509
2018842
11762
819322
2018551
423693
1847623
2019406
719425
2019392
1911271
1854228
1988513
155754
2019693
344347
9953
1448247
2019893
993797
647611
1747307
2020281
364702
1936044
644516
603431
1243499
260301
755765
2020764
3777
2318
61663
441547
1387634
229515
2021025
7687
1446034
949858
693
706923
2021535
1978140
2019628
8443
1976140
1037873
1147336
1403080
825203
2019914
2021410
262764
843859
296373
1732895
447328
2021719
2022168
2022388
1526355
184998
309994
1781883
122867
1637531
2022822
2022940
1315422
280986
339254
440464
41970
2023285
5154
640109
1297319
2023083
918
2023454
2023597
287357
1576768
252246
2023326
2023658
994139
732314
245294
1944411
1052103
2024361
704548
2024408
2024479
2024538
2023953
1575458
642101
903435
1262346
898636
2024688
2024549
16031
1044865
187577
191674
375964
284089
2025075
1329936
2025251
47370
2025501
1250067
288075
643136
1725465
1550065
88389
2025453
2025752
2025723
2025895
46897
30368
141406
1941085
2026277
810533
1236
3047
643977
1421
2026608
2026656
173317
2026728
1859466
2024954
1992022
994768
12803
3550
199782
2027009
8701
1773571
611062
529201
256531
1726078
962949
1166265
1983301
1989816
713142
2027557
2027529
550132
2027863
2027385
975908
512205
314709
2028060
547075
1425082
35830
2028460
1225038
2028654
1916631
71457
412734
835666
2028741
781612
89960
2028896
201644
1820766
1489516
1316033
1592535
11245
2028895
2029303
2029234
1346809
791127
2029407
935306
426095
2029448
310432
43980
934299
1613292
724676
2029168
802
2029577
1021606
1134011
334215
66504
615288
76766
754945
500911
2029745
391369
841792
2030144
617193
120608
883357
438213
1442575
1190396
2030475
2030531
2030539
632926
2030783
681171
2004584
2030871
1535531
2030919
2030920
2030930
1290437
2031114
2030859
2031162
2031217
1965071
444392
85802
1435392
1634981
22498
1829763
763679
414626
1945821
1874943
634244
2031302
30871
1986217
784764
9604
2031882
155607
1019094
120004
1272515
77753
47387
741369
987542
214914
952
2032487
1892935
689878
215680
623612
770
2032691
1320916
2258
188758
2033102
2032914
605776
2033420
2033462
386297
2033472
1304541
1149890
902836
1387838
704930
2033760
2033021
2034002
1243749
607153
84242
2034243
2034278
2034322
3047
1573021
154118
67104
278464
2034777
2034831
95873
3797
439320
2035021
2034847
2035070
681125
1465299
1162392
2034717
1061062
1372222
550661
1827276
2034859
145508
2035378
755177
1431613
2034249
2035594
2035626
1272035
337832
1807112
154757
2035941
1968543
1177559
2035980
1809285
591915
2036016
2036087
2036101
1636166
3371
2937
134794
1693325
2036278
2036165
2036380
125250
2036393
2035910
2036449
17770
86020
2036492
52114
1911988
1168605
987139
2036674
2036705
1666998
11505
1298266
1524430
617228
658410
126066
905934
713467
1164434
3
1445975
2037207
2037273
176110
2037368
2037382
307254
469073
991479
2037437
266008
2037448
506908
2037539
5635
2037568
797232
2037609
718669
201904
2037671
2037766
2001468
897306
1243499
96377
1119647
993
7049
2037939
2037956
1650045
688616
2038118
127070
15433
1177963
9472
1118848
1851360
2038232
1108412
2038275
1342329
872602
2038307
1500153
5205
2038160
2038451
2038452
2038493
169941
4311
1611514
1150163
2033862
651001
646081
1115590
2038599
1610470
1084447
176645
2038730
542631
122549
2038807
2038815
402937
2038864
1291338
291289
1711497
450175
2038884
3074
274322
1626521
3074
18622
189911
2039393
181265
1247003
2039452
191215
916069
411721
2039516
212240
2039544
580286
8978
3071
2039635
2039697
379807
2039718
333672
571670
2945
2039749
1882342
2039766
465716
1364809
931870
2811
2039858
13482
149707
432220
43442
2039942
426567
1720565
101043
1286107
12139
2378
2040045
2039753
2378
39
2040132
2040209
1507748
1937164
753723
130348
348848
548800
2040418
2040455
2040473
1060591
570138
942958
44911
86975
13115
2040584
983435
1621430
1359543
1070993
2565
2004472
301304
714743
2040769
2040771
283548
106753
2040869
270932
2041003
1261845
516291
2041083
2041094
2041128
2041144
2041170
690518
1175849
761206
2041224
2041235
1470848
1523871
1306117
1381828
350224
2041302
16513
2041323
2041373
2041417
74897
1865795
238915
2041556
112062
2041586
2041619
2041631
1662
2041716
540292
855199
2041887
8221
1375
2041787
2041955
2042010
360159
737045
3114
237902
1934664
2042497
1377447
2022379
2839
22543
103130
399941
2042620
2012207
25339
808193
1661
2042775
1031208
2042783
1270351
682793
23453
2042483
2042830
2042868
50025
2042884
2042906
2042785
2042958
2042974
933124
2043046
472139
157993
2043222
1620256
17440
1957547
2564
2042735
2043341
2043361
1325317
2043399
1646434
1090781
1905907
15730
1418521
1809450
140938
2043532
2043544
582992
2043559
2043591
1830902
1573542
2043668
2043689
2043751
1768
17440
2043814
1150715
1279244
994306
651122
1171498
2044057
2044183
62552
2044203
70915
198060
1475209
1629
1020
1168357
124887
1876837
2044481
1459378
93350
3621
864660
1765815
1880960
2044726
1101410
1487251
2044750
620917
350224
351299
391321
425785
331546
732252
677903
1739732
213321
2045100
76766
1599464
1661
2045184
2045234
1739817
1145292
1440456
1833003
2045488
837707
2045655
2045658
195391
713
264722
2045713
2045748
1022772
2045807
2045870
2046009
176032
2046039
306088
2046064
1827828
2046123
637098
348168
1297095
2046201
2046281
2046299
2046317
2046337
1267226
2046406
1082006
1055880
1059018
2046450
1373763
2046467
28700
1683193
1466690
2046522
2046548
1048586
2046591
2046596
2046603
2046606
1820
2046612
13115
2046643
594395
2046705
215700
2046730
2046773
2046782
2061
1307333
1461095
2046863
2046898
2046919
32268
501829
2046969
2046997
2047060
2047073
2047086
104676
886167
2035378
2047128
1310870
273585
1807462
5773
2047191
1931100
2047489
2047497
332180
684867
2047545
512105
2047584
2047585
678
853208
2047656
1341436
444032
739815
217626
701515
978948
2047774
1506770
2047807
2047824
2047638
2047548
2047926
1055322
825106
1453884
1631347
624930
530489
1586057
729474
123681
10640
2048251
2048274
1900898
2048298
2048214
1788125
1354160
64838
2048413
206075
52543
48831
2048419
2048443
1780670
2048489
2048494
753658
2047318
2048352
1006
2048593
602200
2048626
144667
2048567
2048720
1872787
2048748
2048755
2048768
274322
76832
1837
2048856
1830780
2048868
2048875
441
2048912
2048936
2048773
836492
82861
2048974
2048988
70698
5773
2049011
368469
298206
1931643
2048733
1876536
1459111
1659100
2049119
611367
57070
1294287
326764
992293
998808
663883
2049276
836431
1616071
491083
1975519
84170
1866972
755448
919491
2032695
2049407
1970601
2049344
754299
137646
13232
2049486
176645
1851062
160969
1016390
83398
2049597
84843
4597
2049708
2049712
213698
725563
643026
2049797
484497
650519
819230
4972
348589
2049936
952
288765
1027080
347756
108014
166045
717
4826
611239
1001877
49940
778144
2050160
2050217
2050220
2050224
2050235
709517
2050250
2050292
256061
529356
2050348
1429878
923567
2050396
763157
322932
2050445
18360
2050476
528780
2050482
172789
2050572
73378
2050624
2050647
511578
681583
1359521
129693
2050771
1254484
1247596
1434820
1221712
2050852
2050835
326826
2050909
2050968
3003
2050982
1637053
1576145
845883
2051033
641838
329042
2051105
1570449
2051119
75583
2051186
2051245
4089
1531845
2051397
400080
978716
2051507
1588462
2051560
1562908
71912
2051577
1841795
490666
2051659
402
729843
878733
1498081
454857
1803
2051906
2051960
38240
2052023
2051693
2052052
30056
2052081
1860764
2052206
2052212
72424
2052267
201669
1490782
583663
2052361
1722951
1029075
1176111
2052449
2052469
365533
2052465
614596
1209250
2052788
2052816
1816124
1953470
2052909
24748
627282
2318
2052970
2053050
609277
17619
2053124
1165878
2053130
2053137
2053149
1273271
286071
2053238
1501520
1857875
2053315
121254
1108401
91828
2053434
2053478
3244
813622
2053448
1161382
3014
223482
2053768
1463112
2053814
713097
324061
1833825
2054014
2053943
162292
2054059
631664
2054139
1018529
267016
2054168
1878328
220899
2054194
1206392
666461
2054308
477508
76393
399022
73530
71326
6257
2054502
645831
2054154
965294
1459017
2054452
2054437
2054622
322706
403634
292366
2054702
568663
232723
2054794
256060
423199
2054954
2054999
1431819
2054925
695174
2055050
60895
2054440
2265
393222
9401
2055158
2055167
715147
4719
2054718
2055247
2055284
2055317
2055357
2055405
2055412
2055450
2055456
2055477
697765
2055550
412486
2055655
18217
2055736
1258599
2055758
2055647
40318
1322817
199503
328637
1470139
2055845
2055951
2055962
236106
2422
2055899
1531583
1398958
2056147
1646556
750087
1390309
2056469
2056543
254663
39599
2056591
301482
99089
2056684
1526317
1864966
963085
138375
357019
2056943
948657
2056970
895528
2057003
65549
2057017
2056470
2057065
759480
1292334
2057156
1965118
2057181
623915
64992
315892
2057244
878690
1962913
2057253
277
2057375
1834843
1864772
2057404
1967117
1397957
383098
2057512
1320157
1569
2057537
29487
2057659
383493
2057680
2057754
2057765
369877
2057789
1959825
2057796
2687
2057970
2057998
1474977
2058018
235344
1404499
2058150
946818
2058225
16473
2058229
2058242
159152
679644
56527
1999445
1504
1840908
2058365
2058391
2058394
598838
2058267
2030020
872779
30381
802
416578
2058622
2058646
7251
2058716
2058720
2058725
1573768
1970819
2058858
1739536
666049
1164877
2058995
6507
2058998
2048868
202790
1106349
1305331
2059063
45985
2059092
2059155
1736903
349796
696959
518052
1609166
1887776
728828
1212
2059510
1345946
2030708
1389194
991104
1957202
1162
203139
2059630
2059678
2059695
8658
1245547
1314266
337380
1811501
1804940
996553
1712196
2059848
1884234
1438992
171783
643510
2059911
2059922
142451
265674
2023365
1240370
2060055
2060064
1460740
2059959
2060100
1982187
2060149
2060163
64715
228407
2060254
529297
2060287
1763806
2060391
2060407
2060459
1427007
589238
2060497
2060505
1554691
1825905
2060576
2060630
52168
1288266
2060643
1738661
2060717
2060719
119692
1737586
1824081
2060754
267597
590407
2060818
2060858
463403
2060893
156932
1271017
1949974
20528
1348658
770
819648
13319
78494
1488526
2058194
2061168
2061248
2061069
2061294
3074
816852
1617644
1881722
6323
83510
2061510
83708
707867
1834201
2061616
2061621
613403
2061652
2061663
13319
506347
232859
2061839
796303
2061860
1123939
229313
2061835
612234
1806277
11583
2062009
9835
2062066
256484
2062084
2062184
177781
1516554
2062278
23818
2062415
73524
2062428
2062437
122478
481665
2062538
205925
2062556
1352685
911749
2014432
634081
2062449
2062737
367621
2393
70836
2062921
2062924
630196
139510
456115
498793
2063076
2063105
2063111
2063148
1525552
40219
1176111
971181
5205
332095
382456
2061
2063365
2063387
605814
473275
2063434
2811
2063326
2063455
2063458
316308
2063496
2063481
2063550
109620
2063646
1145148
2063704
17729
342
1590958
2039516
2063774
2063777
3071
660844
189450
750179
2063813
1631160
1436506
2063873
1893351
689859
2063890
2063951
396554
1254918
360854
1226362
2064042
409556
2064048
4538
554701
465
1742709
2064194
1763118
130276
2064205
2063865
2064223
1575186
1557195
2064249
2064297
2064300
347816
2064350
2000684
1398889
1813981
429595
2064449
636395
2564
35595
4597
1627769
1959935
2064616
2064656
194903
2064696
2064733
2064344
2064757
385783
2064844
1122456
1162
925559
1001346
233835
2065101
2065166
5548
1164927
1800336
701
2065498
2065511
68905
2065586
2065641
2065590
2065647
1582704
195956
39144
862899
1807349
2065754
116444
2065555
402419
2013704
2065928
745921
2065962
1053326
2066025
2066060
94627
2066126
2066164
4634
2066249
2066287
2066318
2066357
1638521
517663
2066449
2066468
2066506
2066529
1115427
1268338
120391
1332662
4719
610621
534235
642509
182821
937462
2066920
8151
135445
1349269
2066976
1144195
13482
1618645
4947
2067019
2067031
2040339
122443
605104
2067166
2067176
2067221
2067227
449040
2067274
180525
671320
2067361
26000
1345634
137193
2067458
2067373
769854
616917
277452
1488666
413051
2067739
2870
2067843
278728
467995
2067307
1134475
527061
2067852
1016507
631448
12177
2068139
1889664
100459
595205
1807112
435483
2068257
1940753
2068307
1435892
302793
13370
2068496
2068507
2068603
2068606
64293
1748028
11227
2068672
1871421
2068247
1118305
1360084
637071
10064
2068887
2068937
2068746
1097822
639617
2069165
1631729
2069174
1423919
8701
771984
264140
352169
2069087
5263
392568
93027
2069374
1880197
556895
927095
858526
39
2069476
2069487
1724454
1630896
2069548
2069549
2069551
2069569
110888
1492731
121581
2069701
2069702
262763
2069732
1747767
433
2069753
212392
2069823
2069843
1871731
2871
1392710
1316066
1054202
1251753
24482
5205
2049893
1279446
368297
2069852
2069825
21539
2070064
15462
125787
6823
2070139
17770
1824508
1624942
433
2070171
3621
1493
2070182
2070215
2070223
2070238
79345
22130
1652862
77452
201950
1253495
1020447
2070399
2070403
669211
260132
1548953
2070424
1144144
2070445
2070446
2030482
206532
2011096
2070487
420171
2070518
2070547
1480957
166286
542085
2070592
2070600
1952550
264165
408437
2070684
812170
17068
2070718
2070751
1420718
972601
2070870
124541
2061
2070928
2071018
718218
2071099
410449
2071133
2071220
1402701
17068
2071270
2071287
2047677
2071327
646084
1662
2071381
2071429
2069695
2071445
1020
268230
2071473
2378
352978
2708
2071574
2071590
2071301
2071610
2071648
2071663
1575707
2071731
1446948
2071781
714991
2071831
2071850
269419
2071841
190684
2071997
666910
2072062
2072071
349987
61142
14012
495513
2072150
2072165
2072168
425981
2072061
1315803
2072326
4947
2064350
676814
2072425
76759
951119
2072466
2072489
1852766
2072544
2072558
2072578
1139317
1141615
2072663
2072664
612234
889123
109026
17854
188020
493656
1440941
2072803
1405867
922569
364580
875706
3483
1858316
1954175
2073016
401502
495195
2073034
2013082
1768003
86900
82591
2073077
1224680
2073090
647789
2073098
675010
749013
531706
1887437
422967
981052
2073235
499950
2073253
9634
968925
2073292
1318142
17750
440649
100524
2073458
677959
2073516
508129
992205
1110767
1942154
1772764
636333
2073588
723521
2073607
1402991
2073641
570754
2073666
742567
926827
2073835
2073856
536042
2870
1133790
2073901
2073912
2073915
2057569
2073949
2073952
2073990
679644
724449
2074026
2074030
234581
2074049
2074052
2074068
1375
2074100
2074177
2074200
2074204
497926
2074254
187904
117274
13491
17777
1162
73580
1559708
42993
661982
1852932
2074157
32065
2074560
402
2074425
1201752
160947
2074701
3552
849599
4099
2074842
706205
775204
2074882
1040276
2074911
2074934
2074955
1978355
2074982
1562950
26928
318391
2075045
1810871
722550
2075031
6467
2075125
968214
2075157
2075161
2075172
41394
1411289
460017
618784
2075207
2075222
1682010
1011876
2075267
1805
3003
107012
40147
2075346
2075355
2075361
10858
2075407
2061
1442095
125835
2075496
22435
2075519
1093213
4184
441
2075433
2870
952345
5367
1263017
1447767
580085
607982
722350
2075651
2075671
693
2075689
2075711
1783
2075731
1389501
22130
81951
424609
2945
2075791
2075807
1472352
1887437
981701
2075877
1832913
1007631
1118715
2075907
4323
799086
2075944
2839
1163939
1017102
2076005
1942122
2076034
2076052
22543
1135200
2076092
555427
2076123
2076145
1939557
2076147
1380378
601538
2076176
612005
2076192
2076195
2076200
1089360
934707
2116
2076273
505297
2076304
505696
1413549
2076314
253286
650828
2076350
2076367
1411537
989589
2076404
2076406
398715
227062
259496
2076476
66856
2076485
964101
492288
1813715
2076532
253
2076520
545917
2050
786186
2076570
593425
1946804
391312
918
691921
459333
2076710
2076716
4657
680566
2076742
1646486
1947873
2076762
436122
1426883
358966
1266668
1332696
1869930
2076824
417029
1617356
2076868
10523
6515
2076896
1568452
118929
715450
1069139
2076951
2077027
1553673
2077064
812
1531461
560414
2077109
427283
2077149
808680
2077150
2077155
2077159
216068
1268544
2077174
2077176
1282986
1321319
1742841
1785472
482854
1586001
1276770
1294983
387985
1662
1896984
2077229
448330
97480
2077236
2031494
1897974
195956
2077246
1363703
458153
2077252
2077256
441693
97879
1381803
418350
1288484
2077271
237363
2036169
1066419
6113
2077300
1239988
637588
1016503
988453
113506
10261
153777
2077373
1664821
2077381
2077386
2077391
1967725
2077399
587443
325336
1549340
2077427
1429379
1629
30352
1294646
718627
2077453
2077457
50511
2077468
1471426
2077479
611213
2077500
300791
2077507
645497
422132
2077533
99651
2077539
1334711
941432
2077554
303324
1266
2077572
2077577
1885428
2077580
1205503
1876507
2077605
2077613
1852315
1642438
2077622
81096
1906908
1624852
100114
1748368
2077641
2077648
2077654
419297
535069
1284323
2077665
2077683
371332
1768849
1401272
201353
660406
325565
1381334
2022636
689734
1467844
1942245
601278
1193327
2077780
357053
2077787
2077791
1967804
2039596
2077811
1662
225559
2077831
2077832
2077833
1580
1781037
418488
1522929
988834
2077919
160239
2077926
2077929
2077942
2077957
2077961
1361960
2077964
2077969
2066763
2077977
2077979
864863
83316
48411
7008
1344087
1150123
1724667
1419189
548792
173206
2078047
54003
983435
2078087
2078106
1587535
134864
689130
2078049
2708
370160
2078147
1359524
1311951
2078209
2078222
251763
2078250
2078266
2078272
2078286
1805274
2078304
1823459
966156
789291
2078333
13275
2078344
2078362
2710
216625
1644300
1279886
312560
1353248
2078529
214760
1204693
2078563
1184113
439912
1560529
2564
618077
2078639
1493
2078670
2078678
230492
1336980
3028
1606379
175447
1244076
837090
3071
125952
261327
2078890
2078912
2078925
720765
93808
58873
1896877
2078981
258172
301344
93311
541737
1472
1844429
652011
952
607686
2079084
2079091
397396
1055824
1486862
1488229
265881
638745
1586215
232158
2079173
713725
58988
2079212
428327
2079312
2079330
2079336
5756
1271029
1097049
1733
2079422
78991
2079429
1960476
644992
868297
2079464
2079534
13186
1741753
2079527
812
2079571
651854
707621
2019308
2079570
2079637
2079641
1373821
2079653
2079666
2079667
2067643
1528880
18621
813090
1142056
1242053
1301283
2079782
652083
2079788
1472825
731462
1584787
2079806
1995285
1350645
278021
1278397
2079830
750489
2079844
2063173
110795
389181
53169
2079879
2079880
380055
807566
1926168
207166
243577
266078
2079934
1124128
2079944
485241
2079952
232405
622289
1727194
414413
17619
397191
1429132
2080034
2080040
284948
520486
417205
2080069
1994449
817227
2079963
197452
2080133
134794
2080135
161523
2080144
2080155
9604
2080179
178730
13335
2080209
2079668
2080219
2080221
2080232
2080234
275680
540831
1733
2080273
864595
36720
496416
2080293
2080267
2080305
893658
2080308
1823223
1327936
142590
471271
270344
2080289
714368
2080398
600134
403975
2080465
2080474
178317
2080489
5773
1841423
230262
2585
1755942
63878
661858
17440
713
2080616
2080626
2080628
1108492
1994337
2080625
2080672
1829762
1780356
2080695
578687
1508421
1834100
456512
752861
17440
2080857
2080885
2080919
2080875
2080950
759857
2080965
1355233
210637
1514193
1613
2081025
2081030
2081032
2080993
2080981
2081037
2081043
2708
539535
2081083
2081087
2081122
2081141
2078250
2081148
2081166
3417
1682137
32734
443055
2081191
1791111
2081218
10064
2081243
7108
964039
5154
1933856
4184
756323
1755611
1006742
983257
2081327
1003345
2081386
10640
910097
204667
4972
215187
