1842797
335622
1844021
1844138
1844151
1844196
402
598028
1402106
2265
688599
56559
370989
1848134
1849595
1854088
2510
39
1855897
289901
610626
1860035
1860742
1861627
1863404
209565
1864943
1613852
1327255
1340153
1870187
487901
1525098
1524753
1278984
5205
1301597
1269617
106706
1839561
1850655
1840462
618770
754353
1870434
1162320
644437
1870521
1279169
1870592
1870621
1335916
1870691
1714893
1870699
1870700
1338143
1870747
1337577
1282778
1870771
1870791
1177357
1292155
1694843
1607869
1871106
631854
114325
1871172
1810612
1611464
1214515
1277586
1358065
1871322
1364316
1177245
1871422
543110
215962
1672
1537378
767070
1322165
1871781
1286375
1871906
1637593
489
1872141
1412514
1847401
2705
1380703
57833
4706
1872521
7945
1279634
1267868
4493
1873031
1873038
1741655
684407
1432750
266793
1525230
1873317
1873416
324072
1873626
1839818
1336097
1873871
186282
933266
1873954
770012
248747
142492
1875262
1875275
1875344
1875481
537810
11762
417420
1875767
1875888
67223
447701
718339
1876483
1876659
1320001
1877247
1362399
1877392
1877402
1877654
1282274
1877890
1253469
1878388
1269982
1878793
80403
1879791
658493
1287926
1374088
7484
1879857
1879197
276478
1879872
1300214
1879948
1876980
1879393
1879155
970636
1404470
1648779
1589068
1844218
1363312
1880110
1880145
1863162
1879886
1880221
1880249
1880152
1792675
1880262
538362
1880339
1880352
1880372
1879502
1300927
1641108
1284499
670792
1589139
662496
1379471
823852
1290624
99414
1880472
370694
1880643
358750
1880537
1211242
1880709
1880732
1880745
1880790
1880844
1878136
81867
1880872
1640883
1362252
709578
1880956
182114
1845286
1526808
1881011
1159279
1283474
1880982
1881094
1881120
241175
1881173
9634
987716
1881277
1600345
138080
1335662
1579755
1881338
1550872
1881493
1881473
1881505
1779622
1881502
506709
812
1881659
1603753
406236
171796
1881760
1881762
1881736
1535556
1881869
1881870
1881834
636432
1881927
1517078
639
1385541
1823627
1669951
1003
1882143
1092921
4706
876833
1882245
1882260
1587104
8978
1882262
2378
1839412
1352947
1882475
1882492
1324079
631446
1873781
6400
557855
1389739
10524
475589
1882560
6204
1882779
355112
1882821
1198520
1882792
1853180
6191
1286206
39483
1882844
120138
1118120
1883183
1883132
3621
1477490
1654681
36649
1393239
170612
1718449
419124
1321606
3
1883257
821012
1883771
1883735
1873705
931248
233278
259296
711158
6872
1836715
126174
1884196
163697
61344
1884380
1884226
1879499
322414
1884558
1884589
801
713943
10705
1884774
1884831
1884822
1833452
1884838
1884898
485279
710718
1461074
1884953
913583
1885015
742756
1885205
856032
1884136
1277754
1849859
1885198
1885331
1046513
181131
1885371
658844
1444
1526110
1883813
1572716
510648
1885545
1885579
701
1885634
1885667
1204648
1669435
1883359
1885771
1410916
625669
1108092
1867866
1529680
1599123
1886049
23899
1886003
1885662
3417
1886048
1886222
1886295
1886370
493535
1053260
1882800
767817
1886476
547061
1719200
1886548
734017
1886528
1886627
1886635
1558226
1886654
1557323
15907
9982
258227
3114
4972
1886649
13991
1886813
82270
528462
420242
1837587
383399
347713
1570815
1714271
2708
1886986
1887008
1625650
180223
1828967
1887218
1887307
1887316
1877289
1887363
1335779
1839683
1887455
4042
2178
1887519
303764
191806
1887595
1789712
1279619
1887724
1002557
402492
289626
1887861
1887888
5642
1450653
1887989
1888030
1888025
1888007
1865927
1888089
180198
95074
1766947
1888183
1888243
960485
1888366
1888402
1888435
271269
1494560
1888517
1551475
1888576
1857614
1537871
1331409
1025401
395751
149629
1523848
1888647
1558816
1579335
1134728
1584927
1007841
1774
616507
252069
1888926
813131
355919
1889005
802
456067
548580
148877
1271723
1888735
1889190
4634
208271
14832
1635892
1889341
1889259
1403672
1275897
967153
1889459
1889541
1281573
1889649
1889655
65522
7773
1255684
1336062
1889756
610049
21310
1118137
1398744
1344503
32840
1576880
1315
1889895
271655
4844
1370290
1889926
1861588
1890166
309574
1890309
1890357
1890354
1890338
1889603
1890509
938633
163172
6400
1890597
1890374
1604623
1140383
1890776
1890793
5902
1890859
339678
1890850
1609212
1875058
1890917
1358593
772537
1890615
1891071
1891088
1890958
1744407
18322
1330436
1891279
1303606
238456
1555719
1408100
727077
1815370
1891274
3453
1207675
1891605
835859
1039564
1891682
1891728
1891732
1891793
755007
1848375
1891934
6515
475816
163313
842211
1892050
1591958
35957
1637368
1847623
1892104
1860160
1492802
1892291
1140879
1892384
1892368
1892393
1892394
1663097
1820
5
1195394
966428
1892344
1291918
331
1308696
1892561
1277886
6257
1318364
1509344
1544887
389439
1177200
1892578
1892662
702723
1425203
1481648
1892905
342
10713
1298833
1892980
1892967
952
1893099
1428792
114640
1796444
1841136
921594
509873
1134114
2422
478555
1879607
909375
1893379
10183
1893463
2258
867031
1893361
12487
448277
1810922
1893701
1893713
232863
1068
257496
2393
1867508
1891571
676
1426354
1893260
326160
1894179
329913
1732336
1894245
1894202
1894324
727731
1894291
966057
44521
1894528
1389891
98293
269260
1894698
1894371
1644327
871461
1894654
6012
1894694
1894952
1894918
1872583
1475
1894598
933077
1895176
359152
1493
1879190
1895401
37694
1360988
1895446
715376
1895564
1895200
418994
633205
1895613
867262
396266
1895730
110759
1895844
1895829
20426
1285889
3086
1282788
1683416
1888787
122821
1896150
1114552
513257
1896203
1504403
1896248
1896362
1896331
1896340
1896409
1896399
1861222
1896445
802
1519958
1896488
1896484
1896482
1896609
639152
1896875
1896718
1897022
946643
1055667
1897105
13370
1897126
1897139
414320
4972
1111009
218160
1265097
1897474
1897488
1897511
1493
540544
13232
360832
1897685
1853803
1880766
1897788
854818
1897865
47821
1897995
671528
1897844
1897976
5097
1653781
1898023
271195
360218
217590
95981
1898181
725577
1898087
1898126
1753132
1400658
1676727
1898431
10713
1898347
1509815
14404
1898579
1898583
1898521
1898686
995604
1893872
741247
275415
515916
1606354
1899156
333425
1592241
424897
1899188
1628823
1898883
1899285
1899223
394470
726632
1899337
577108
1442046
1332073
1267146
1899288
1899586
1899454
1899508
547763
1898825
1702316
1076753
1792653
1545969
1899837
1899942
109773
69703
1899964
1899991
1899823
1731048
1897365
1528201
1290419
674030
1900158
1899904
1414955
359756
1900140
1627194
1317176
510471
1900450
1862869
329263
1900493
1900504
796032
1899693
1695165
1622890
2708
1398927
566806
1900874
863008
1767499
1662
1901227
1340197
1277449
1901346
1901408
1757191
26479
1901395
1901449
1901429
1901454
188626
1703026
895505
5790
1901478
1901625
1901481
1821970
1022935
528231
571980
767138
3621
1901863
282744
1895334
1901840
942704
1902216
1902223
10261
340479
1786591
1882884
1902486
1877415
1902234
1897225
1902622
1902602
1902774
1902598
1277019
1902987
1597253
251567
1903051
621867
1903125
1301126
1901485
1722322
2353
1467517
494393
1903448
176215
1049120
1903467
1903627
1903678
1903712
44720
1891343
1904027
1821760
25267
1904072
430554
1676918
1904076
1613
2900
1904202
1900984
573547
1903922
1392061
1506364
1408457
1717519
1403806
179280
1904492
1904634
819397
1903220
1461461
1904816
24882
131581
1556330
1904621
368324
1905322
1905448
1557165
738481
1905479
1905523
134473
1905603
1905188
754483
576000
1905939
1270677
6823
1902279
1905068
1672136
649784
1002018
1906276
582203
1574973
1789458
51839
1302877
597364
81364
1315
1906717
1906532
122530
1906485
1906774
109067
1622550
22896
2318
1808585
1514303
1906891
1251997
952064
1368593
119027
1907309
1386425
1907637
1907638
1907520
1907778
1907916
839650
1133558
1903589
1907761
686245
5811
411744
2327
1908425
275013
1908206
1127088
330490
1907723
1588995
637594
1908560
1908756
377149
1908699
1908908
1908498
923236
1909125
613933
1717293
1515144
2439
677926
714787
1909295
751268
1539078
1837430
1441129
1909712
1909865
1909730
2564
1268933
2565
347998
104250
1211756
308021
1836186
617363
331513
1874881
1865001
1910251
1909930
783
1909318
594583
1910608
76573
1910600
1910413
1909961
558391
682740
1901405
1910926
1910813
1911120
1326434
472613
1911085
1911262
250411
1911253
57924
1911453
748574
355821
1910619
1588602
279604
1512436
1911771
1911890
1892522
1912184
1600283
1633402
1602
627204
465393
666190
335003
1912983
1803966
1690142
1267219
754164
663
1875611
1414015
1448540
1258845
1913841
1202
216753
1326565
1913900
1158915
1750004
1913873
1279833
1914049
212074
532257
1885261
1382865
299940
71164
4597
326781
1911124
1423954
1914659
1824966
1914921
288180
451650
1915081
474010
1617666
1914995
1381414
1915514
821529
1513134
1915551
7432
1915650
1915795
360963
1915949
1672719
1915441
23009
408350
242007
1916197
1916085
1817865
1099658
1444350
558041
1916047
1916218
1916619
1873995
1916510
1608312
1916626
1916706
257898
17068
1242317
1118394
1916859
1113216
1488327
194239
18599
419127
1578601
1916316
1917242
1904913
1917391
1917789
1917851
1917805
1917800
1390631
797145
1629
355929
1917288
1478634
12642
523615
539892
489
1142888
1696623
1788593
1918090
1915753
1918388
793850
1918506
1918550
924501
1918139
1918521
1918660
1159099
968845
1781059
133631
20898
1113826
7170
1919193
1237178
1919180
1919304
1180651
34596
927547
597323
1919521
1919451
1918739
1881049
1324408
1919610
1919627
1919249
1919739
330554
1919764
1337925
1917621
1702607
1213108
1920135
1920293
1920086
1920259
1920480
1920383
1732669
1920187
1907436
479161
1920584
1920227
1269292
657008
1635539
1920503
1466711
541246
1920807
1921287
1133411
856942
295044
1492048
1921117
317955
1921259
120352
5279
1630361
1921608
1269406
489605
1922012
344149
1922091
1922040
1922184
350421
1922427
796740
1412842
1922770
1922531
661582
1922956
1922905
901845
14832
944374
993175
1086300
1274657
1923418
136181
1923450
1877613
1125329
1923764
1090491
1923063
1559121
52815
1316585
343930
1924139
1281508
1923423
35667
1539742
1924234
1906
1923609
122488
1577777
1924185
1612596
1924488
1924512
1924436
212445
958529
1005708
10948
1911924
1924762
1924823
1567278
1924221
412448
1925101
577542
702084
1136385
1812960
7432
1925250
1924529
917280
936932
1556506
1925566
1925508
9775
715834
22630
1925674
1925414
1291198
1925841
448906
717355
225155
1925692
1926003
1926074
1618750
1926058
1757
1926225
1926230
10475
1430441
1869951
1926403
1354119
1926331
1926454
1469211
881331
1926548
210744
599613
1926658
223493
1926609
1926637
1466480
864962
1926955
1926873
1927004
1926281
1161282
1926950
1847517
16660
377683
1927065
1925396
507028
1710460
1927155
1927167
18190
1927519
1301020
1290296
1796925
863690
741579
1927868
22498
1927876
1855310
1868796
1825763
1928061
1928124
1862642
1788776
1925815
1646884
5
445704
1278745
369455
743475
311869
1928610
1928324
936029
742771
621805
1293207
1928053
203514
1928968
1929037
1888274
1928588
62459
1929180
1929184
1929229
281447
1285952
1929071
3513
1929244
1101440
1929314
1929474
1533171
1701294
1928969
736886
1442603
1929383
3817
2050
1929530
1929767
496121
1911505
1794802
1929892
1929899
262331
1929684
1777768
1468580
1929913
1851578
1930313
1930386
1930395
3167
135472
624818
1930444
1532030
452085
779657
1930466
1827154
1930641
1124914
1402794
1930830
9604
1930995
1281204
1366390
1915087
338793
1617796
1931005
1931254
2178
1175332
1324481
1558763
1931158
1931414
1931422
853582
225719
1931471
336614
1394622
1255594
1931567
1930989
1931587
1491368
1462953
1931661
1931778
995896
1931402
816869
1931894
1930035
818365
1931696
1887032
120561
599055
1931938
1931948
452333
95439
1931725
1932112
1327738
1932305
1162
4719
1886195
1311091
4719
1870307
5635
1932596
1932429
1932600
1932705
1932715
1932778
1932722
1608718
1678446
1932755
1932642
1904952
639491
1933119
1513020
1930664
1933205
1933266
521629
1457955
332377
311725
1336940
1858643
1369083
1752682
659609
1933316
1933397
1350075
1933671
1608694
1394789
1933807
94604
1933918
1933817
1933816
1933971
774349
1494144
1934069
380888
1934031
460753
1933953
1929432
1934240
2871
1933819
1934304
71119
1934575
1934468
84322
138065
1934782
1934712
178903
2710
5367
1934840
1934387
1934843
1104772
1566473
1934951
1935088
90926
1935057
1219534
1253285
1586264
1348631
4719
1935452
1368529
676803
1557295
966434
1935609
1935684
1935699
1073989
1376609
1608748
1269374
1765600
1935907
1397685
564022
1419123
13106
1935916
1894091
1306767
1935979
1935992
1935847
1751670
1936034
6418
1499323
1050115
457786
301375
8978
1796458
1936391
1909234
89555
938487
452474
1935590
433
1936634
1681350
112189
842151
204667
1936822
9905
1340010
1934450
1365556
698
1937143
1615150
6051
1937463
1923866
3003
39392
1937706
1212
1784458
988545
1937837
198700
654881
489
1937990
1937964
193650
1937875
1938175
1489494
1938289
39244
1435552
1078498
1919589
1710898
1938408
1938239
434978
1572353
1938548
678110
276597
1319355
1938599
1938881
1384430
1787364
1938922
1939028
1938923
1939055
412173
6038
1939186
1939122
411567
204252
1939021
1472303
1939293
222447
1939378
1384430
5699
1939530
1939659
1938968
1939780
1939807
1939782
1086180
1939914
1939814
1939912
1939999
1940009
1553871
1940038
1935378
1939981
740586
331
1939036
1043545
281645
1940273
1873559
1940380
1940424
1940435
1940600
802
1940494
1584687
1940559
1458882
1940244
93976
1568716
1084129
1940497
1940773
1940478
14955
1057447
479030
1940953
1941019
1941038
1940988
3302
1941222
1529296
1941369
1636735
1941316
1920537
1917630
1486644
1940467
1674287
1348964
1732200
1708255
612691
1877629
1750139
1287282
1108503
155240
812790
1941739
1311612
1942122
1941122
1451729
1051430
1020694
642105
1726296
1942424
45282
1942360
1942621
388078
1942648
89626
1942730
1117213
29502
1566915
90833
1943098
1943268
1378887
88302
1509582
622713
1943305
1732306
741436
1943336
1943684
1943544
1119522
559538
1943529
573623
1943598
1604924
1942003
1438054
1943790
1733196
4059
672956
3872
595892
1944314
1818511
1944268
10183
1552614
1944566
1757691
1944468
1725699
10811
1788877
1944836
1944837
1944706
1944401
1945084
1945200
1945303
990594
1945173
960569
810204
1488476
5367
1781582
1945424
17865
150947
1945464
1944424
1945312
1945702
1945832
1945598
4657
1944719
1945975
521487
2708
292877
1945676
1945298
1946319
1945953
1945428
451317
1651538
36268
1946273
1562469
1946237
1946358
1668580
1002871
1459138
1946378
1946248
758625
1946558
1944799
1946926
1946935
156513
18622
1930763
1591919
1945302
563390
1947064
199290
1511496
17619
684075
1650167
868126
735047
1947350
169708
1946414
1947671
1947707
1947753
1056419
1849854
1493
789668
1947995
1947976
1813436
657435
1947866
1406262
1947705
1164917
1237154
657072
11184
1947250
1947711
1948339
1427051
1947501
119351
27532
1948778
1122186
612255
422716
63229
1893454
1948732
922534
1365784
2178
975791
498801
1949067
1946675
1946455
1947562
1098004
10325
1949037
1948744
293694
1779925
1779925
1949277
1949546
1949027
1949743
265026
476813
1407412
1950151
1950034
900983
1949915
1950012
1950004
1950169
1950644
1411749
1950253
1950664
1147641
248460
1951073
1389725
1951256
125815
147469
953530
688819
1951638
1950948
281102
1396485
163550
1951470
1508726
1036938
52908
1951979
1630849
1952106
441
4538
1177388
1951835
1952268
1038255
1819842
661389
16717
547998
1320582
13886
1765430
1513020
1642592
1952678
1774
1952733
625369
1952546
1594519
1952623
1617673
1601937
1312140
1953047
1134068
791639
1445120
1890442
1196156
1794504
1556659
1870168
120068
1953595
1630619
448758
1474162
997365
1951532
3754
1953470
495399
1534712
1953382
1954199
1350274
1769921
1954153
1954335
1954379
129494
1954152
1953909
243751
1953947
407677
1953973
442622
14012
1954573
1954557
757388
1954674
1243173
1954968
4538
1955118
1955213
1570677
1108360
1134699
622691
1955347
503726
516727
1953091
821826
803149
446333
1955403
797184
548011
1114036
1955850
50348
133429
86258
1306006
1955260
543072
1001557
1067867
143060
1954649
1949240
948347
1273420
253266
911811
1492616
1328577
636367
743794
1956733
130395
1956474
1956424
1956778
1533620
4059
1820464
1956473
1956956
970696
1956839
1011299
39846
1662
1209473
205
1820
769914
1957164
1957480
1957231
1380867
1072839
870516
901864
1956807
445053
1193856
1957569
1957782
1343323
3302
1957197
1957794
1957738
1957365
1957814
1347236
537695
1894601
1524026
1958059
1616876
1957529
1958125
802
1282778
1761346
1326405
1957949
605960
1958064
1958639
155924
1047459
1958642
1958803
465
1058781
5205
1958697
489
1807354
1427011
1958752
68898
1554345
1610642
755679
1589652
1202204
1959038
1959890
1097733
1959471
1960065
1960163
740627
1716311
24416
1389138
1430897
1859733
1300185
230160
1960474
1631476
1960164
1614834
1500194
1384250
1960256
1960567
245914
1953410
1800683
1417494
830064
1960767
10624
1724758
1553115
1873279
1960345
16213
372941
1142956
351999
2705
1382992
1175132
1326734
1961058
178903
1489313
1937294
1942149
1297633
1452360
1961432
1961927
1635326
1961722
1570140
1177131
1961828
1962058
1961893
1897461
1661192
1962049
1961826
180058
1463167
1962014
1375
1962479
15189
952
1563332
1962290
1962538
1962507
1279973
1222856
1962781
1962848
1962949
1055400
1962379
1963288
1269962
1963053
684293
1962824
1963249
1961805
1963127
1937868
892497
1023484
997436
1962960
480603
1962791
364286
516533
1964213
2870
1497747
1964240
1863540
1506428
1962748
1123655
1964809
235361
223734
608229
1493
1964772
892449
1442044
1965298
1336914
1964974
239785
1965288
1289733
187888
1965253
1277116
640257
14832
27177
1965700
473275
75678
1231
1416570
1202807
1965733
1440478
1965710
1568128
1966238
1803
1330487
1965955
1631544
1966391
1965176
714909
1946927
5699
1086786
447410
1328788
1860458
77766
237885
1967191
1124640
1066428
517751
1941957
1967268
294099
1967587
454111
1965290
1967274
1967343
690
1966803
664482
1968013
313887
811535
1038066
1861890
529810
447409
1375854
440967
82322
1968573
1968668
1967163
1964092
1968116
1855870
1968738
1968759
1897238
1806240
1797197
1969069
174530
1967065
751074
1969196
3777
1443404
1030493
1921097
1554579
1969655
1968408
1969460
1492274
1969613
473102
1724031
1969725
1768
1969819
1969560
1969969
1944095
1970194
704348
1548525
1969579
1970105
1533299
342715
1969767
4538
1970244
1423411
1445012
1970047
1869142
1970443
1489622
1968569
107570
1970610
97292
1971025
1968985
1255277
1971121
1971055
1963512
402
1354215
1500069
1970541
1970273
195071
1971532
1971544
697916
1971725
1971223
1445581
1330932
1321861
968339
307276
1971878
1972271
1282344
965723
393
1554616
1276898
1193360
1819527
1212370
12368
1334947
1972434
270423
1594773
1972384
929359
999933
1972992
1071880
967291
802
1973167
775859
1437160
458848
1973399
1947219
5796
1524198
1972622
1973764
1973538
1973687
1973307
1973860
1973836
111640
1972030
1314939
713639
1974017
1154318
158735
1974367
1974345
4538
1378446
1888408
859669
1962487
1974504
1005424
460364
659594
1305133
9967
1958808
1974965
1974709
2811
1975121
465
3417
1975019
1975209
1975033
1975009
1962098
1816623
1975382
1296056
1937423
952
1975366
1599534
1280922
1975653
1975630
1975900
1975807
620555
527072
1975839
1975243
1975469
433
21494
475203
1416651
514415
1976122
1063729
1976388
402185
911025
1929215
1976799
936999
1487777
1274740
1783345
1976847
1522368
1977087
513031
1976994
1976293
493070
690119
1976831
143033
1009395
1977336
1970719
1977021
1977835
1977787
1977821
1977579
1941569
1650735
122975
1975822
1821747
225196
1978078
1978076
1670751
347945
1978389
1978110
331115
223887
2327
1978630
1189820
1978747
651772
269828
1977417
1978337
1907360
1979375
1979461
948335
1939076
301852
1979709
678
2549
1979712
1262242
355846
1571664
584562
1377499
154477
1524602
1979976
1394523
1980405
1331640
496927
1980161
1673310
1978699
1980517
1980220
1980656
157407
1980542
1665814
1980889
531182
1979355
50289
1979748
811077
1981010
1979172
1980286
1975578
1981402
341839
263989
1981629
398274
51696
657718
1981879
25208
1344778
1981948
1798147
1142568
689473
757261
1982233
340053
1982501
331
1982439
1295522
1982455
1340247
1125206
359410
1982885
1054986
1390683
1983047
358086
1982839
1920955
1977689
789371
1983054
1372642
1030295
1301122
1983360
1983183
329788
1982353
962173
1983337
55788
300331
761428
1983713
1983872
925428
1984116
5356
1931736
630449
1984140
1984102
1983464
1984118
1501124
1532471
1984446
1799831
443892
3074
1983716
17665
4958
1984697
685782
1985057
265618
1984922
1537567
1985099
1272581
1985202
1985143
1599479
1275076
513344
1985491
1985486
1486546
1985600
629808
3038
1985732
1985748
1985735
1985920
1985873
1983208
375562
490005
1986085
232455
204290
1986287
1986042
1052990
156013
1400879
267880
63203
1120528
1986603
1986115
1618825
1062948
4597
273176
1454185
1987027
1743844
814479
1986662
1982520
423482
11187
1987265
1379079
816644
1987233
745859
1815263
1987187
1604306
1182912
309764
1796897
1987070
203180
452584
1162
1917876
1404883
1987851
5585
1589078
1987985
2378
1281317
1629949
1922260
1988236
308978
1450903
1988416
678847
1988072
1659670
1814475
235611
1988653
1843475
1988934
1966984
1988455
1545540
167263
1989037
11894
1989126
1989400
1344238
1884747
760098
1625448
208690
8658
309421
613151
86896
1845591
353632
1989288
64364
1989759
1613
197926
458231
1989811
1988933
1990131
132799
1316605
1988999
750962
680648
1351373
258899
687974
1570242
1562434
1990836
1650768
904241
1990797
1082527
1991079
1990789
1990777
1991106
1990779
1087131
5205
1991514
1489328
410387
190765
688595
1991734
1458319
1992063
383131
1989830
488484
118417
257126
1992048
502719
1515435
1991911
333363
1269379
556925
1263
1746237
1751
1992403
1285394
1991335
5694
839585
1992361
1992729
1992794
186142
522452
761283
1056105
1993247
766736
1022760
1993227
1142409
1976807
1848410
1993650
1425628
1614270
26270
1993540
1993632
1587157
1993766
1992829
1993861
1993951
1993807
1993258
1993833
1751113
1994118
1215949
1993340
813238
1994040
1970442
1994191
1994018
1837
1190908
1435236
1278656
1475892
1993908
1624290
1994284
1994036
64026
1994302
1498420
1994247
1994435
1852016
6952
1994476
1994484
113318
472818
1994850
1994978
1994921
368656
400207
1392816
1994560
1383536
1754993
768660
1414736
1995303
1995518
1995362
1995180
1852460
1995647
1995210
853522
1871346
1995656
1995964
1995227
1995787
638011
5405
888540
4439
1996022
446948
1996300
1996188
1996146
1407072
1925265
1782215
1996558
123526
1996638
1996633
1996018
265390
1996843
10855
886842
1559842
10948
1084642
1836241
153642
1766071
1995102
1997020
1997035
1997054
1997339
1997492
728617
1997221
855840
1997354
1996976
1997051
1943138
1997478
715559
1997627
1544271
1365575
479974
1997820
1617157
27566
1373838
2422
1997982
1549046
1164831
259916
1164917
1181962
1063340
1997608
454344
1998558
1998668
1998717
1997808
1739562
1998637
1244711
1697917
1578884
1998995
1751626
1623919
349403
1998989
383576
1378141
1998850
139184
5790
1998985
1999134
176829
1999072
1305672
1999320
1449689
29434
1998942
1633477
1647773
1999790
680282
94292
1999792
2000074
1334820
1999879
1999871
1999969
2000022
110139
2000308
2000249
2000194
1999006
1653437
1751
1334632
1998383
142551
2000651
1346729
1348288
2000490
1524386
2001111
1997477
2000870
502321
1929065
508118
1999921
2001149
573361
2327
2001348
2001373
2000000
967595
1820046
2001482
2001712
3318
2001346
1994842
1896895
1998428
1582767
198355
1354017
1910206
1866558
2001855
2001979
2001802
1853822
2001885
2002044
2001814
1293693
2001752
2002422
1199285
2002315
2002466
8068
2002433
735761
494684
107666
524541
1778879
1888886
2002756
2002561
504915
1445786
603113
2002770
367247
1887399
47159
1242845
1360770
2002617
2003233
342
2003231
2002947
2003587
1740885
1534216
62152
841495
2003552
1589391
10524
2003695
108645
2003888
1551263
2004045
2003986
46979
2003960
1422717
2003335
1883052
615123
281093
2004273
2003997
2004418
268594
1282480
527941
1597523
220339
1102854
2004324
290517
1682702
2004964
2005060
1305372
1997493
1600318
2005083
2005224
1142892
916338
2003103
1159449
1393527
3743
1631292
1689417
2005658
441
532337
1979973
12368
898058
537500
1573073
2005822
654260
312401
393
973176
109920
342817
402
1587703
12946
413592
2006244
145709
1032437
2006189
1494420
1926967
404884
1298080
1758229
2006785
2006396
1303181
1607070
2006992
1039589
2006825
1955679
2006974
504332
809974
405288
1484424
1349060
388809
454847
1996134
2006985
2004498
1867684
209195
2006915
624615
1008559
26479
1894975
571420
1479278
2007418
2007323
2007596
303660
619420
2007370
2007881
1305648
462266
2007485
2007364
2006509
2007983
1357753
6038
2008053
2008063
1877695
251901
2008092
1572226
2008164
2007859
1812650
2008142
2008325
2007428
2008331
183461
1212
57087
1528
1718845
496739
2008490
2008569
2008598
1296001
1672929
1557570
2008120
2008671
2008247
2008741
2008761
179766
2008849
1284195
52363
28020
678755
1134643
2008985
1993898
983002
1752462
1387407
2008783
1750769
954630
1853766
1422211
2009095
2009059
1006691
1956512
2009165
2008980
951961
2009334
571566
1590217
2009382
124257
3550
1994677
624194
2009441
2009417
6166
1489852
1362746
2009510
18060
2009540
1314555
2009487
1378430
2007067
2009541
1318305
1158999
1725407
2009463
613365
1534285
2009668
2009666
1956973
2009749
1880786
60816
556877
1417620
49218
1728222
2009885
1682346
1662777
79340
2009921
649289
1409952
1212
2010030
29434
2010070
2010169
499816
1672737
883288
783
816083
2010301
1696153
1618542
1396571
89479
1323621
329248
2010524
2010617
2010635
1855489
2010671
332509
2010851
1615112
237257
1593437
2010983
2010950
2011028
1621050
1629
2011208
53573
11087
1626814
1637689
1789484
738791
1980471
2011511
2011648
2011706
2011594
2011718
653615
2011786
2011793
10713
1400190
1246926
2011896
2011847
246736
340150
2012073
2012144
2012115
1449514
7170
206865
1332397
1967167
1910205
2012047
2012673
2012514
2012595
1287875
2012353
1053628
1287401
2012813
2012820
2012784
1623642
42274
2012957
2012869
1578864
2013037
1246534
269463
1943113
2013514
1159267
6034
1023245
1659696
1788997
210257
687489
629172
1373188
553163
73580
2013760
952
2013962
1519965
1385250
1381912
34797
2013978
1714924
2014149
1285111
2422
1531714
1338175
5205
1951951
1968070
2014456
1275367
2014285
784349
1675426
402
1325997
527413
1560786
1336965
2014704
1323354
2013353
99490
2014906
1469857
1679099
1938939
2015183
2015315
1940094
327848
2014788
2015226
2015489
1393964
76138
684
1374635
110430
2015355
2016149
1321126
2016029
2016280
1370224
1710961
1512245
1413925
1250468
2015066
1477629
1732953
13275
2014903
1422104
678
501275
490649
353809
2015964
130577
1502749
2016311
716450
2016852
1411565
1619103
997014
801387
2017036
2017257
2016957
1166415
592216
566593
16122
916273
2017405
1403458
1269397
2017784
490769
2017706
422098
1938897
2015479
981469
2018297
2018403
1310409
2018501
272386
1732895
247148
2017468
28998
2018642
818899
50142
623574
1668197
460145
2018872
2018864
1555901
1607310
1741551
1252796
953
994032
1902282
2019489
1503631
464760
1854228
83741
2019653
1443947
9953
1888107
4702
827269
1437447
2020236
1591709
1936044
188583
750238
2020076
1740053
1802457
755765
1955572
1470825
3777
2015570
1393163
1776050
2020902
1891163
863163
2020948
436409
2014157
1829735
2565
2021319
106708
2021094
1961149
1355389
2021598
1560465
2021410
1147336
715450
13834
1292160
1288743
464169
1644289
2021765
2021691
1307827
2021719
2021990
754120
2022087
2022080
1236
1607591
2022523
1589247
236786
1161683
2022547
1963491
510724
2022703
1790297
38170
1068521
1325497
1297319
143976
2023001
1282137
1643915
4538
2023298
602380
252246
277
1856520
1527883
287357
361908
1944038
2023053
1511337
2023765
1931789
2023715
2022727
1612645
2023698
2023722
2023885
2023116
2023655
1391001
1380009
1942431
1083517
637158
1440150
586320
260888
2022809
1486238
27638
1044865
2023598
191674
2023524
2024635
816215
1329936
234591
2024947
2024845
66330
2025476
2025042
1584850
1111017
415030
2025336
1488528
46897
2025550
998452
1902569
756983
2025787
2004411
1964819
691793
2025767
2026203
2026010
1301942
168586
1800336
1638971
2026447
913654
2026440
362540
1463762
2025825
158412
2026604
102412
1332340
2026747
612005
1918328
1767439
2026899
1783
1979930
1938341
100395
2027529
1886271
2027552
493020
67436
2027777
969263
2027724
2027643
2027915
1640993
500270
2027520
1461885
1925665
1811528
2028067
1848278
1455590
2027959
1549300
2028260
2028263
1617011
2028212
2028305
99262
1975246
1606354
2028504
575566
1289162
619719
1765589
956000
2025919
1640872
1860567
1770684
2028972
485696
2028920
2029070
1538013
1640779
1436645
1116602
466470
2029308
2028670
2029210
2028946
791127
246915
43980
1455383
2029384
361873
552312
1239298
909884
591594
1424392
841792
2029189
2029670
135781
687035
2258
9778
2030242
1162840
510973
2029923
1118362
2030241
1467067
4080
1752139
1965365
1387889
889209
1162
6257
2004584
1455508
66983
414481
2031098
2030859
1634981
2029959
84413
2030403
1049978
2002992
2030344
811589
1424405
2031390
2031042
492880
2031225
2031302
1416304
852101
2031737
2031493
2031444
599014
2031934
1269171
1628083
922096
52053
2031349
2032072
1428534
1630828
728235
2031879
2031816
1757
12642
1141696
1557790
2030555
1360466
1938404
2033222
5
2032769
2026627
98625
402060
1304541
1621961
1787683
2033458
2033654
44065
1592162
2033926
2033493
872402
2034270
1573021
2033969
1924893
712582
622920
1300920
2034539
2034793
2034605
2034272
13904
3028
4657
100566
366508
2034859
1431613
2035501
2018378
2034901
2035000
2035689
1520140
2035544
676
2035759
2035916
1566602
5154
1789662
1906443
2036028
1854767
1143879
432
828526
2036071
1911988
1549374
1690167
92567
1034119
1757
1797441
1544023
725870
2036155
384907
2036989
713467
2037172
1979676
210152
1408220
1366291
101233
553431
5635
2037533
2037547
1246723
2003219
1021376
2037442
2037741
913195
2037784
998339
689445
1977932
2038186
2038160
2038099
731408
1737059
618512
2038710
567008
2038718
422557
61715
2039002
880804
295858
1443210
2026351
2039167
2039762
1364809
2039657
988737
1499450
1939751
2039959
2039776
84016
752830
1493
2037718
433
2040316
5773
2040572
1446938
1819316
2040768
2040920
2041061
2041033
165696
1569
1291393
936285
1463345
2026319
2041296
142695
2041369
112062
2041510
1702427
1542672
1935814
2041655
129560
467505
2041602
1797434
2039742
1390221
36578
894587
185889
1289887
1945607
1122883
1765383
399941
1270351
1391810
1787451
2042886
1601693
2043187
1805841
405758
1948556
2043786
1220367
849784
2043715
1658800
735005
355166
2043687
2042862
2044029
2044062
806008
88673
5642
193776
2044232
2044061
2043614
1998910
2044204
746223
79948
946826
2044561
1332559
289504
1820351
1440456
1846914
1956379
2045232
1109531
1919380
745251
2045326
883983
2045380
39
1571455
637098
1572062
2045426
2046426
1914976
1964573
1738647
1001589
404310
1307333
1165826
1628240
2045844
1267776
1552992
1910229
2047167
6038
2047188
1465721
1355980
2047697
2047703
2047727
416248
2047640
825106
2047860
624730
2014560
2048244
1348383
1867918
2870
281252
2048717
694899
2048537
1474986
2048669
4972
2048976
2049085
1294287
1760445
2049310
2049341
919491
1819792
156512
4597
1471401
155752
2049704
484497
221226
113003
46959
288765
2050196
2050225
433
529356
2050379
1404316
2050625
2050727
1928682
1242670
2050794
743332
115648
433190
8547
2050933
2006196
2051259
1334070
2031068
2051706
716991
2052270
2052438
365533
2041182
1273271
426527
2016016
10750
1953755
2048048
2054114
1785626
2054154
304021
2054051
1554108
236140
1994550
2054772
1799061
1944145
734670
2054440
1875603
1302890
2048174
1837997
2039299
2055598
726611
737956
1972447
429383
1650703
2056362
613101
372469
1526317
805255
554771
456750
846513
1731101
65250
1430953
1359039
853536
29487
25569
2019570
1459692
10935
1327376
1177559
1545173
1404499
2057937
2054145
1021211
526048
1895265
490340
2057967
2059003
2059027
5635
81491
1430344
1337475
2059711
1245547
23747
1989168
514941
203139
2060108
2060240
1145763
51599
2060514
1288266
2061
333192
2060735
2058194
2422
2061087
2060973
2060979
402356
2061069
1235543
2060907
707867
2061548
460598
2048358
2061497
1562817
1825126
301282
2061843
1207248
2061425
2061752
1902335
2062358
2062342
676967
2062346
686454
1464347
7657
2062264
2062699
416614
2062836
589877
2062869
620647
26293
2063121
2063248
397843
2063556
2063593
2063586
1368314
1572544
689859
2063938
635669
1345626
2064249
2647
2643
269522
2064344
356387
126170
1617908
381949
1490659
1431284
2065308
1884525
1255346
1807349
1988194
2065540
1767461
2065021
185477
1945687
2042631
2066285
345023
1635375
1262796
1401203
618650
17734
2064081
205
2067241
2067365
2067401
1240458
145763
2067805
1889664
425668
1140834
2068243
2068391
1162
3470
1753844
1113549
2069079
1423919
1656624
1521870
392568
2069338
1773129
1333576
1365203
2069844
3621
2070129
1302936
567502
23284
1906240
2070413
1736930
1848776
1495692
2071013
1394020
1402701
855996
2071204
388032
525244
1105147
1571966
2072061
441
2072850
1909891
1312106
663
2011134
126441
1774
1992784
677959
953757
2073575
2073553
2073664
101390
1418724
2074238
1328688
2074315
2074409
1138407
2074673
1075702
2075579
333310
1961205
2062672
869830
50155
2076650
971757
2075115
646487
484843
4902
976471
2077356
1893507
2871
216625
1991578
2078777
927055
1688564
989223
1888230
465823
1271029
2079347
8919
2075301
670007
53024
1584787
1880566
3550
1383969
1086732
19539
1574297
1588143
1108655
867131
964039
1933856
2081376
