1845254
1421518
1844218
210814
1295130
1847277
1847830
1847839
74449
1022680
9229
24180
97914
782556
684134
424232
1304668
1619647
867181
357019
1309552
384340
1864950
1421922
1395624
1868899
1868958
1871413
1875145
265616
1569
717
1878300
1878320
1878435
1764268
1878580
1576617
1361517
418650
1878773
1515769
649268
1351825
1879443
1617635
12946
1880521
1881465
633631
1580373
384100
393
2265
1584996
1884934
1885027
1783998
1887330
1887745
1880574
1888227
1553074
1889180
1889508
1889768
382716
43150
1302974
273286
1399046
1890577
1890730
898125
1535072
25874
220023
1892579
5154
1253285
722268
1897081
211788
1898267
985066
493071
1901575
1578837
1696295
1622550
51549
802
1308298
202404
3721
666190
207749
7170
1774
1921404
1922352
205495
991196
208178
1926277
8547
1927032
1929323
119603
273875
1931429
1614761
1932509
1931948
1932802
1933134
1933682
1934054
1935837
126092
1117213
13347
1945820
1946377
1948689
1538142
1426487
1953688
1574165
4992
1829883
918
1506091
1969305
1569
6919
418872
1985456
1991551
235970
1936986
1407409
2007121
976460
323830
836525
1774
2037220
7170
2044087
402
2051582
2041909
2051584
98354
1578740
1988194
98354
2051693
2051706
1020271
329590
1935473
701
778641
629466
174141
1932465
624497
1216186
1353891
2051311
2051806
1878797
1407896
2011411
2051808
1940769
5699
2051813
2051750
2051846
2009518
716991
2051864
1538710
6400
225268
1321916
2051974
480095
6430
1361592
2052027
2052030
2052028
1618398
476689
233979
2052041
3003
2052094
1542704
1402942
1659966
2052132
1236964
1362622
4039
1373098
1504374
676
2052184
1612985
1266523
1962872
2708
1293346
1960423
2052270
1477522
689192
120339
1387229
2052170
667842
2052285
441
77505
2052354
2052329
85124
1117427
2052380
2052391
519182
710325
2013067
2052306
2052400
2052251
2052308
2012782
1936484
1953470
5
796523
2052429
1702280
1356812
467907
1955875
2052480
1175480
1322567
2052277
365533
1485645
1735061
2046
1954444
79499
2052545
2052562
1707123
2052570
2052599
1966
1444
1461344
1796899
1274573
2052626
1459365
2052649
1810618
1946536
1349149
2052680
2052696
150618
333892
1304896
207167
2052725
1567585
2052800
1292037
2052792
9634
9472
1939900
1936761
2042771
1934951
495048
2052967
2053025
2053001
740043
1604623
1501520
453987
4042
2052983
1365299
1634297
106003
1939986
1446034
2052693
2053147
2053114
1493
1647127
342
2053194
975861
2052837
2053250
1768647
2052979
225196
4706
2053138
2053264
1937868
1212
19177
1377204
1840152
1928161
2053339
1722498
469887
2053362
1463538
1957687
1741136
369798
2053387
2053289
1435659
2053358
531976
2053410
2053453
425707
1466946
2053425
310832
441
2053503
2053473
1891511
1562434
10750
1453848
152408
2053532
2053468
1352570
1851131
1140879
863300
1805066
18635
307710
2053672
323712
2053692
1504567
642241
2053582
1174377
2053734
1314199
317348
1559674
941285
1014678
728715
999444
1900767
1746781
1847400
2053842
2053853
537685
2053825
2053867
2053884
402
796859
1733061
2549
1942033
856952
1418724
2053943
225307
2053978
2040026
1798425
194239
969794
220899
495252
1422775
1304397
1563363
2054029
1334752
9905
126240
1370068
2054094
1955311
276719
809883
989354
192727
2054051
2054185
2054198
396961
93841
737766
1810102
2027509
1620840
71326
203300
2054281
2054111
335047
2054286
2054273
1821138
1528506
624384
1364706
2708
710480
141488
2054311
2054377
2054383
1960053
426120
361757
4184
2015307
2054452
2054440
1332649
2054462
2054468
1637554
231768
2054465
1402794
2054537
1509344
2054529
2054523
2054400
1423414
2054576
1461148
1339839
2054634
2393
219576
1002862
2029913
40437
1248487
1146016
2054681
10948
2054744
423199
2054772
2054696
2054802
2054823
506598
126180
2054862
236140
3721
31456
1969560
1410431
691176
911329
2054959
888129
1866691
295035
2054961
1502235
2265
948867
1961224
1454721
2055036
549047
1008717
836568
716633
2055046
1204863
1397096
2055096
1327569
1044288
6137
2055113
2055134
170674
2055205
2055213
2055179
1014440
1569034
36643
2047412
1497719
1311360
182919
834967
713701
1474697
740274
484202
1581478
14452
2055374
1354749
2055330
597073
1298639
1837997
2055234
1754849
1165545
749277
802589
14012
3813
43146
145363
2055369
406154
1057000
2055512
728389
1519177
1875277
1544544
559006
1913124
809417
308290
2055579
10475
737956
1455405
1999650
1163539
2055528
465
1275551
668681
331
928276
1670098
1350605
2055615
838985
40318
2055742
886488
1322817
1732953
31276
1566242
2055798
1625569
2055899
2055919
914993
2055923
2055904
1001616
176280
429383
1051498
2055967
2055897
716584
1687021
682634
2055946
2055717
2056017
2056021
2056039
2056013
2056061
1877695
952
1308888
1716791
882623
2056142
2056148
1608156
213341
2047550
1736789
2056184
1560085
2055661
771996
302156
3821
1592847
377569
2056261
275216
1443228
2056314
2056273
2056225
2056332
2056372
1837276
1559992
2056353
1617345
302321
2056411
270051
450436
1165058
2056451
215630
1876468
145445
1292310
2056470
2010807
1478790
25569
1292334
1938128
5635
2056577
1149623
1985510
1942278
2056625
1604965
2708
2549
2056665
312294
2056680
1402860
1466468
1935179
1774
46152
2056728
2032800
2056796
2056799
1551343
2056809
2056812
2056830
2056816
2056848
1989955
2056833
2056862
2056863
1315
605878
1260041
280780
255572
27532
489909
731273
190850
2772
1569
2033464
2057013
229656
767869
2056785
2057046
2057053
1428831
816981
2057091
2057093
2049710
1405830
2057143
2057124
2057162
2025759
4719
2021237
1068521
1353099
1430953
1711542
29487
2710
1566019
2057341
1508376
853536
609900
4972
2031663
483104
2057373
1430918
25569
466705
1645639
1322177
1728726
1779931
2057491
2687
1383905
1661130
2057549
90383
1361914
1339326
2019570
2057569
1959825
1529296
316293
1306136
2057298
1893864
659609
415871
1943937
1958250
1006038
722138
2057654
539198
1936196
2057662
2057663
275915
2057646
1728793
1067052
1213147
2057599
366508
1119146
1289162
1794445
829157
526048
1783297
253538
1622645
1314915
1432971
100080
39974
1941011
1396133
375030
3028
1389203
2057918
1353672
2049460
604033
2057936
2057758
2057882
2057980
1108709
1751
2057937
1404499
177253
1987952
1236
1277490
8117
566659
2058064
499783
1309219
976198
1885916
123928
2028072
2058173
1430280
1597713
580671
3014
1319514
2034116
1272515
888196
2058214
1422211
1659220
2058207
14832
979240
496428
1751113
2058267
722641
86224
30381
909924
2058349
1820766
1571083
2054145
1949224
2058428
785455
1021211
2005609
2058503
1290484
2016502
120892
121851
2058515
2058539
722903
1744898
1640623
2058547
1323605
1933903
2013132
2058327
2058578
1060990
1510922
375498
2058550
1997005
1590618
2058617
646647
13232
1175
1858360
2058643
2058683
631854
2058690
490340
1124144
640894
1567229
1933421
2058769
2058758
2058780
1649
2058799
2058753
2058783
1555713
1436711
2024395
1623896
1311426
1539247
1565905
2058885
6285
1235375
918
2058900
1530879
1990357
111963
613657
2022681
61380
190833
1398342
4311
3302
2055978
2059001
1620256
2059027
715450
2059021
207244
2044229
2059071
1750128
486447
412385
2059123
1058886
1616019
2059083
2059148
495488
2059167
1775598
134948
2071
2059194
398049
2059166
2059244
544886
2059249
2059251
203139
2059254
2035692
550352
2258
1611732
1202900
2059307
2059316
2059273
2059255
2059293
2059375
1565386
1513099
5699
161508
2059448
179294
1895645
6823
2059462
2059416
314062
2059506
2059514
466127
9809
2059520
2059519
5010
1670902
366210
2059582
1993538
2059623
1042611
2019179
2031894
1605709
2059622
2039992
2059739
2059756
1750233
915509
2059767
896032
151215
2059793
2059764
1672
740831
142451
629801
2059863
2059868
1523848
2059843
1472550
1182920
221365
1429676
514941
2059901
4936
1881379
1637241
2059870
2059959
1403664
2059968
690420
703469
1347907
2059982
2059992
131904
2060007
867219
1553415
1905955
2060057
2060104
2060107
1081240
2265
2060108
1594064
2060148
1579303
1878204
529297
2060144
1992599
515497
2060213
331
1554691
1145763
1058784
2060146
1283823
1407937
2060167
51599
2060359
2060299
2060390
2018998
1763806
191173
62799
1027662
1983493
3483
1002299
1805041
543999
1654730
1416863
2060447
1520263
1423158
232907
2061
2060478
1418730
1777895
1720181
2060520
2060535
36638
2060492
1523000
348770
1897995
2060582
2060638
2060678
6823
203328
1471841
2047623
1064938
2060724
894727
1483303
1306006
1965762
193356
2060753
1732248
2060793
1575055
2060735
2058194
651569
1213382
2060845
1271017
221365
993
1528773
2060859
333192
102970
1622858
1942818
637866
28870
2061003
1574269
2060973
277
2060953
2060979
1466842
2060764
703668
1424392
2060990
352720
28581
2061110
574166
2045540
1352192
31001
520513
1557232
1814182
240492
1902426
83816
1423159
2061199
1417386
1335141
1291640
72327
2061227
1404470
1733
1323123
2061267
628442
1984429
1410389
1708857
155910
288608
2061325
952
2002356
2061069
630066
1072986
2061425
2061422
2061347
460598
1959012
1300160
1989853
1420173
4538
861441
2061507
2061586
1793031
865530
2061547
1577882
989665
372989
1254983
538937
2061691
202463
1095492
620479
2061756
2061746
2061766
2046322
1329142
2061769
1735248
2061814
1966149
2061843
301282
53580
1342989
927636
94850
2061782
12811
770
2061884
1975823
2937
314014
300805
687035
3882
1463577
2061974
1415722
211418
2061999
1304244
1876974
247316
277
2062048
1869142
2062017
716717
686454
30143
471623
1321319
1046385
2062141
80174
2062140
472818
1902335
1991122
1403553
1173086
2686
1107117
1144147
959179
87781
1459598
2062264
632044
2003992
2062273
757106
1566110
2708
2030342
2062380
1352685
369455
1621089
1627158
1327053
676967
1597206
2062488
7657
1413925
2062508
2062539
1442378
48629
1651735
130393
1577910
784555
2062531
2062443
2062603
2900
2062449
491083
1400844
1945298
436990
12840
1275871
1803447
1600318
1331409
589877
2062772
630196
456115
568170
2062793
1945076
2062512
2061
2062844
2062836
1350938
668907
2033422
1394203
2062893
2062938
2062895
1494043
1443257
2062795
620647
2030241
134134
1158746
972856
2062906
2062979
1375028
684446
714626
1395823
479170
1226362
2063011
756931
2063213
1139676
932581
1365271
667651
1507655
2063272
1650768
830941
1539244
664775
1444582
1977689
1360988
178518
2062566
556684
2063335
1363035
1352868
167220
2063311
64658
2063406
678
2063388
2063390
656261
1545034
2063469
2870
605813
1347807
385626
706229
1079097
2063265
21201
207133
1290258
2063573
1907514
1311058
1718777
362546
1368314
2063637
1340926
1940495
439001
2054805
2063656
739974
2026363
5154
15433
2063705
1465679
616276
2063725
689859
1556366
612041
1549340
74259
1593334
589858
2063764
1918893
1572544
2063793
2063812
2063830
2063657
408343
1382645
723331
252432
2063715
929143
374593
1128456
1474259
1279668
17951
2063941
1303411
1825412
2063929
1460876
234506
2063994
2063998
2063976
2063986
110638
441
699165
2064034
5796
998937
1475
2063862
61409
2064033
1312158
28560
2063585
1858408
2063978
1927455
1602467
1854945
2064213
2064225
895225
383576
2643
1022760
3513
581731
1398889
1939076
1085382
2064288
2064295
2064132
1344202
1739737
1511600
784725
2647
1556864
638951
654571
485759
1134068
2064357
1707348
2064403
2064406
1486742
1409408
1815779
2064408
269522
2064425
2064441
1254918
1342965
683
1989727
558686
603099
2064477
1920940
1391229
4597
2064521
801
1984920
2064536
1351474
2011186
1935603
1428594
2064558
1011270
1935978
4099
1001346
2064344
8701
1602649
2064643
1448518
618559
2064667
2064684
1563502
2064705
1062868
1750272
1453137
2064698
2064693
3721
1501725
17692
2064764
2064767
1371918
1965843
2064806
2064780
2064817
1374088
1534572
1523516
1370990
196552
1721915
2064859
2064866
6051
2064847
695008
2064894
1146174
2064848
1478334
2708
1459391
2064936
1389458
2064939
693
1357647
2064930
916083
2064950
1315845
1336965
32898
2064998
2064970
1948818
2065013
2065016
2065017
2065024
1617908
1398885
1459638
1386474
2065078
470329
2065085
2065087
2065092
416539
880772
1266414
2065097
2065075
2065105
7194
1820
1430637
1412601
1431284
2065174
542422
2065104
69691
676838
625270
1440209
2065220
118730
1286964
1314710
801367
1420684
2065329
1281439
2065341
2065344
2065348
655675
736553
1530051
1368879
952845
1045167
2065412
1752839
2065438
2065414
1579094
2065471
191674
1606539
276978
2065524
2023048
1807301
1141190
271475
1522660
126129
2065558
2065569
2065576
2065589
2065593
433
1255346
293048
2065624
2065502
2065612
2065527
2065609
1358369
1767461
1402459
422634
1735406
1550894
2065712
1166939
1410229
1906527
2065760
2065636
2065779
1890266
1476665
441
1877960
2065663
2045554
2065728
8852
721566
734017
116524
2065864
2065866
802
1557323
2065877
2065897
1558226
2065865
1226219
1964304
61346
1799238
2705
439240
671601
1168558
709
2023651
1649470
2066007
952
689654
1570344
2065967
2066024
2066016
1278654
1136415
2066001
13879
2000155
740627
2045461
121851
1087609
2066078
13572
1615662
517663
2066103
4184
1937605
825408
2034498
24975
653103
2066236
268714
2066181
1517340
2066275
39244
1462940
2066295
2066245
346180
1481054
2066267
1455012
2066335
1892814
1471779
2008980
2066341
1197281
957617
2066372
2066313
499045
1580668
2066309
1010226
1276633
749403
1967341
1994992
2066432
590687
1579600
1524097
1465953
770
379216
2047357
2066411
1435392
73844
3071
2871
1580838
1130431
1869925
1330128
2066608
1262796
686040
1364077
71743
2050379
35565
2066708
368104
2066707
1537412
2066743
2066746
2066740
1287926
1618645
1358040
472818
1414736
2066719
684242
1401203
1574713
244974
1364638
2066836
13472
433050
2066845
1519303
2066844
1113599
1234660
1390482
2066899
2033800
2047264
300095
1273766
1543728
4947
2040339
383811
2066995
1881387
1502991
1451908
2067009
49883
2066972
489
1979930
62747
1279205
1526808
814689
169420
279162
2067107
110136
508305
2067129
2066961
205
2067090
804954
2066834
686241
632513
1050603
2067119
411102
1614587
1364531
388701
1381057
1607373
2067200
1999438
2059454
2066936
1350458
1540330
709371
1625109
1459216
2066234
2067268
29275
3074
2067045
2067307
1120305
1612300
1781297
517835
556925
1872601
2067401
2067394
2067371
2067333
29427
2004365
1784850
2066983
2055700
1760927
1484922
82246
524893
2031725
1671719
2067408
2067457
1535777
1306997
493011
1488666
2067483
2067525
45609
13370
1287848
2067486
2040917
802
2067547
605756
741952
746223
1410958
632844
1321211
24748
2067623
81867
402399
2067622
844675
1558844
491273
1545130
2067691
18599
1291706
268981
2067760
2043971
344149
1919267
2067775
708484
1300249
1958114
1339882
2067816
39244
1549626
2067876
1546487
2067718
707314
18860
5010
2050477
1633984
2067829
248108
350196
2067906
2067882
1629460
1878081
1220659
63118
2067850
443078
680803
1343926
662538
1315
2067852
57195
1167105
1318321
384825
1490789
2068101
595205
355158
1963096
1381445
2068160
516949
1944967
105680
2068163
297682
2708
1510386
2068204
6257
2068214
2015510
1142491
951420
1941604
344802
354045
2068247
2068273
2068243
2068305
719414
1936960
84997
927547
2068348
1854142
1282578
544512
1238122
1934303
2068329
2068388
2068391
1595664
445284
2068251
2068470
1794700
1565957
64293
1519965
1438108
2068504
2068547
2061
2066430
166045
358750
73580
668135
1618297
723244
118417
668202
448
2068700
2041938
1293660
809973
1973637
1294896
2068742
1647977
1625650
1753844
422557
2068806
2046184
2068759
232393
2068804
2068791
1092543
2068796
2068522
407364
2068820
2068926
1182929
204372
2068953
44301
532337
347617
1504126
1247825
2069011
2068974
2047214
699338
342669
1579755
2150
2069043
1423919
567989
2035632
1997051
1631729
2069045
551723
2069095
5796
2069046
1362956
2069157
1801185
7170
1773129
1359231
9970
45939
2069132
2069155
2069195
2060987
1672858
794289
2069206
1418093
1380871
1641981
1028482
1646989
3
2069289
1251587
1805436
193776
1783012
1983406
13106
1467163
299
952
2069380
1300879
1681896
2069388
337475
597825
2069400
2069276
1301045
2042826
1506997
1469275
47159
100764
277141
2069451
2069455
2069461
789618
1761731
849515
2006935
137059
441020
1305284
1492731
2069536
7432
1587104
1333576
1289711
61260
5790
2069555
1289733
116493
2069612
2024224
2258
1406653
1983081
2069626
1365203
1851366
1282108
1317827
2069659
191511
1383415
2069692
2069656
1798019
569700
2006574
1212
109462
2069761
590978
1392710
2069671
2069784
909520
483360
1134217
2009261
1324079
2069844
34596
2069852
1385492
130872
563111
819
2069933
2069927
136762
1593110
204258
616145
2066880
420912
1404316
208450
1628467
1443210
2069981
1748797
952
100348
1872509
54042
2070000
2070005
1133350
1583818
1057762
4184
1393162
1950961
1492393
9287
3028
10562
222307
2070077
229391
2070083
3621
2070097
7741
2070121
385111
93976
2069845
446519
1043924
2070129
1540292
1611759
2070147
2070133
245263
2070144
2070141
2070164
188253
1299109
1779325
7049
2070188
2070203
2069988
2070218
2070232
291389
1302936
3797
1399934
2070256
2070156
533993
17068
770
467262
1888647
2070287
2070296
524311
250633
687939
1570780
2069902
53179
342705
1588244
1884654
1745603
2070350
1140606
1653928
88665
1072565
2006165
393
2070391
397291
1133686
938487
1617135
206532
2070379
1331954
1490073
1961822
1549152
496542
2011096
7135
2070460
2070482
2070492
1453311
654881
146620
1498588
2069280
1608748
60816
402
1480957
1236
2070538
1396717
2070539
1706849
2070562
277917
1397685
1596640
2006825
804592
909069
2070610
2070611
18599
1148587
334140
675950
79029
2070644
2070654
2070652
2070658
1828541
1495692
2016579
2070677
2070668
2070689
2070710
633856
1362662
221029
2070726
489073
676620
1420718
2070748
988947
2070753
1672737
1268261
1279726
2022374
1796644
2070787
1143879
1609169
1569919
1622632
2070609
1259851
284628
2070829
2070841
1606354
2070543
699658
2070872
2070883
1939915
1588673
1419472
890601
2070895
296302
511309
2070927
2070934
2070940
1620224
165294
2070942
2070951
2070937
2070986
2070992
2070995
1485959
1328765
2071012
2071032
2071034
2071047
2011055
331
2071058
1444254
1394020
2048223
225927
2071069
2071093
348909
1402701
277
8701
2071175
33256
287501
2013226
5699
812
2071262
2071242
2071204
1047637
2071261
2069915
704897
1975882
2071341
1755311
1702328
1630067
2071395
175027
2071404
1263089
2071412
289112
2052664
562889
1282444
2071507
2071437
87200
2071517
3038
1954117
1938386
250962
148483
1604198
1575707
2071605
1640007
376294
2708
1300819
205
2378
2071678
1446948
2071692
1937799
666160
2071707
2071725
492319
1321318
1569
1762517
23553
2071775
3721
101133
2052620
2071841
1159449
2071828
302053
2071908
2071909
1292716
2032961
2178
2071947
2071953
405583
100524
2071962
449406
1938404
2052700
2072002
1374243
2072001
1938341
2072018
705857
2072061
120928
2072051
227657
1403117
2072130
1862372
1512339
2053609
2072169
1571966
1315803
2025015
2072164
2072210
474431
297007
1948240
1564189
2015281
685795
142684
365046
1778576
1620579
2072096
18635
1440097
6082
2072341
77264
2072410
1144683
11710
9361
221763
1708020
529583
1000792
1355951
2072540
1733816
1508421
1331146
1053986
1941064
1407783
2072601
2072574
2072591
1620392
2353
2072651
2020356
2062256
361779
1889594
1141503
2072746
1281898
605910
2072736
2072791
2072576
2072793
1609091
673789
2065931
2072737
1328483
2072831
2072848
2393
463454
2072898
1558569
2072867
694554
728539
399941
1573073
2072940
149206
2072947
1617924
717
380727
2072978
1621207
2072777
2072850
222744
1508292
2073021
3074
4311
2073035
441
702956
2072968
1318142
565305
542911
1932244
604624
1331854
1060580
1350914
1469681
1813800
876534
1874864
1457148
2073144
2073131
1953850
2073221
663
2073212
1469292
877085
570120
1653497
2073257
1508597
24472
6182
1306495
134934
18253
1766288
1752700
1268766
126441
2073350
2073351
2073329
2073321
2073348
13151
1971252
2073333
975801
1419290
1511964
2073401
74926
1444
1904349
1774
2022494
2073433
2073452
110054
925358
686644
1329621
2007401
1060839
2073525
494920
2073540
3297
1831
1502582
1411503
949583
1429367
2073521
1720204
130336
953757
1955440
696627
2073575
2073240
2073614
4538
1696850
82421
1330770
2073651
957732
1506446
1276659
740091
723971
996399
2073719
2062784
2073730
2073733
1481041
710440
2073722
1406216
1749491
2073815
2067056
44810
1418597
1867752
1053732
314326
1796570
2035604
1798192
2073927
1008604
2073782
309049
191664
1827110
2073830
1794849
2073988
2073992
2073996
2074007
1946280
38246
2074015
4538
1372200
2073161
2074042
6012
459080
2074059
98354
101390
2074043
2074082
1348375
1968695
2049779
2074109
2074137
1328688
35956
8978
2074183
1430301
362242
2074202
738138
1652783
1372642
2074229
2074157
332771
1628394
388020
1751
2074305
1320065
2074409
2074396
838234
2044748
2074379
517581
2074425
319963
1479317
2071357
2074449
1426983
13497
1940696
2074476
808680
1515281
749376
259625
948253
2053619
1396310
2074488
806254
236176
7008
2074547
63627
2074565
238120
1591151
299
223824
21428
1506367
30050
1312295
2074677
54291
2074674
570224
203051
51237
1367801
2074740
1479528
1434188
1393261
460982
475471
1577182
2074735
108501
521902
2074867
763521
48027
1502585
431883
4958
2074987
1302354
752510
2075030
2074972
2074979
1326750
2075031
2074978
706966
2074886
2075028
1463243
154773
628460
1383842
1885271
1538250
2075210
2075098
4875
2075218
598410
682181
208094
1977822
1836914
1672
2075309
1054633
2075324
954198
2075334
2075154
725072
30930
1413264
1802040
1589934
1278792
424609
1379061
2075433
2055011
44829
1424670
36101
2075524
383649
1810904
205
1158651
1277689
1337406
213426
952
1939008
2075605
37667
1430010
1389292
1250822
1389501
1757143
2075673
1084327
2075708
770
2074177
89626
1445021
2075718
2075579
2075743
250427
282471
2075866
1530039
212900
704100
2055791
2038317
2075912
1089568
1391141
86622
1472258
555427
812
2076032
2033880
2076017
2076060
2031946
2076067
2075979
2076088
610273
1049203
197097
1154210
1050038
110558
2076145
1411537
1143260
1993269
649369
404156
885189
2076124
1448032
1000190
321386
2059888
1375
869830
2076284
4702
61392
2076308
2076301
2076279
711360
1031715
2046345
1347980
2076351
224
1939877
609665
1626614
1916711
2050684
2076401
358086
2076323
1447525
2076439
2076424
2076461
1616350
2647
2076475
2035275
1548322
155304
6038
2076512
7198
2708
2076551
767070
902787
705060
2076536
1562978
2076562
387685
2076584
2076519
2076594
19054
1350353
539347
2076518
1397702
2076661
582833
1749406
2017081
1332766
1622433
1665646
2076737
1515618
1472335
410283
1530210
1390260
197262
1818250
416275
484843
1935814
2076850
1280352
2071964
1513251
1722049
47583
652643
2871
2076895
1875919
50778
1387663
2076941
2076598
2871
2076041
2076915
2076965
1151012
497163
2077022
2077003
4902
397498
2076769
2077030
1502724
793754
39839
636051
1811663
2077148
2077140
2077177
673925
1341602
2077191
2077157
6113
2077236
1578343
1599241
694619
675718
4323
1513699
615087
2062861
2077289
2077319
2077265
1066419
2002401
2077327
133313
8745
506104
1621344
2077379
2077356
976471
2077386
402179
1814482
1528816
2077420
63422
8852
611213
427101
2061
1993767
1960523
1266
673763
1907778
4634
1613515
1927344
1770948
2077563
1420982
1672
104193
1633840
611098
2048293
1363703
839062
487239
2077634
16174
325565
1852315
2077580
1650771
297962
454941
521810
1620039
2077684
2077690
60719
172635
1488721
4039
1321684
2077748
332820
2077689
1415630
65495
497111
1433775
6823
2077843
1662
2258
2077847
1940019
1693930
1328546
1891206
1877629
1378887
2077907
538709
173206
1359524
9280
2077979
1147948
2078049
1916569
2078054
1349504
2078093
1614803
60782
475138
504499
48860
2067182
1302457
2078123
500792
2078154
151298
775172
324042
1500052
2078195
216625
2078207
1625264
1278698
336079
1459789
1581266
1311951
39743
2013642
2078303
2078316
1560529
1562137
367360
1536391
952
2078066
2078274
819293
1362645
2031202
2078386
743509
1658911
2078378
2078381
2078405
2078392
753806
1053972
14017
359894
2078417
283157
11087
18599
2078305
2078299
3071
2078491
1268763
1538647
1845795
10640
391463
2078578
2052524
676
206491
61782
1935088
873130
1134114
1619586
1953572
2078640
1566612
2008598
831429
2078666
1638254
746631
1381414
1812817
2078770
2078773
2078802
2078772
1612221
607431
1043995
990331
1921149
4576
75622
1082259
2045348
2078909
1480651
1375316
12071
2078903
2078874
2046708
1010082
2078951
846196
922096
3003
402
1278590
3071
2078397
1155903
1991895
90470
1494792
496697
1488229
286341
57383
1603819
1680933
2079099
1387815
2079138
773569
2079147
1944182
742942
2079062
296623
1688564
2076237
1944362
598404
465823
2900
2079243
2079215
1271029
2079279
1439
2079306
633396
4597
1092819
2079347
2079368
2079363
2079314
419243
2079337
1345991
2079386
784183
1257645
224333
1504958
1502060
1537053
2549
57367
188970
1545969
1960476
2079453
1286168
1773729
644992
2079527
1063137
1942031
1566774
834674
2079570
829313
642850
2079587
2945
978365
1138421
1938548
2079579
2079604
2010686
1242053
2079660
2079676
380533
2079696
1881585
1373543
1322020
1939993
1617673
2068596
2079760
1171056
1641630
205929
2075301
1944124
1475380
2079776
2079645
3014
2079840
1956463
2079809
670007
1819680
1780461
1894647
1523411
1977022
1708452
1411635
1142206
2076207
3980
2079946
53024
733232
2079962
69532
2079928
1745616
1381245
2079963
537476
1237833
2079987
2079729
2080067
2080057
1584787
1552125
1005524
2080098
2080119
1466667
413503
438004
1373448
4972
2080192
1374898
1617789
1637848
383917
1626281
683655
156031
107727
2080274
203629
1371007
591018
2080339
182962
798256
2080348
299
2080346
2080378
157692
2080384
2066058
717
1383969
1702356
797752
206075
2080414
377795
1086732
417256
2080431
1617343
19539
653022
1140348
853564
2080190
263337
2080508
69972
2026701
1495591
1089907
1148890
402
2080493
433
26353
1443116
17777
2080553
2080597
69548
717
2080594
195271
2080610
1602120
1594519
2080643
2080660
2080663
257898
2080654
698266
4184
2080596
1278630
1680308
3028
1379625
2080756
1295385
1494279
1730646
1574297
1279687
2079838
253
2009823
1001296
482541
1006701
1988962
2080816
1946796
2080875
1588143
1895816
1274155
1068066
211841
2080933
3071
598352
2080936
1607206
1452599
2080952
1934709
1215840
1097735
1957777
1220095
1245330
802
2080997
1363216
2081007
1614093
2081008
2081041
2081046
322233
962102
1633760
1166951
5245
2081047
97885
1268119
2073823
1819922
2081121
2081128
1602696
405207
1479006
2081158
1377322
1535032
1934520
2081182
448886
456760
49218
283570
2081221
2081237
1959926
1597208
2081252
62610
1099676
2081247
1934462
2081265
1871346
2079518
2081271
2081269
1396382
1068524
1506629
2081302
1003345
2081306
1294287
1733
669794
559120
1893313
1428267
501703
625369
2081376
2081364
863187
2081388
2081360
1935630
2081401
416053
657236
962110
576971
2047498
1380121
1634748
204667
1127887
1824169
922562
2081434
2081440
2081435
1956512
2081455
8547
1935395
28812
1959073
114419
1963712
2081504
1879645
2081515
