1855755
2422
1933039
1006827
460694
50374
1658800
1933654
15154
1655473
549512
525472
1740864
745618
1161378
330276
1946031
1947151
1722691
1948449
89004
734508
1952302
1953944
631854
1954444
1955443
13730
1955738
1072962
11087
1888281
1909985
1682248
1629784
1486730
1966036
633707
2900
1643267
575435
4634
507492
1972093
1974009
1629030
1975788
1978234
1978282
1512807
1909460
1284870
119940
1979973
1587585
1469273
1165375
1920516
198345
715412
703998
1497185
552181
234416
1478790
1982721
592908
1982929
1970169
1983208
1308044
1030475
1983334
718339
1983743
511234
1983763
1063729
1745021
1530267
1250316
1984659
151215
79499
1870462
133717
1239988
1339800
101003
432475
261126
931302
1986263
1986275
1986335
1347914
1296978
1986529
1341097
1986655
18635
342564
696225
696225
801
1986916
1986970
1987026
1987045
1987075
1987149
1295992
296444
1143427
607980
1286133
1294138
1988127
1365548
1903738
1115710
1988552
1344068
1988605
1988652
1988689
681337
1286042
1957406
520097
830109
1989380
1641108
1406783
614027
1989676
118144
47228
14955
1990204
398540
1252298
1990347
1296280
1990753
350
1990938
933068
228538
557916
1991172
734116
1990265
1988594
1991174
1312361
1087131
1991231
1068
1990792
1629
1991073
78595
1991330
120469
232603
1991393
1493
1991352
1943938
1991470
1191314
429207
1938220
1916961
492695
1991516
313808
1632681
1991578
1301725
5279
145415
410387
2870
727457
1706565
1990986
1991631
1991638
1991623
1381740
1619798
1902282
33935
1991808
1969522
1728606
1991734
688595
1404168
1298080
1618240
1991786
1289040
1991922
1302124
301852
1458319
1966300
159858
1991895
671228
18809
1502235
130262
1991955
1991817
1881387
1991966
1992059
1926927
1991745
1642910
1992126
739477
145620
488484
257126
1992050
1992208
1992214
1746237
1991961
265627
1992240
1991186
556925
1903015
1984558
757333
1894205
87825
1991122
1992286
1549056
1751
1992312
1356280
527956
1244000
1992384
117775
83364
336899
78816
1992239
118417
1285394
1567655
76004
1992478
1121106
1991343
1990869
1992361
536620
1937112
1989999
1791952
257415
1992655
673478
1617986
1869142
1992586
1992308
1992681
1992709
602759
2318
2318
558391
1992698
23178
593676
1797711
1992789
1992662
143033
1992674
1992557
1955994
1348952
13232
9355
1986625
1992926
2074
1992846
1992958
1992815
4576
1958580
1939571
524401
1301122
1672
1323621
1090492
1993055
1695847
1056105
1402117
1993110
588344
1316908
1959873
135472
440225
1279305
904074
1992486
755191
1936454
3
1978339
1639821
1924693
1993247
1993206
460648
1022760
363096
1361438
1993326
1993333
1639947
801367
1993344
1993199
770897
1399252
781197
1531670
685545
1582584
1322170
1025279
1608748
1343323
1976807
1059920
1880039
1993416
1993473
792650
1366002
717
1425628
680552
1993419
1993538
146924
1993476
1993258
229077
1881028
1970442
1993650
1993577
312887
1993626
1140879
8978
1858889
1614270
1992917
1993737
1993540
397481
78643
1874249
724913
1993618
2570
1751113
1993767
436798
1993880
1993894
1993898
1993837
1308783
1648629
1477976
1505736
1993908
1993969
1580306
4634
1994018
1961765
179656
1993964
1994036
1814699
1994067
1837
1056106
1994126
1994129
1994079
2710
566806
628821
1462674
1828819
1949105
1994211
76005
1147416
601117
1850733
654624
1662
836678
438977
1994198
1994337
10935
1994217
1956080
1994307
275013
1935897
1994302
1498420
1994287
952748
1487262
712123
1994501
1282994
230029
1994542
1936726
1994585
472818
1735406
1659209
1994557
1540374
1282020
351571
1994754
1759447
143277
28670
5554
929112
384702
1766071
1871346
768660
213783
1481031
1009604
1994992
954560
400207
1908547
1300611
1055771
1995081
740294
1994338
2549
1140707
577198
869141
1392816
560142
1995195
1557171
1742263
117092
635454
432968
549137
259755
386017
1414736
73070
598201
1995303
1995276
1436381
1995247
1902908
1868761
1995210
1995455
1978381
1994797
1683934
1791769
76696
1995499
1977218
400233
1565642
290699
1995581
1995634
1238221
261092
372099
998218
1536270
1995763
1995127
1922093
1995562
1485919
1641795
1396252
1995888
287109
1995779
1839111
638011
1612419
446948
305015
1995962
702387
1711294
888540
296645
1593959
1277317
1353573
1438054
1996143
1937477
6285
1452070
44301
1943138
1977135
1342176
418422
1922977
1996256
1996300
1987952
663459
1466480
485862
1866589
508305
820618
1990506
1330436
1925265
1996383
1407072
1392477
1996248
1275180
229079
1637426
682686
2050
1996578
233278
1996633
377744
1996018
1538026
1654299
1913124
1239607
1996686
1297633
1996717
1251856
1478232
1475606
1492323
1996790
1996558
1996602
1996843
1044193
1312158
1996850
1292910
10855
1420982
1008529
1878125
1004752
1996848
1279781
1996829
2945
1997012
1997020
1330398
3821
1997042
2937
782315
1996188
1997188
1991949
498311
1341728
7657
1997221
1485132
1226147
1997284
1997051
1996574
1996788
1997339
7170
855840
1002162
1997113
1989630
954198
643256
1997153
1967957
81867
136947
1997436
1997622
1542530
1997478
3302
632730
1300979
715559
1544271
1164831
13572
1997698
1997706
1275673
1997692
479974
1997760
1997619
1710804
1986360
1365170
1997822
1997534
1997838
2940
1997381
1447269
1822534
1895642
764216
1437344
1479002
562120
1997988
1997990
27566
1995997
1998051
27202
924702
1998078
383825
1504698
1998074
2422
1877119
1979492
1588452
1549046
1998218
1996715
1336965
1938548
952
1181962
1998029
1165125
1063340
1303055
1998156
360338
1423721
672601
394572
1125497
1617157
1907078
1985791
1996989
1751626
1515386
1998475
261176
119807
1998505
1998372
1739562
1998450
1998495
1997938
1322371
510451
1486454
18599
312294
908726
1279349
1143820
1504019
1966
1998596
1472386
1998706
1974013
593493
176820
93417
776305
1998642
792935
1998756
476006
212411
894884
156483
1578884
1977527
548554
1298525
1861423
1944015
789336
2615
1998996
168116
1998940
1999019
383576
1998275
1175
1351844
1293299
1999010
603383
96904
1062953
1489775
1366609
1999134
1999153
203139
706279
1999210
1280478
275216
1460148
899816
1878797
1999252
1305672
1999259
1999267
316134
1999237
1999287
1999288
701
1998942
1999222
1999328
1633477
1999335
904135
659609
1994920
1999133
1999304
1620830
1999389
1963960
1329059
1549057
1999418
1193273
1999385
1998087
1977043
706024
1386161
1697992
1421012
1999472
289751
482334
569892
1385185
1999650
46115
1377988
1934868
880772
1350590
57195
1999773
1999775
1999786
304727
1751232
1599866
1341647
1999880
919401
1999789
1552444
1999949
680282
1302584
1999717
1995950
2327
3
66110
1996164
1454826
353058
428146
2000016
110139
1266
2000249
2000072
79892
1979573
2000194
2000388
1269356
2000367
95753
2000502
1951274
2000240
760078
433
1334632
980840
1969560
573114
342
802
1557566
2000738
2000747
1903220
1293478
2000774
1320599
2000637
2000705
152965
1645812
2000870
1496399
1955795
1780960
508118
663
1485864
1968860
2000743
2000490
2000667
738083
2000781
1423210
1998383
1348518
2402
625369
796740
1873396
343154
1383477
1994091
2000651
1284088
8427
1311565
137578
1631300
2001155
1862389
2000997
1073478
1670858
413169
1569
1531725
1486089
317841
2001303
2001306
714128
198355
2001350
573361
1985735
2001367
2001297
2001384
2001149
2001346
1254918
699165
1404470
2001479
3318
1680988
1526808
1234660
4538
773804
39871
2001383
2001441
2150
532496
1804328
1990834
1199285
2001654
730084
816247
1582767
2001740
892258
1372069
1770725
2001752
2001818
2001840
1853822
1622136
1429992
2001725
1537412
1586009
176581
1991176
1673868
2001947
5
1306966
2001979
2001895
44301
2001967
2001902
2001985
2002044
2001737
2001960
1293079
1628308
2001885
377094
2002030
2002138
3365
1293693
726869
2702
3041
1463818
655415
1916772
96699
1999447
1383787
1995056
788370
2002225
1658725
1046286
2002406
615120
234692
1070672
760647
2870
532105
2002495
2002557
2002589
132704
437161
524541
1616615
2002377
2002698
812892
2002561
75040
1639837
1437159
735761
2002788
122000
1400604
2002785
2002837
1887399
2002893
1488503
2002900
2002713
4585
2002763
2002858
367247
435874
484515
473898
1452278
952
1378224
2002959
3274
298705
1530284
1003074
2003049
1545969
541665
1343096
1360770
88592
2003233
2003235
15947
1297073
156582
296622
2003283
305405
1873436
1290721
1238925
2003308
1901679
904241
1473020
371188
1949611
1963300
2003343
2003492
1656455
2003486
1720695
2003405
2003540
284323
2003552
2002947
841495
1556581
1385793
1534216
2003544
303938
1940017
814118
1984357
2003616
2003635
379651
690313
1985120
1381445
1817300
1374423
1873524
1996946
2003689
1418858
1763781
240982
1390986
197131
1786102
2003890
2003654
1889633
1605261
2003992
1887166
1301597
2004007
1409028
2004071
1212
2004090
997790
1700810
1798508
2004100
46979
615123
89374
2004126
195918
1452624
2003960
2004216
1947937
2004268
2004304
2003621
2004273
1312486
1349246
1464084
2004163
2003833
363412
2004316
854087
336079
1421275
732120
1674608
1902481
1929054
67549
2004324
1933077
783344
800715
1282480
2004515
693
1881379
1483420
1280447
625545
639641
1492288
1879897
2004659
2004582
10908
2004701
2004718
2004741
2004748
1314635
1522370
1219534
820696
145952
1597523
1402794
1930171
678
1689417
1880516
2004907
2004872
608360
909752
2004891
1367363
2004934
1156
1362662
2004964
583346
1290695
2005029
1382865
1305372
582519
1867681
2005080
333409
1231110
1981714
456274
8852
565252
2005083
654881
14844
44062
1600318
1610795
1493169
1445267
2001562
2005148
1142892
2005193
2005300
546652
1968503
2005320
5796
358750
1166672
2005289
1159449
1444875
1379098
2005421
61388
2005424
393
644323
2005355
2002356
1631292
2005351
2004309
2005359
350728
628083
2005344
441
2005416
473001
479435
4719
2004938
334526
1379400
1314566
2005555
912393
2005198
2005730
1573073
1275365
24335
725715
556343
2005800
646656
702188
532337
12368
604379
537500
2005879
1952834
479658
2005822
2005816
1078400
898058
14012
1717708
1416547
654260
312401
1882240
543484
2006021
9472
1798019
234618
1288706
4538
88941
2005871
12946
1023697
2005957
2005287
2006061
717718
2006108
2006114
402
1316691
2002087
2006159
68104
1440369
2003389
575050
361744
487370
2006116
1401078
1236
109920
1839681
631446
2006278
2006291
2006270
2006189
2006317
1776836
736461
2006337
1274844
2006345
2006359
1606608
1733
530547
1380822
2006357
2006412
2006249
15849
33578
2006153
1994714
1671382
1960439
485
1441239
2006405
2549
1888647
2006527
1983857
1494420
2006574
1978875
943817
222249
139270
1821302
2006572
1537095
2006685
285341
1330
1994298
1183005
802
1643395
976615
1617779
892029
2006187
2006798
9970
2006825
1924358
1314488
745980
1303181
1039589
169780
2006759
1280389
2006963
2006985
1412196
2007036
504332
267055
1607070
2006858
2007067
2006974
303991
513982
1150822
10289
275132
1183252
5279
1673493
1935378
2007073
1489309
2007184
2007115
1939986
2007159
2006935
1359065
1349060
1866691
1566490
388809
256084
434049
1976039
2007341
4059
2007401
2007393
2318
1463120
1867684
2708
59453
5790
2007405
2007418
133598
766589
517520
2007501
624615
275876
3074
9809
1751
1894975
1641981
44874
4597
2007560
1937423
1300249
390669
87781
1479278
26353
2007606
945806
57307
391506
2007666
2007667
2007495
1965079
2007596
2007680
1293099
2007665
680511
2007717
2007698
1608156
1613
2007709
2007741
2002228
2007563
2007748
4597
2007370
1618239
1885143
2422
2007934
111976
1305648
359203
2007907
2007892
1365833
2007947
194753
998660
944907
2007939
1772135
1266
1389563
1548198
1065887
2008035
2008053
1357753
2008063
654469
2007961
1340284
1672897
1877695
1086685
251901
472927
2008092
2008164
2008144
2008171
23710
202895
2008206
604812
624735
1130000
836776
2007859
226023
666190
2008367
1545223
1583424
996926
46241
2008379
1528
673297
336198
711324
1644987
577808
339904
1439651
1296001
1348169
683929
1814589
221635
2008598
2008490
2008612
1750690
2008120
71587
2008176
1672929
29406
1091182
1631703
432852
2008669
1775391
2008247
2008671
2008732
2008741
258190
1389505
1620824
2008755
2008757
1310959
687455
2008725
2008758
300868
474307
1379471
31889
1284195
52363
2008829
693
1908652
2008858
1905945
1417000
2008896
2008939
378122
1608247
1747193
1752462
3038
1504997
489203
7741
313939
1330487
2009098
1867849
2009095
2009116
571566
1006691
540727
331
400839
2009151
1404262
226560
1956512
101628
74332
168847
2009210
1280922
2008980
2009261
2009165
951961
2009306
2009223
2009308
2009334
651438
624194
1805339
124257
2009417
1662
2009439
852255
981401
1058160
216161
1336937
21201
1723995
1614569
1603881
2009459
1314555
2009510
1299266
13879
322140
2009541
1949342
2009538
1318305
725543
2009620
794796
1650172
555749
685187
2009698
1489852
2009710
1880786
1697199
60816
204553
1477388
989096
1340415
371171
231688
2009796
49218
377321
1298639
1417620
1662777
2009839
1354161
1934874
1295169
1682346
79340
257033
927547
1774868
448432
2009921
354190
1047622
1292421
1437292
1409952
496200
2010035
1212
1783
211950
1040441
1876468
253
1886986
110213
499816
2010135
1116401
737824
1672737
17440
883288
1936824
4719
2010265
783
2010260
81452
9315
2691
9790
2010353
1528
2010364
2010366
1696153
1618542
1574449
1396571
1905491
391306
603158
2010472
56823
401973
1058357
1141788
2010546
1749142
122277
33291
3003
31632
1613
1952737
913452
1268926
2010725
2009914
1733
2010807
2010794
2010830
555715
1605709
204667
2010851
1615112
2010888
2010890
237257
2010919
1593437
1364025
2010988
2010983
2011006
1618582
2011028
1448841
1398515
2011078
1999380
2011040
9905
496289
220517
1621050
2011108
1003236
1629
900535
39
1749196
966486
1137647
1570129
2011255
584203
2011270
1321143
1626814
2011361
1499943
679506
694019
1956973
2011233
2011300
2011416
1789484
2011477
1408100
2011482
2011485
1278732
1366930
2011564
69697
10713
1940705
2011546
2011511
672843
1022954
2011718
1214149
653615
2011759
835764
1949665
375115
19177
2011755
2011817
1399960
2011793
7219
1943330
89275
486180
1790518
2011908
207167
1629894
375708
1402060
707246
612348
1772879
1611565
1338917
771673
2012046
2012073
101101
511213
911281
2012088
2012131
2012144
2012057
2012047
1514230
1286103
2012183
2012190
2012152
2012202
2012177
1417386
2012261
936999
299107
206865
2012328
1925256
228249
2012389
386056
2012263
2007133
1332397
1034017
4972
744275
2012429
2012542
1053628
476639
82333
625381
1935226
2012627
1346635
1287875
2012353
2012595
1997937
2012630
1309845
1291634
273224
1840904
2012742
396436
666535
2012782
2012784
1940316
2012697
672353
2012813
441
175834
1620420
1369
2012834
17770
3297
2012893
2012904
1074332
2012869
1583013
2012916
2012957
2012958
316351
979191
1578864
869600
1477793
2012948
2013037
1504007
2013126
1417655
1990183
2013152
1246534
1327053
1377499
77209
1311369
2013321
2013340
1245570
2013355
2013260
1672
1284978
269463
1334801
2013256
2013468
1215278
1159267
26741
2013356
2013514
2013557
1970998
1999438
2013575
10524
2549
1313921
1023245
2013648
2013598
735193
1659696
2013633
1560985
1595531
1304397
1373188
1732292
553163
73580
68807
2013706
1009398
328033
2013761
14164
2013760
2013840
323830
2013859
1351923
2013808
1519965
1385250
2013911
1307192
1367495
2013942
305059
598798
1938377
2013917
795168
1421277
2013952
2013943
2013978
1182470
110570
742008
1501520
380894
6257
2014081
952
2014116
1685815
1955991
2014003
1605665
1269397
1275367
2549
415344
66117
2014123
1788115
1883262
30438
2014236
2014238
402
1560786
1338175
2014210
436653
1068854
2014294
2422
2014301
1968070
315024
2014285
500031
2014327
1293642
11710
2014317
824680
1945852
2014426
257543
1121891
1946409
1511439
12642
1325997
11710
669273
1921715
2014395
1944268
1486546
2014494
42355
952
2014653
2014489
1774273
1494590
1509940
1943387
2014743
1022044
952
1328804
1419438
2014793
462451
1407158
81552
1504480
2014856
2013353
1951037
1938939
1115820
1142628
282939
2014903
815549
13211
339583
1321126
2014788
2014693
1469857
1679099
513601
301759
161038
615122
1256187
1946536
1732953
1638053
2014948
484962
1592550
2015090
2015094
1435902
1960048
1494748
1721021
1939014
2015238
1459687
2015066
717
1357049
1939602
2015058
2015214
2015281
2015117
2015258
1377414
1266
161700
672583
2015407
1300574
2015122
2015449
123864
331
1290764
1959469
2015326
312473
432372
2015464
78227
2015476
1436582
2015455
2015593
1315
1923609
2015619
1593040
1374635
376294
2015623
1518186
76138
1571657
2015648
1340142
293000
1939398
686001
1948762
2015769
1134222
2015613
2015801
1315852
2015771
2013931
1710961
2015332
1942054
1407661
2015942
1410649
1335145
1333784
1364044
2015930
1057167
453566
5902
911329
2016014
353809
1308300
502589
1971252
1445340
432
105113
1634181
49691
742925
1390461
602868
1868655
2015826
2016334
2016347
1477629
2016280
230670
891086
2016388
249212
2016405
2016425
2016442
1668981
913361
2016337
2016415
681350
490649
1506446
1422104
678
1357197
1815824
2016610
364387
2016368
1246174
2016552
2016582
1603902
2016687
1471
248003
1087880
15947
2015964
2016555
1502749
2016786
4538
752448
692137
1535224
203225
604606
116446
2900
560748
2016191
2016935
2016952
1947910
4719
1161134
4311
2016956
1538228
2017081
2016526
1774
176847
916273
2017009
775993
640883
1330503
644096
1777895
2017206
1405779
2017224
2017124
494233
1107257
2016673
2017145
88568
1430
1299009
1166415
16122
242726
1297779
1101276
1940696
451
2017276
2017252
2017165
837443
2017414
1963371
2017456
2017353
2017164
2017493
1945860
2017432
2017425
508053
2017531
53151
2017364
1949005
2017598
1515865
2017604
1266
83398
717
1403458
2017591
1938897
2017745
2708
2017719
2017784
2017792
2017825
1503902
1941069
1868302
1099676
490769
2017776
2017878
2017589
1073895
2017875
1968957
2017794
818899
392003
2017636
2017971
2016983
626897
114032
2017006
1702973
1330770
623582
1046104
952
149542
2015479
1417124
2018115
2017674
781772
2017895
36897
1937364
464949
2018110
1482931
4706
1310409
1525349
651938
2018107
2018202
1287325
180783
2017849
2018078
17440
72963
1955697
2018150
2018297
2017885
28998
2018140
1444786
1321318
2018387
1790109
1386410
2018281
1942226
247148
886902
2018199
1427777
2018300
1851334
158840
1287177
366539
2018384
1205813
1435234
772
1663140
2018349
1597713
3821
1266
1887678
2018567
1468176
1413751
325238
62211
2018736
1548611
210039
1668197
2018778
293025
96635
1291478
180209
1902145
2018832
427188
1665814
2018689
8497
2018763
1404408
2018303
341443
1950037
1502939
2014188
77576
2018941
1555901
41582
335047
2018373
2647
2018936
1973347
2018998
2018999
1893332
812
2018572
557395
2019031
1607310
116575
2019032
2018981
2549
1503631
4706
205844
1941386
634699
2010038
2019179
2000928
1050603
1965425
1833216
179992
2019229
1141974
439017
2019245
1731627
1989802
1602
1202
1041424
2019316
176088
1586526
589269
1833292
1651808
225196
1382249
508080
172526
2019243
2019160
1415177
1854228
1707323
2019392
2019357
5140
81118
1539435
2017566
180192
2015745
2019482
379922
22321
2019411
2019570
12368
2402
1563681
1443947
9953
930270
1944374
1504543
149206
241166
962102
1888107
936838
1322073
734869
9634
432890
1640413
1634639
118106
1550878
2019731
1810316
1509344
898917
76977
1503465
126745
145444
2019714
1798453
3805
1720523
2019914
32162
203051
2019859
2019940
2019959
1986603
76693
1633529
2020038
1747307
2020053
1936044
2019929
2020076
1789662
2020093
2020039
3929
1591709
1940214
2020040
74745
2019934
188583
1975882
615979
925711
2020208
750238
1655478
2019684
2020131
1470825
753806
82569
1890830
3777
1270464
2019335
2020221
1064779
2015570
2019093
1489517
1281816
496792
24072
1740053
4597
85637
755765
2020382
3777
392587
1940019
2020328
1922052
2018458
2020540
1955572
2900
74453
1165058
2020586
2020538
1351127
1444940
2020612
1563363
715450
1758747
1282599
2020073
2020592
521844
1393163
2014524
2017294
2020114
9406
1952994
2020652
812855
1132762
1446034
458109
1391949
2020774
1411861
1252507
2020818
1391759
2020209
2020676
180773
2020855
2020716
2020630
374967
1442805
1374373
2020958
2020902
2020901
1891163
2020946
742849
2021003
863163
1442349
1648274
327563
6012
1935769
2020854
2019469
1326443
2020948
2021094
2021073
1529276
1176789
1575285
1702838
2565
2020966
2021192
2019628
2020975
310613
710895
2021237
2021025
2021246
9970
2021001
1349957
2021149
2020852
1940809
2021338
1255044
100162
276983
2021385
336575
83018
2021244
237083
1685
1147336
2021408
1355389
2021452
2021410
2021493
677855
2021155
1560465
1289857
3470
2021405
492025
2021332
433
106089
1941022
13834
1511299
2021479
2647
1525348
1644289
147622
2021691
1291942
2020988
1949506
1981805
992531
2021523
440680
274670
1131818
1030735
2021805
2021911
2021912
79117
2021917
1369185
2021719
1661144
1812508
26248
1935877
2021977
2021988
1740663
928111
688436
1308971
618104
358064
2021783
1941967
1908850
42355
1955075
2022089
280271
2021963
17068
2021470
1431396
941381
2019532
1976401
1042381
2022195
2021814
1380754
737725
326010
1978790
1489062
2022311
38170
1607973
2022080
1938404
2022266
1940320
2022272
1390504
1364705
1508421
1346746
1902529
2021774
670288
236786
666011
227900
1946103
2022414
1637531
1297319
2022557
2022349
416378
10064
9472
2022614
2022547
2022641
2022384
1430130
2022283
2022727
622308
598657
2022706
1079397
1421535
1754554
2022456
2022853
541456
2022767
5356
2022762
231346
2022813
335608
2022841
1583566
5154
1325497
215187
578302
143976
256722
2022932
1282137
2023103
43044
1613877
4538
2022722
2023096
968430
2023172
252246
2023116
2023174
1944038
1202
2023191
277
304399
2023208
2023163
2022886
18599
2023083
2023240
1810735
1562978
459769
2021215
759568
2023247
2023301
1352344
1961374
1983493
2023420
2017133
2023376
2023381
2023468
1958650
675718
2023497
1574982
5279
1537896
605391
1148638
287357
1542557
1568345
1975557
1505189
1380397
1267836
725061
2023506
1266306
1619078
2022844
1955697
2023482
2023123
2023594
2023537
1192860
1359492
1820553
2023602
2023638
2023535
2023722
311338
1298283
271560
582203
93219
882623
1202204
1044865
1319521
1516
1514973
2023655
653718
2647
1514596
2023913
15795
571666
2024004
1375
853288
55121
1315
382152
227657
1253899
1240137
1391001
637158
2024112
1492481
2024049
665533
4597
2024179
1661175
1992268
2024211
2023463
1083517
763531
1951456
2024253
2024274
2024278
93971
916367
249921
1745073
1648111
1440150
2023794
206120
786470
1328512
2022809
586320
2024242
994139
2024375
15707
2023942
1810333
2549
168604
1931394
488099
174124
1110583
2024480
2024518
2024334
137579
5635
2024563
2422
117102
2024519
2024405
2014816
363305
191674
1006266
2023932
2024549
499358
2024299
898636
402
40174
322676
1429059
1877415
2024755
2024635
2023598
1440256
1379625
2024808
1403572
3074
2024266
1517635
2024852
2024859
1791316
937830
1317227
2020890
836525
1469677
707034
2024874
2024946
287462
2024886
714658
1329936
234591
1518886
2017889
2025056
2024831
2024944
2025021
88522
2024947
111135
1972384
797919
2025144
1826466
2402
1566473
1578924
772124
2025042
2025242
33696
1977909
148292
2025281
208690
1941401
2025285
1356399
2025122
5585
2025223
491759
2025350
433
2025022
2024821
1953048
2025337
2025268
2025437
1983209
1964663
2018987
1732829
2025479
2025426
686130
207749
2025453
413503
1033028
2024927
46897
133313
153190
402
2025671
2025591
2025545
2025681
315444
1328526
2025723
2025759
1395088
1619259
1947429
1394730
2025803
731273
130515
2025758
48629
637343
1977022
2025871
690
2025783
998452
43625
2025524
385240
1872089
1289975
1941934
2025919
16744
2025750
2025988
1995503
324042
2025828
2004411
2025275
120709
400353
1364485
1969703
19054
1751114
1601112
2025731
1987862
2026067
1979620
1964819
902875
2024954
2026095
79729
1629369
1732717
1236
592061
1749219
2900
2026169
1396776
2026210
168586
2026213
2708
1952051
2026337
1284853
2021507
1572445
1957687
7049
1567972
2026237
2026306
2026336
4311
2026249
2026440
2026363
1291917
1618718
2026468
994768
2026528
1640872
2026491
440489
885974
9401
2025825
1992022
93976
2026600
188002
1798580
1416940
676852
612005
1878433
2708
123308
1139721
314084
2026715
2026472
110221
2026420
1540338
2026604
662951
178543
1726078
1606654
2026814
196367
2026861
2026770
1332340
1918328
1236
2026849
269125
244645
2019800
1131736
2026899
2020391
2027013
305220
1331146
1067867
237982
1278982
680672
516105
1783
159031
1975096
406301
2027006
241045
10524
1140142
147646
713142
2027134
2027146
1502506
1364384
2027107
1485511
1523631
2027319
130400
2027017
1289162
2027301
1280167
1385750
2027347
2027366
1938341
2027332
2027415
2026232
930079
410791
2027440
1820620
2027456
1818289
1368392
5635
1983301
42726
412016
2027520
812
1294215
1569472
1276202
662951
899706
449039
685465
533411
2027285
409211
1808133
1404958
2025958
788953
384739
2027752
2027643
1461885
1049203
2027080
1640993
2027800
717
1508644
982723
2026613
1053526
1902087
1426298
10182
1774
139845
910003
2027758
284409
2027959
2027843
1589817
2027787
1594745
1532471
1848278
1549300
253018
143228
2027582
14404
2028052
1699333
1453633
408379
362311
1617011
785857
613054
61043
1942818
851541
371189
2028058
248582
2028113
2028292
1564957
1237104
1592585
336295
2027742
2028134
47583
1914926
1302177
2028338
2028261
1877676
1772270
426100
1569
485696
1306631
372823
2028509
2025422
1021376
5367
1308298
2028543
2028451
1916631
1065225
964102
956000
2028365
2028400
2028506
2028542
1765589
496043
1609087
2028686
2028599
2028719
1661893
223058
2028669
243196
2028428
692546
393
2028816
1234701
769914
2028715
1640779
1346809
2028732
2046
1296908
2028693
1600345
1926967
1797838
2028920
416244
648789
2028670
1415717
2028888
466470
2028830
230486
43980
760042
2028867
2029035
2028614
796523
510376
93821
1898446
835666
2029101
23710
2029116
4538
1568033
791127
2029070
566289
2029126
1334070
1537456
2029120
219233
1752467
2029234
169956
2029250
754945
2029253
1372136
448559
1063474
2029301
1613292
2029306
15410
6823
2029184
2029256
169991
1579755
2029324
616289
2029259
1962172
1047484
1977822
2029399
1021606
152806
598196
1296454
2029439
1949829
1452158
1988194
71325
802
591594
2393
1861138
1623589
1368950
501411
500911
10705
361873
2028950
2029581
1505404
1315442
397933
14164
2029613
126240
2029586
2029651
696324
18253
2028933
2024929
2029511
1383962
2029670
2029704
2029795
83014
770
6341
2708
2029827
1942938
7219
1015729
2029752
242070
2029683
9778
2029862
1696754
2029627
2029830
2018453
687035
1688219
63961
2028485
1323605
2030059
1340246
2029718
630122
117066
2029605
1606207
1874066
2030182
438213
3331
820887
178333
2029879
1483144
1326565
1945205
66504
2029709
510973
290342
1424392
1467067
2029923
1898835
1409514
2029892
2030391
1365203
2030241
1752139
1118362
2030315
1037811
751229
4080
1069018
1770584
2030443
749130
2030323
2022359
2030530
2029688
2030464
2030478
1387889
1966842
1720845
537024
290854
2030645
6257
757106
2030670
71899
2030710
200387
1455508
1585929
2030527
724449
889210
66983
1128678
1451776
2030792
900290
1202
2030749
2030804
4947
2030885
645359
547647
2030873
356979
3071
767424
1538082
23615
1202
2031036
1881062
2030854
1435392
1666096
1736541
988769
1050724
555883
1874480
2031122
1837
1634981
2031002
1108560
603099
2031008
2178
34596
707597
2029223
141916
2031182
2031284
476701
2031313
645304
1573327
496927
2031375
2031225
993
77753
698592
2031141
4184
2031488
2031441
2031442
10183
484626
1938707
2030467
2031494
2031493
1067157
2031298
1773211
2031372
2031336
2031632
1957092
1569
1275313
2031580
1515518
323711
1842908
182982
1272515
1475828
155607
2031816
135047
1393012
1317085
1644431
1698476
1269171
393
1628083
52053
524554
1274273
1934535
2031879
1464193
1511337
2032047
1328656
2031725
466877
2031872
2032100
5279
2032031
2030708
960279
1305890
2032003
1448429
2032272
4796
13834
1574793
2032260
2032126
2031383
486447
4597
2031944
2032341
259613
2032447
136826
2032456
10183
2032347
1577188
2032382
112012
1299851
1295416
2032466
1583911
483711
12642
2032522
2032330
1423642
286507
1957831
2032614
291002
1513889
440584
2032633
1313174
16744
2870
32784
2032785
1938311
2032800
278422
29427
2032605
1597000
1660577
2032791
1291755
1275830
750504
393988
1557790
1212
6082
188758
1741136
226141
1621961
1950552
1270884
925129
2032992
465641
572345
2032381
2033045
111007
741443
506461
2033157
1106389
615151
2033114
951293
1556050
2033222
1765039
2026627
1767055
2033245
1524172
1936360
44065
2032968
1304541
2033389
2033252
1650768
729461
553850
935786
1381054
1592162
1998071
2033458
1089683
2033556
2018214
1405802
1387838
1271427
2033574
2033577
1893239
39
517620
2033493
1588838
2033346
2033530
2033464
24295
676046
1564881
2033422
188024
1619762
1991905
1691787
491442
1300920
1569
2013705
204258
1864618
1068720
708367
1243749
932581
190734
2031087
2033875
2033733
84242
2034027
2034031
607153
313173
2033859
2034067
2034096
1330588
2027177
2034060
2034135
1530557
735916
1382580
710440
4039
2034186
9361
1959926
2033826
1970477
2034143
1573021
2034177
1248771
979868
2034111
2034182
671650
2034283
1717327
2034376
2034136
904857
256388
946218
2178
1282678
55853
1236
1964782
2034494
680467
2034498
2034249
224204
2034297
138358
1449784
2034474
1330218
2033774
630167
1323264
376991
737572
1397734
234426
2034539
1341436
388274
1591899
2034626
643863
278464
2033619
1978898
2034605
922562
2034758
13904
2034793
146051
2034827
2034874
2034802
2034914
2034917
2034831
2034865
2011411
4657
1113477
2034905
1443779
349735
2034958
1979611
804202
3028
2034971
2034932
1465299
1625943
479485
2035013
20396
5554
2034819
4039
781961
1292066
39
1016322
550352
1652862
2027387
37349
2034901
1061062
205331
2035011
2035001
2034859
1250851
1520140
2035164
2035078
1404116
2034997
2035115
229581
630066
2035223
904993
2035302
2035327
1375
115891
1431613
2035275
17777
2034943
2035301
295281
2035407
2035217
978693
1291899
2033462
9970
4400
1960775
1368679
526512
1906443
261048
2035470
1493
1671949
2034918
2035479
2035553
2035533
2035488
1364180
1308888
667651
861580
2035544
1790609
8360
676
2035025
2035567
1497747
1415714
2004751
1240068
2035716
2034319
1938593
543513
2035759
2035796
131679
186581
1390821
2035363
2035747
2035725
2035764
2035852
809883
1566602
119027
2035839
2035828
734793
414288
1008012
505308
224763
30551
1337816
6604
2035991
2035966
1541157
2871
2035924
1394436
2036011
509400
161545
2036071
463428
1689052
2036118
2036066
210152
2036162
2026415
962820
1498389
2036214
2036109
697923
341548
1463110
142178
1911988
1639236
1968879
2036337
1995701
1007858
90881
1648382
2022779
2036327
39244
987139
1591520
435628
358086
1744149
703278
1577532
2036266
1868552
1961512
1134067
1454693
2035849
1186549
148986
959089
1034119
633272
2036522
638793
694615
2036536
2015447
1045979
1820
2036433
1335596
1757
952
704322
1298128
1456687
1746532
1366673
107276
2036618
2036683
1137978
2036713
1282912
708080
1350921
1774
22959
1013166
2035366
2036693
2036766
1342989
635601
130210
2036798
19545
1415830
2036725
637305
2036844
228855
2036794
1820
42993
1339912
1114394
183702
257084
715029
136194
384907
2037037
2037068
1733
97613
1537842
3
2033291
31889
1469711
2037092
1420507
100294
2037144
2036811
1217382
2037076
180527
1408220
1651780
2037150
1054958
1312140
419536
2037251
2037186
2037217
738730
335608
370993
2037342
2037359
2037304
646465
230905
1944971
2037317
918
5635
2037367
512189
2003219
1486058
839585
1456581
213265
2037457
258232
2012342
583751
2037520
1740930
1459333
2036991
465
1276633
71743
1448898
2037126
2037460
653763
1576704
1751320
2036949
1973100
2422
1340238
1383961
9406
2037669
515876
2037718
315327
2870
1352410
2037700
1149118
1922684
179156
2037289
314600
2037802
2976
2037784
1872885
2037849
913195
2037839
998153
1501046
2037789
2037743
2037867
316472
2037857
2037927
1288185
1071146
2037723
1922826
2038026
1937656
1945298
689445
2038021
679091
191686
2038061
10524
1577973
737947
1513427
4875
936038
15964
1637154
714128
1410590
2038108
1536703
1215262
2038002
161804
1273186
1292257
141284
1562544
1677149
2038190
2038099
2038042
2038290
31524
10261
448275
1315
1367393
1925674
631436
2038281
1115853
1737059
2038380
1840374
2038332
2038317
2036255
71326
1166792
2038460
1004853
23535
2038312
630514
642848
2038151
2038524
601576
1967281
2038544
6257
2038400
2038590
1486325
82220
141267
988276
117832
747673
1504
2038710
2038638
649280
2024470
2038747
2020467
1291338
62342
1741402
810901
2038732
1439
567008
1636731
709028
1740034
2038656
422557
1626521
1608592
1734434
2038830
1014593
693967
688091
10582
2038934
1316624
1614383
2027836
2006211
2038982
1702328
1711497
1939519
2038912
2038819
1211242
2038785
1458839
2038884
476701
2038797
2039047
12821
2039002
1531401
2039084
2039067
1584451
1969254
1272581
558066
1888230
3071
1387663
1161382
1557504
1604185
2039190
2039231
1662690
716008
2039277
1408147
1756904
125856
1611817
880804
2039157
654772
1556899
1575188
1580953
181265
2039337
1608378
805148
2039280
3071
1870487
2039116
100474
2039385
2039443
2039406
837477
2039430
720081
1443210
2039556
2039506
1364809
2038964
854736
1757
923119
2039587
2039586
2039388
2061
1378908
484405
2061
2039167
2039567
2039324
1733
1982586
267272
998306
2039720
1807334
2039742
316744
2039701
2039715
144948
2039790
1630522
1822654
1380912
658929
988737
1499450
2039805
2039804
2039596
470947
2039772
1347822
1460573
2039776
466217
1939751
1466239
1762
2039934
1481810
38243
1453416
2258
2039992
734754
1981838
1732267
1937164
2040029
1936417
1059578
687214
169088
2040080
381487
2039795
1357885
1115165
1300934
1625377
2040008
54303
752830
1507655
2040110
210081
676840
84016
1382645
2040196
10453
423958
2040378
2040006
2040168
2040316
636651
2040423
828185
202213
2040413
559375
2040453
355410
2040475
2040487
1309876
433
1868405
2040389
2040366
1444
1504282
93617
505209
1924673
1539656
1366726
2040632
1359543
2040644
2018580
2040572
1960336
1612994
318995
2040620
2040075
2040684
174507
2040606
1742550
1819316
1445021
1626709
1053650
2040776
2040768
1756048
1671179
1593236
2040859
2040886
562107
1107117
1291393
2040674
2040874
321905
2040949
498898
2040687
1918995
109039
2041033
1520676
1569
2687
15189
936285
2041013
284712
2041110
688292
4657
611082
2041063
1523871
25522
180768
2041210
10084
2041269
1966391
1470848
1555134
1952142
1895929
86130
2041260
238915
6515
2038742
2037378
17594
7198
626235
500333
2041336
978431
1702427
1653928
1350856
683
3071
142695
1087751
2041298
1845591
622287
530295
86735
1451989
112062
978880
1376541
2040777
75577
2041466
2041435
2041481
2041549
13019
241947
2041572
48876
2041557
1336884
1971059
796859
2041602
2041474
1756696
2041611
945987
2041630
1935814
2041546
1966309
123226
2041573
2041607
390852
476233
2041655
751508
2041726
214725
1644211
378266
1937055
409750
446840
2041820
1628727
2041787
2012912
467505
1958509
2041821
378147
2041796
1300185
2041824
1050569
2041858
2041508
1162719
751919
2041878
2041905
704562
1628057
1541825
2041938
888899
706587
2042043
1797434
2042006
1360045
2041021
2042066
287401
1633371
455887
2042017
1285682
31276
16550
2042023
1774
1126224
2042150
774300
1486082
93940
2042129
1390221
1931941
894587
201784
1851131
2042039
2042065
246364
36578
1848733
1740567
1614966
237902
2042285
1400830
2042136
1360988
386170
1793031
373760
2042162
2042138
2042139
2010157
1174377
2041818
1501958
10084
2042386
2030973
2042281
1247354
1925788
399941
180568
2042356
929902
2042440
1393822
2042406
517201
717
1740674
1477330
2042318
1912640
2042503
1551101
2042524
2042618
2042621
1989957
384778
2042541
692354
1723811
2042625
1270351
2042654
576254
2042716
1443257
2042735
2042771
2042631
6823
2042756
2042785
43964
52830
45102
1873832
2042858
2042860
1472916
1763753
2042823
1594519
6507
1295907
1239423
2042856
320323
296623
169518
2042452
2042934
2043010
986686
2042886
1471722
2042826
402608
2042502
2043005
2043070
1331912
1820
2043084
1308153
533354
665423
2043157
810587
772046
1579580
9472
1620256
1867
2043145
1476147
2043109
1392136
2042696
1498400
31208
444172
1332641
2043101
2024675
2043123
1707348
546997
898152
1339535
2043237
1393436
2043170
2043276
146685
2043275
2043326
1805841
1923954
1810147
2043189
936954
1072424
2042968
1309762
1774
2043307
485961
548686
2043405
397705
2043416
2043382
1036173
1934709
1162
1098686
814796
1605692
418274
1723851
310809
141502
2043539
54503
2043526
2043538
1702607
1593833
45529
1948556
1431047
2043669
1418188
2043268
6072
1481146
1580548
2041005
2043515
899369
374593
2043756
1922747
440806
2043789
1333048
2043714
2043807
5585
715235
134680
2043581
1983726
1106942
2043248
1702679
4972
2042512
1279683
2043826
1341275
2042862
355166
2043687
2647
2043856
557817
2043952
2026968
1616063
2043969
347140
2043912
1016358
2043825
132515
100466
1409851
2044029
2043938
1394929
1671459
674584
2027932
88673
27200
979490
1279244
1336178
746223
97830
2043815
2044062
2044009
283327
11704
757472
125823
1418238
1084989
2044058
58885
1478496
1795215
1577281
2044153
2043983
416762
2044165
1658576
2044056
2044232
2043614
2044152
1550549
1702279
2044266
2043971
2044190
429877
2044239
2044204
26752
938134
1589139
2044254
1774
2044024
2044367
2044306
1633516
556247
1466269
1259751
89021
1558844
941795
2044431
2044436
688422
1820
2044323
2044414
1330759
2044398
1368335
1611893
29645
2044424
948961
3621
1931530
152927
2190
377573
1047926
2044418
1387746
1276508
2044540
619738
1295785
1386653
193776
2044561
2044457
1407744
946826
2044583
1404012
1843331
1899924
1487251
1552529
2044695
197998
1516491
1286524
2044748
1993109
2044543
1362767
23710
556487
751693
989414
2044523
2044525
1368815
2044817
266981
2044760
5554
468279
2044819
2044526
155970
1620265
568774
1536272
1573273
2044887
207612
27532
683
732680
486754
2020385
2044785
2044979
1642080
231553
2044952
1301455
2044894
2044978
2044884
2044986
47745
1878180
1440456
2044982
1599464
1873910
2044924
2045035
2045061
2045064
516914
1576756
2045011
111996
1562551
1294164
587750
1489082
2045152
2045131
2045171
1564736
2044983
644437
2045257
801054
2045210
1224268
1733
2040794
1498154
1844218
547458
1648482
152060
1878160
1366320
2045232
2045259
1245127
432
2045380
745251
2045404
2040925
2045386
2045481
2045270
2045507
1923651
2045517
2045452
2045326
1668654
6384
1296733
2036075
2045461
2045554
98506
258806
1772644
1944266
2045540
228269
1670949
2045065
2009376
330618
1695945
1286451
2045530
1653538
1980977
1292200
774006
241584
883983
1281480
2045708
1272592
2258
656261
721958
645346
2045872
250294
1405551
1966
2045894
2045943
1424052
1183311
2043510
637098
1923095
1058578
2045901
1268237
2046049
31999
428926
2046069
2046121
3028
69532
267193
1629
585759
2046107
457686
2045707
1896514
2015137
1910684
1572062
1378145
562006
2046180
952
2046169
1056685
1867721
514468
2046360
1738647
2046256
2046442
2046312
1267776
1964573
1615026
1001589
2046499
678
594395
407436
2549
553009
2046437
2046514
2046541
277
1411095
1307333
2046633
1424469
2046634
4657
1092166
948145
1999719
3513
404310
676162
1273785
2046738
1390160
2046694
215162
1585772
305415
2046831
829143
587337
527223
2035893
1801469
2046708
2046855
10261
1533437
1280251
2046762
1552992
18588
2046800
1622170
1309014
2046918
1617052
1879260
2046798
1367639
6038
1626773
1305689
2046812
2025201
11276
123126
470506
2920
1909424
2047088
2047013
263698
722801
1310870
1818820
2047072
2047137
1692706
2340
1399823
2047231
1336071
113506
1375334
900433
5773
227882
2047191
2046838
2047284
194609
1642188
1945607
1315271
425666
2047214
2047332
947366
2047308
32624
9967
640866
1176694
1627903
74892
1043133
2047408
155516
1949111
2047427
13370
915272
1622343
422457
1960733
1970388
756857
930292
1344176
1304421
1880994
2047334
2047493
1716080
528952
384623
1582278
2047574
1436509
1998786
1858055
485848
619514
1043498
2047638
1522100
403876
6430
2047525
1343391
2047792
249650
451063
336998
1767205
825106
1465955
2047754
1055322
2047849
2047830
2945
717
1010016
2047548
395524
2047818
487140
1839742
2047879
470735
416248
2047930
1746755
9940
1703630
1586057
2047948
671482
2047959
2048033
409976
2048056
2023838
1415801
2048020
1927655
3014
2038272
2048059
1930335
1902331
1144037
1170741
624730
2048178
2048048
682894
2048160
1581274
2048094
707468
338660
2048173
258538
206075
1379540
1285976
1955875
684369
1236475
2048214
2048189
1385104
113388
2048293
577542
259881
2048164
252210
2005776
2048223
526914
1375931
2048435
2048384
1348383
1663139
997230
2258
301839
113589
1014316
2870
13482
2048536
918
1643148
2048555
1896482
1455627
685250
2046550
1521816
574812
201131
545827
57108
694899
2048578
320370
2048682
1599241
1437491
2047269
2048537
2048654
1474986
1444708
1756022
2048739
379442
2003587
2048669
2048760
441
12177
2048806
259516
420971
351307
723244
1346864
2048882
2048874
2048924
1170407
1451579
1107858
2019763
4972
298206
812074
1927343
2042553
2048977
2048976
2049014
954009
13232
2049005
2042812
1938584
2049073
2049087
1294287
1554268
456600
2043158
522840
392283
1794300
1128086
1593110
2049157
314747
1444706
1735040
1975519
1873814
1577910
1847253
19537
241809
1602649
2049201
2049285
2049219
1573677
919491
735111
1978630
2049310
46032
406017
1440497
2049397
1520599
2049421
28670
2049394
1313208
1352697
1498353
1498613
2049418
2048871
319014
2049460
2049430
927256
2049473
1701680
1016390
217405
2318
329589
1837
2049585
1577325
277
1557516
2049668
13275
10948
2049632
433
1471401
155752
1483656
239416
2049766
1028482
2049719
484497
1213973
2049824
520788
2043454
523520
2049858
268986
2049924
288765
46959
1260041
2049905
442524
1053683
1606379
1342516
2049825
1392817
535657
717
2050026
2050037
2050024
1117573
2050025
1186816
166045
2049953
1460784
2050058
2050029
923041
144362
1587131
1083572
2049987
2049883
21348
1484925
728675
1569
1243604
2050151
2001795
1542639
1555909
1328820
770
219087
915021
2050202
2050146
24745
273670
1949277
14017
2050196
2050177
2050233
54614
1754072
1786322
2050253
72327
529356
2050286
1236
863726
750421
2050325
18649
1342531
1292832
792394
76766
1774
292639
1981659
1979284
1695760
935636
1074021
6113
1119081
2050416
301013
1587077
494931
34572
1537336
3513
836584
1614569
2050381
2050477
990428
1305284
2048262
654938
1395489
1323460
425458
1395500
55699
581685
1148041
1444583
1330871
2050384
1396796
565628
342
1238321
1404316
1294243
73378
2050624
2050625
1553862
163486
1486504
13106
1730705
154467
8547
2050729
2050684
1359521
2050737
1928682
1461996
1486346
2050774
1927463
2050771
2050793
1880638
1606500
18736
2050810
942
734017
156197
2050822
2050826
1557323
1396879
1558226
943339
464222
1580657
1257344
1220095
1887853
2050905
2050920
1935846
2050950
1080205
2050966
2050964
1822144
433190
2050991
1583758
2050989
1668539
2051006
1572937
1523848
2178
2051108
2051100
2051090
1559124
1428325
368215
277148
82270
1520493
2051169
1385505
1572477
963238
1598328
168943
2050933
2051259
1305503
1537933
2051099
1610068
2051238
1935395
2006196
671494
974851
146611
664582
1398055
1901156
2046821
1303407
1427958
2051387
23892
2051397
306352
1699316
2051414
2051452
206397
1410389
222688
2051491
978716
1588462
1560067
1290290
2051563
2051606
2041909
2051595
1283783
1600305
2051626
2051616
287019
374138
1250052
2051658
1578740
2051679
2051699
2051712
1498385
2051706
1020271
1435133
2051744
1748960
642900
1935473
1809090
1212158
624497
1407896
174141
2051311
116832
2051807
2051693
2051805
2009518
2051940
716991
348650
2051969
2051974
1903221
1887614
1618398
2052027
664205
1558441
1542704
2052123
2052119
1402942
1236964
1615071
2708
2052041
1402515
1293346
402
2052270
521020
2052170
1387229
1526677
2052285
2052306
2052184
85124
516975
2052436
1601897
1936484
1336097
5
2052461
1277732
1322567
1356812
2052277
1175480
467907
933502
996287
2046
1735061
1953470
547346
2052626
2052599
2052665
2052480
1461344
2052725
2052693
2702
150618
2052680
2052849
1291131
1534667
1218669
2052800
1977607
1867
2052887
440144
2052977
1934951
1453160
517637
740043
2053025
1273271
4042
1604623
2053097
106003
1420315
1634297
1506866
2053138
1768647
2053147
1419060
28988
458479
2053295
2052967
1745524
2053358
1840152
1891511
1722498
2053362
426527
1948296
1937868
469887
1435659
2052979
1463538
369798
473247
273608
1159834
486371
441
2053515
1952691
10750
307710
9967
481665
791273
2053532
1340247
2053582
18635
323712
618076
317348
1420237
5010
1847400
1746781
2053825
2053864
6919
1241155
2053698
2053853
2053842
796859
402
87200
2053867
1118350
2053943
2053840
1087112
2549
225307
1631878
2040026
1946344
1700671
1733061
1212459
989354
1798425
495252
1926737
220899
509808
2054126
2054131
1370068
1304397
1955311
2054029
2054178
1301842
192727
1473946
2027509
1376981
1514196
1810102
1821219
2054051
203300
1447694
1821138
71326
2708
426120
366547
1364706
361757
1578396
141488
591245
2053564
624384
2054445
485
2054452
2054437
2054537
1960053
1472971
2054492
2054708
2054715
2054668
1002862
219576
2054634
710480
2054609
1790113
423199
2054814
1547742
2054772
1526317
2052744
1944145
2054823
1146016
8892
1476225
2054710
2054862
2054802
236140
77009
888129
2054775
2054959
2054961
295035
2055011
1899566
1204863
2055029
2054440
1327569
1397096
2054659
1044353
2019623
788975
1014440
170674
1355336
2055219
549047
1289735
132904
3813
1569034
1581478
740274
145363
11710
484202
713701
2055407
2055485
2055330
1959818
79872
2055603
2055205
1455405
924881
555770
2055660
737956
726611
2055647
1687399
465
2055369
40318
1350605
838985
331
2055775
377667
340094
1322817
2055714
1566242
1670098
2055798
2055615
2055899
1650767
39252
1013924
429383
30012
2020925
993
1398958
1687021
1001616
716584
297592
2056021
2056096
886488
2035046
2056039
320354
2056106
2056166
2055244
1327543
2056195
1792675
1309502
1560085
2056262
3821
377569
613101
2056319
302156
1279180
1443228
2056184
2056295
2056401
19229
302321
213341
1594402
2056332
1837276
270051
2056372
484497
1167818
2056416
2056481
527818
339874
158330
301482
2056470
2056511
158983
2056524
1038
1989955
5585
533200
2056682
5635
2056680
2708
1402860
1466468
2056737
527209
2056625
42355
1485551
793019
2056713
1551343
2020834
2056799
2056858
2032005
2056863
1936423
129543
1315
44598
1292334
2056923
2056816
605878
280780
736849
489909
456750
2057007
52685
884995
2056785
229656
468344
2057053
1569
2049710
2057020
324567
2057091
2057046
2057158
1428831
593456
1398897
2057173
191664
2057143
2057162
2057124
1731101
2057221
1430953
474608
25802
265143
2057306
57679
1359039
2057327
29487
483104
853536
2057418
4972
678
466705
1322177
2057515
2057518
1728726
1779931
1339326
2687
1476488
25569
1508376
1593331
1529296
235494
1856843
1306136
1958250
2057549
2057662
2057373
2057695
722138
275915
690889
2057663
2057689
1327376
1067052
1821701
1627852
2057758
1936196
1794445
1675778
342
1432971
1314915
100080
2057848
2057864
2057298
19659
676
1213147
3028
375030
526048
2057491
81279
566659
2057944
604033
2051808
1545173
177253
780996
2058023
2057937
1404499
2057953
226757
2057882
1568016
325677
1277490
499783
722903
2058167
2028072
1319514
343337
574143
322778
1353244
110595
2053250
1430280
5
2058196
2058297
580671
927904
2058323
979240
2058267
1266
1335216
598838
86224
30381
1266
1142921
2054145
151265
2055374
3821
1021211
120892
711486
2058523
493290
812836
2058539
1878565
335575
527303
1933903
1199398
1736903
2058327
1510922
10562
2058577
42721
1640623
178903
1590618
465
71199
2058515
13232
640894
2058550
34307
1432896
2058683
490340
1988115
1751183
621048
1567229
1411225
1933421
2058758
2058753
578862
1555713
1649
4323
2058835
1623896
2058872
1556473
3302
1235375
2015545
1530879
2056172
2058900
190833
2057967
173484
385332
2708
4311
2022681
1990357
2058885
68699
1311426
2059072
1539247
1750128
326896
2059027
2055978
2059001
25874
1626281
1058886
2059166
941285
1616019
2059021
1441904
2059150
2059194
2059083
203139
2059244
2059293
2059251
1136088
2059448
1895645
6823
781347
2059302
9809
1122400
1519585
264739
338104
2056809
1709949
1939134
3014
1377360
1343445
113411
629801
2059739
261425
740831
1565365
1750233
2059818
142451
2059582
2059843
1429676
1392943
4936
514941
103814
2059870
1472550
131904
2059901
1182920
703469
1637241
2059959
1754849
2017238
1347907
867219
1905955
2060085
2060007
447593
2060108
2059982
1015398
1878204
529297
141876
515497
2060280
2060188
1654730
1598681
1145763
2060328
1407937
2060331
2060148
1973630
1554691
51599
1058784
1658283
1367907
1720181
450436
1332730
191173
1423158
3483
2060447
621959
1418730
2060478
123994
1763806
2060431
2061
2060167
1288266
2060563
316293
828172
2702
1523000
309392
2060628
1824081
1963891
341561
203328
2060724
1717405
1306006
193356
1471841
1064938
1731766
1565256
1578614
651569
1309002
1631038
2060735
2060906
2060871
333192
2058194
2060845
1815030
2061003
2060973
2060979
277
2061035
352720
1058818
574166
402356
1295986
31001
1352192
2060764
1814182
83816
240492
2061069
1291640
5902
2059506
2061302
1571372
1801860
1103250
2061227
155910
1419403
1589406
2061347
2061429
952
2061350
1959012
1285114
1708857
1072986
4059
460598
1420173
221225
4538
666280
1571633
2048358
2061497
2053145
5061
372989
1095492
1300160
538937
681760
620479
772311
1735248
2046322
2061756
2061814
1966149
301282
1825126
2061425
53580
1982875
770
1577882
2061752
314014
503629
2062006
3882
30143
2061958
2061843
2062020
256484
1463577
2061999
1876974
211418
1266
2937
2062160
1046385
12946
686454
4309
80174
676967
1902335
1975651
1461866
472818
1459598
2062255
2062325
671573
636632
2062150
2062346
1739191
1820
35826
2708
1144147
4947
2062371
1504673
461052
1584398
1566110
1352685
342
7657
933200
2062525
1651735
1442378
2062380
1809652
784555
2062531
1621089
492280
2062449
2062603
2062679
1400844
2062593
2062298
2318
12840
2062768
2061
436990
1977459
1275871
1331409
1945076
1803447
630196
589877
2062836
456115
1949089
2062883
668907
1025078
1520035
1350938
480913
2062895
2062795
2062844
2062998
2063007
1604562
252062
1375028
1809748
684446
1395823
714626
1672
2063071
313283
1304732
26293
2063216
1417843
1365271
756931
1278333
2063260
1241236
527032
706229
664775
1977689
2063335
2062566
178518
1539244
1363035
167220
2063354
1556456
1347807
605813
207133
2063568
1368314
1907514
2063637
1940495
199039
1718777
1340926
1079097
1572544
2052837
1226362
616276
1749007
653054
723439
1918893
2063280
612041
589858
2063838
334321
689859
635669
5154
2063830
17951
2063715
1279668
2063863
1271624
201642
33074
2063793
234506
2063986
1860980
681457
701963
28560
2064076
2064160
2064034
2063998
247466
111367
1442929
2062153
1854945
1969132
895225
581731
1592567
1540179
2643
1398889
2647
2064132
654571
1556864
2063994
485759
1267713
2064318
269522
2064406
2064403
2064408
495865
1568002
2064441
1989727
4647
1351474
2064570
2064477
1428594
1935603
78463
1337710
2064536
1011270
401853
2063390
1935978
616533
408343
1403117
2064603
2064665
2064344
385783
2064667
2011186
2064558
1001346
2064644
3797
1308726
1501725
1534572
11540
1563502
732884
1965843
1645137
2064817
6051
1453137
2064894
2708
2064847
916083
986356
2065000
1282861
329985
2064859
1981829
1398885
2064970
1617908
2065002
18253
2065075
416539
2065097
1391229
2064962
316383
1430637
1089527
2065183
2065126
1440209
676838
5548
2870
1314710
1431284
1003821
1281439
1368879
1045167
2065329
2065249
1530051
1389877
111075
2065344
276978
220377
1284219
2065569
271475
2065471
736553
1141190
2065576
712486
2065589
2065502
293048
2065624
422634
1767461
1402459
1556366
1807301
28263
2065762
2065760
10562
2065021
1476665
441
721566
2065841
2065593
1625221
2065877
802
2065913
13347
8852
918
1799238
1976282
586913
1976650
2705
2065897
1168558
1911299
2065971
1649470
2065975
439240
2065105
2066054
13572
517663
1087609
1615662
588609
2066146
1517340
255852
39244
1942061
2062906
2066341
2065844
1197281
2066328
1455012
1313944
1892814
1767358
24975
957617
2015355
1414444
1010226
1967341
590687
1579600
2871
3071
546672
2066463
1130431
1634064
1431088
2066549
2066668
1869925
1377455
2050379
2066732
2023651
1312117
2066745
2066746
69592
2066777
960285
686040
1401203
2066466
618650
2066844
1618645
2056728
433050
2066836
12821
2066936
418411
1113599
2066585
36811
2066908
4947
2033800
2040339
2066800
1273766
1502991
49883
13211
2066899
383811
1519303
300095
814689
1451908
279162
2066972
2066961
1948807
1540330
1381057
205
2066051
2067207
2067090
1350458
2067119
1455513
2067171
1844339
2044095
1513716
517835
2067380
2067333
1872601
508777
2066782
179340
2067373
2067410
2687
2067312
2067371
1781297
1784850
82246
2067480
1901514
2067401
1120305
1484922
551725
493011
2067408
2067525
45609
1488666
1287848
1353037
2067486
47398
13370
2067483
910179
1325516
2067511
2067547
24748
1410958
2067045
741952
1321211
2067665
2067307
2067685
8978
1451035
2061
606731
18599
1252855
1291706
2067481
2067775
268981
204787
1958114
708484
344149
67758
1339882
2067829
524964
39244
2067912
18860
1469853
9930
2067852
1607373
2067816
2067976
1337911
1306997
237942
1878081
707314
2068042
1388101
1343926
507647
2068073
1318321
1655838
1281359
6257
2708
1142491
516949
2068232
1429768
2068273
354045
2068289
355158
2068305
84997
1941604
719414
1353509
2068329
1140834
2015510
1794700
1282578
1595664
2068391
2068247
1565957
64293
1776785
445284
2068504
1438108
2068590
668135
489291
1483243
2068251
1618297
2068547
1640874
2068689
1436629
2068388
2068727
1973637
171576
2068742
1671706
993
637071
1629
809973
1647977
2068806
2068860
2068941
2068973
1696865
551723
383008
204372
2068974
1359840
1182929
1631729
2150
2035632
567989
1423919
699338
2069068
1548393
5796
2069087
158066
2069155
2708
1528
2069046
1359231
1362956
2060987
2000808
45939
2069195
1672858
1773129
2069262
794289
1672
3
4059
1251587
2069351
2069371
193776
299
2069383
952
1783012
597825
2069385
1469275
100764
277141
2069276
2069451
789618
1761731
1598580
137059
1934465
2000308
447165
1681896
2069536
216432
1492731
1289711
61260
1289733
2069644
2069626
1406653
2258
2069612
2024224
1282108
1528940
191511
1851366
2069711
1927235
1212
109462
2069761
2069740
1134217
590978
1392710
2069774
2069671
2069818
2038204
2066880
2069844
100445
1056693
130872
1634003
1932789
1931867
819
2069933
2069934
2069927
1483628
2069852
136762
2069825
1133350
616145
420912
8852
2069986
952
2069041
1057762
693492
2069991
1558695
2070005
1583818
1492393
733795
1393162
1564559
206284
2070079
2070066
3071
229391
385111
446519
1043924
9287
2070083
3621
2070129
1540292
245263
348915
2070162
2070141
2070121
188253
1299109
2070133
2070164
2070173
2150
2069988
2070203
2070226
291389
3797
1302936
17068
2070156
2070288
250633
2069902
23284
467262
53179
88665
1140606
2070372
1133686
1618750
111292
1072565
206532
1961822
2070391
2070460
260502
2070492
1420300
2070515
1588244
2069280
2070526
2070538
1544463
1480957
1396717
1236
2070548
1706849
2070562
1596640
1662
2070610
1148587
334140
79029
2070644
2070651
2070658
2070652
2070611
1495692
1459229
2070689
48876
1569584
2070710
729648
2070718
676620
1420718
2070758
2070753
1796644
2070803
1569919
2070829
2070841
1606354
1454154
1588673
1259851
1419472
511309
2070942
2070934
165294
283908
2070967
192306
1485959
2071034
2071032
331
2071069
1711552
1394020
2071111
348909
2071137
1402701
2071093
795028
8701
277
324864
287501
33256
2056935
2013226
1719692
2071204
1047637
2071261
2069915
2071281
2071242
2071301
752690
854074
767319
2071377
1630067
2071395
1282444
562889
2071012
2071517
2071576
2710
1575707
2708
487602
376163
2378
1446948
666160
2071678
2071692
2071707
2071725
3721
1762517
1864309
2071775
101133
218010
2071828
2071890
2071841
2071804
2014471
2071908
1292716
2178
2071962
2052700
1315311
2032961
2071953
100524
2072001
34351
10261
2072018
1598286
15964
120928
2072130
2072061
1512339
2072169
1315803
2025015
937129
2072210
1692544
1564189
1948240
2072341
365046
1982
18635
2072382
685795
2072454
2072453
77264
2072497
142684
2871
221763
1355951
1000792
2072605
1708020
1407783
2072626
2072554
2072574
1620392
2353
2072651
1569
2062256
1889594
605910
560599
2072791
673789
153144
2072576
1328483
2072848
305591
95706
1589562
1602063
2072898
2072737
18622
2072847
1558569
1617924
717
1621207
222744
2073020
2073021
115750
1508292
702956
1318142
471221
2073119
1331854
1813800
1457148
2073050
2013352
2073212
1457835
1207534
1485987
663
2073321
1508597
1053986
2011134
2030735
126441
975801
2073350
2073348
2073360
1419290
1511964
1992784
1774
2022494
2073412
1904349
1444
1341930
2073466
110054
2073518
2073525
1060839
770
1720204
1696850
2073575
2073614
775459
2073240
2073553
1640314
2073645
2393
723971
2073741
2073521
2073271
110295
740091
448449
2067056
44810
82421
2687
4184
1053732
1418597
2057569
101390
362570
1881762
2073782
38246
4538
2073161
2073992
2074077
2073540
2074064
2074060
1372200
1968695
2074043
422051
2074059
2074082
98354
2074109
1328688
630567
1418724
479490
2074137
2074230
43392
362242
1372642
1320065
1574814
1284098
1406216
2014306
388020
2074157
1751
2073815
1961105
1628394
1489600
1537233
2053619
1136985
644063
2074409
1508506
2074322
2074396
2074379
873203
1629
2071357
1142956
1479317
808680
687536
749376
13497
143641
1565343
1453535
1396310
1389458
2073830
299
806254
838234
1506367
30050
512997
1995384
2074740
1393261
1479528
2074862
39824
1577182
94575
2074927
1605264
979091
763521
2075030
752510
2074457
2074979
2075031
4958
2074972
2074980
2258
2075028
1250343
1885271
4875
1538250
2075218
2075098
1503520
1672
1054633
1934386
1413264
30930
725072
2075324
2075309
2075370
205936
420455
1802040
44301
880137
1278792
2075460
2075433
2063585
13879
2075527
1810904
1379061
2422
1939008
1277689
2075520
3038
2075553
1494519
2075643
1900061
433
2075605
460982
1389292
2075579
313489
1389501
1084327
2075673
2058775
1315
2075708
2075718
1430010
1211886
2022105
2074177
943764
990018
2035924
2075794
1574108
2075715
2075743
1530039
2075866
212900
250427
719752
2055791
2017275
2075912
1284035
1089568
178566
1318516
10705
2378
2076006
136851
2076017
2031946
449584
1670919
2040461
2076033
2076041
9790
2076044
1787845
457538
1374219
739491
1472258
7432
2076061
1286406
555427
2033880
2036840
855489
2076095
1650647
13232
505745
2076110
2076111
2076113
668329
2076116
1282636
1450193
618773
2024130
1394685
1965417
1936415
2076124
370374
1140372
1324896
747765
235348
2076136
1655010
1640816
2076137
197097
649369
1154210
2076146
2075918
1095774
695118
569631
1752476
675343
2076167
18338
1642820
235662
2075678
42182
1568672
2076177
2076178
1328370
490768
969851
1461907
404156
610273
603273
2076166
2076184
1117625
2076187
296035
2076191
126279
1577451
1595068
2076203
20519
570975
2076212
2076215
1904580
2076218
1137962
155252
2076223
717
507629
223738
2076237
42955
2076241
439752
1701116
1281425
398068
1408653
216949
272606
1862413
1308811
2076269
711360
2076275
2059888
1175387
1515989
1411537
2076278
2691
1691237
2076288
1375
2076289
2075939
2076292
2022740
2076294
1485233
230588
1640895
1136262
2076284
93794
1403806
4702
2076307
61392
1462221
289497
844047
1284562
1202
673652
2076337
399742
1810618
1545530
1741148
2076345
2076308
2076347
1000141
2076301
681778
2076363
55570
2076279
1630607
2046345
415406
299
122659
541949
2076399
1626614
1347980
32750
2076403
1327560
869830
2076408
381782
6400
1916711
2076420
1641166
2076434
1939877
683
1497097
84407
782192
138920
2076458
2076460
1369387
2076463
138920
1759449
2026737
2076468
1304640
2048705
1065681
184747
596736
285336
1008604
2076493
2076461
9401
1949315
451444
2076508
275898
733244
2076516
1358462
2076519
2076491
596320
74
2076323
2076537
2076538
2076539
2076543
276037
463905
2076512
693123
1548322
5635
14955
273671
2076492
2708
4446
2076566
1626565
1526539
767070
2076574
1612647
1641199
408909
2076580
675927
2076586
387685
6038
2076598
442271
2076424
918
18635
2022878
2076562
2076610
339311
1651308
1197825
440059
616333
1521182
1298344
1931988
9472
539347
2076638
2076650
582833
497003
2076681
2076683
2076678
2076690
299270
2076695
2076696
2003221
2076639
2076736
2075115
2076737
509893
28670
971757
1893056
1983094
2076759
1505495
1723207
341194
1622433
2076785
5773
863893
2052843
889034
71826
2076814
2076817
3038
2076838
900165
383491
2076848
1515618
2076851
1530210
2076862
1022342
2076518
1838588
2076890
197262
138121
1571493
2076903
484843
224
318505
1280352
1332649
2076915
1472335
2076919
2076920
1607869
2076850
2071964
705060
64523
337629
1618752
3014
1513251
620008
652643
1751
2076985
1378705
2076895
192391
2871
1562699
2077011
2076965
582723
1569
301890
1636001
2077040
497163
1151012
2077003
2077052
4902
2077055
1875919
2077057
2077058
1960503
446227
2025094
590380
1502724
2077095
2077098
2077101
2077110
2077119
2076769
2077124
32613
179933
1998715
374686
1412317
636051
1818567
2047184
2077196
1341602
2077140
641342
2077221
2077191
2077233
2077235
673925
2077244
1580557
2077245
2077216
2077250
2077255
1342019
1375644
6113
2077236
1578343
2077311
1513699
2062861
740380
2077324
694177
1363703
2073246
615087
4719
2002401
133313
1927898
1066419
14012
942
1301438
2077342
573726
773109
825567
1719839
1434944
2077265
1621344
8745
17777
1480468
1397702
2077405
215016
1471426
8547
1934303
1391837
2077157
441
2077386
976471
402
489171
154071
84458
1889697
1085944
2077356
2077487
1814482
2077489
210134
325336
253
573677
270416
1146110
726218
1613515
1266
673763
1323086
1907778
2077420
2077556
2077573
1955413
61832
2077592
119564
4634
2077603
2015033
356796
239102
839062
487239
2065332
611098
1441598
2077639
2077646
521810
1417442
2077652
1881915
16174
2077669
2077676
325565
2077692
1535689
5367
137833
172635
1757
1365040
2077711
1620039
2077684
113509
2077720
2077690
701
1461787
143193
60719
264313
2077752
1000476
497111
1415630
1262047
1650771
2077781
65495
2077792
2077757
1433775
901518
88526
1676781
2077821
2077813
727333
198016
732446
1304561
2686
2077859
2077860
2077865
2077868
210000
1429357
2077894
2077905
2077915
30729
1205605
2077934
2077968
1917823
1328546
2077983
889066
1877629
1170794
2077997
1378887
952
173206
538709
2078028
1703944
1545034
2077979
2077907
2078036
322829
1806974
1359524
2078070
2078076
1797341
2078082
1591123
2078081
471351
57803
2078049
1916569
2078122
1349504
1614803
60782
1764488
142416
493178
475138
325064
1894552
1850673
1289936
2078171
151298
2078200
2078154
1311951
971669
2078227
1536391
2078246
2078269
2078195
1278698
539353
2078194
2078207
2078258
5635
1581266
467563
2013642
2078299
2078322
1448781
216625
952
2078368
367360
14017
2075730
2078378
1560529
2078433
743509
2078442
2078392
2078305
283157
1053972
2078405
11087
2078492
2078493
845171
2078486
1086152
2078499
2078491
693
2078527
2020586
177553
2078540
2078548
2078549
10640
956144
693451
2078582
1705504
410441
2564
2078578
391463
428826
206491
2052524
676
61782
1374403
2078646
571953
66492
1935088
6113
2078386
1953572
1638254
2078667
1619586
2078702
2078712
2078724
2078738
268067
1323633
2078753
2078478
1594355
705684
2078775
2078725
2078789
2078770
1371074
2078800
1473064
2570
475471
1383674
1612221
2078773
1848652
75622
135622
990331
1375316
61836
39743
642700
1480651
1644623
12071
2078903
2078877
2078938
2078946
38387
2078956
1010082
2078880
846196
2059454
2078977
2078979
2078982
18622
2078951
2078986
3003
2078992
2708
24266
1278590
2079005
2073329
1387815
1672
1155903
2079062
2079068
1488229
286341
2079112
1701116
2079113
2079102
1507337
2079088
496697
5154
57383
1680933
1080343
1603819
2079138
2079153
1881430
2079147
1462491
1069370
1266
773569
2079198
2079202
2079203
2079207
225042
2079213
2079219
2079224
2079099
1688564
6323
1944362
2900
24748
2079286
465823
2079314
411279
4039
1271029
2079279
4184
4597
2079306
2079378
559130
1345991
2079363
2079425
1856808
993
3699
1504958
2079397
2079429
2549
2079441
1537053
644992
1281971
1820
2079453
967264
948045
1773729
57367
1286168
2079532
2079526
2079545
2079546
642850
2079562
1848341
1942031
829313
2079570
1063137
995627
2079587
978365
2010686
2079660
1881585
2079687
2079676
2079736
1322020
248815
3114
1995285
1939993
2079759
1584787
8919
205929
1171056
523199
2079760
161725
2075301
1617673
1944124
2079776
1384168
2079840
1464380
3014
2079645
1956463
1780461
2079908
2079809
1819680
2079940
1956766
1738138
692209
1142206
670007
2076207
3721
1237833
2079965
2079946
2079882
1381245
2079976
53024
2079987
2080031
2079983
368463
517100
2080062
2080067
931386
2080057
2080122
748835
2080119
1889541
2080147
350141
2080167
361803
1839061
2080182
1302487
1466667
1946808
1475380
2061
1617789
2080250
5154
383917
1733
453623
1553935
1806960
1931432
2080312
203629
2080274
1371007
2080339
4972
897371
182962
299
157692
1565121
2080254
2080370
1383969
2080435
797752
2080436
1283041
377795
666272
2080414
2080468
2080431
417256
19539
1089655
294948
2080427
263337
565322
2080190
1617343
39
2080358
1089907
393
1557997
1148890
1384075
17777
69548
8892
1351284
368470
540351
2080594
395108
2080610
384709
1602120
2080648
172190
17440
2080673
2080643
2080660
2080696
1446805
4184
1680308
2080695
167866
1295385
2080756
399695
2080596
2080791
1730646
127287
906153
1574297
1988962
2080843
118983
892503
2080899
1895816
2080875
1274155
1068066
1588143
2080918
1141254
2080933
1607206
2080936
1949222
1452599
996463
932910
2080978
2080977
1215840
1097735
1868561
802
1363216
2023039
2081041
1855579
2081074
2081046
97885
1268119
1277223
2081098
2081047
1712793
2081158
177204
2081184
1377322
1620571
2081182
283570
1693930
2081227
2081229
2081148
1166951
1597208
2081253
1933856
1739933
964039
2081252
2081271
1313838
2081269
2081265
1068524
2081302
1003345
710948
559120
1893313
1313261
1640857
2081364
1935630
489
962110
999156
416053
1380121
576971
2047498
2081401
1127887
2081442
1189105
2081434
2081455
8547
28812
2081482
2081487
2258
2081492
