1392239
1876669
108001
236786
1876733
349647
1318317
68146
1382655
268266
7681
1876885
1279618
707680
241829
1445340
1288278
287270
1583315
390177
711242
1877051
1877067
1877090
1092087
283282
1498964
90144
1877154
1877162
1877190
1363954
638591
1073155
1654995
1877281
1287822
1379615
1877322
1877393
1492639
1521275
1324872
44874
1580453
136236
1877518
267893
1877568
1877570
1877582
559162
1877597
1877622
1283929
1877658
1729054
1877676
269108
1877694
1402925
310690
1877727
582631
22349
1762170
269891
699433
556684
34596
3038
1567716
1700861
1877818
1877820
1877824
1349686
1877827
1877846
1877851
1877855
1877883
1877911
1877920
694899
5773
1877943
1877955
392283
410139
1324079
1877983
588469
1878013
1878014
1878019
1906
607349
1280763
252062
1428464
1878105
1878123
1878125
1475555
1878166
468658
1298080
1791727
1878196
1305926
1878207
1405418
363652
1878285
699563
1315432
1357594
1878378
149542
1878473
437858
1878493
1878500
4634
283820
1613
1878549
205276
1558127
1868302
690328
1878651
1878680
364004
1878694
1878735
1202
1498881
1547030
1878797
105080
1642232
55303
427787
1618256
4958
1837
11087
318625
1605150
525347
73580
1878974
1373398
1388630
1702607
402
631446
1517340
831885
1879028
910202
1292061
1879041
1879042
275013
512769
1434178
1878858
1471
1879083
729505
1378145
388758
1315
948974
383266
1879181
1508712
1879183
1879127
1879179
1879193
7489
1303127
1405609
1275830
1283295
1879197
942947
1879239
574476
1879260
1356896
71587
1362645
1314309
1040047
1177200
1879302
207113
1879306
1879324
1879335
7219
1495419
71899
1643357
1879356
441
286840
717
1876468
1010458
1498613
1127090
1878159
1470610
1450827
1879383
1795214
1839850
812178
1736598
1839420
72438
1879402
1283821
1879404
1261552
1879423
1748886
3550
1879442
1879448
210902
952
1879462
1492046
1851366
4972
2061
177253
1374088
1640978
1060732
1589810
1589548
528245
1472773
1879502
1879507
1879509
1879510
1879519
1515575
258602
42818
2050
1304902
1319553
1417927
583751
237375
6833
1879561
612747
1284805
623551
372313
31889
590687
1879610
1879611
1006613
814118
426259
651696
1785107
1283476
1255022
223627
1879671
1879681
1296151
1879711
1578343
444451
1879715
1879716
1350506
1613
1205730
1879735
1378245
421441
1295644
1879741
521278
1467861
1879750
1879755
1879763
7484
1362252
5
1374410
1879804
1879807
1543278
1284527
1879831
1287926
1777363
582843
413028
461734
1879856
1879858
1879873
639008
1879877
24748
1161417
9361
1879886
276478
1511953
175030
1318431
1879902
1751
1879885
1874958
1334582
1300214
1879936
147630
1879958
1879957
305238
1303823
1353194
1879601
1879986
1140446
1880016
776547
1404470
1331146
1880045
1880049
1648779
967772
742916
1498140
291555
1289826
1363312
1880070
1386080
474981
452280
1287886
1607869
1300395
1880110
734508
1880143
717
1338929
1880152
1394979
12946
1879917
1033108
235030
441
1880212
845171
1792675
1589068
1879983
1311951
1300477
1880256
1567452
483942
489
1880180
1300249
1311565
1434497
1328724
1282300
1363697
276978
1880354
1880360
1880375
1381445
1640959
232899
555524
1378760
354577
23560
1482310
1356423
1880456
1589139
1880468
1880479
473750
157154
331
340110
1437159
1284499
1254918
1379471
312887
1494210
1880516
1880552
1880561
221062
878467
1011437
229124
318506
1045067
6823
1289868
823852
1384984
1290624
1287431
1211242
1064495
858298
32995
358750
1402794
1291328
1275534
1880709
1380940
1298142
281320
321181
1880750
184879
713394
1880772
1880784
1880785
7432
1842650
1001597
1338111
800859
81867
1880870
1289544
1641108
1880900
1640883
281015
500581
1751
1880973
1309420
8427
1526808
1880994
1412780
241175
54378
1283474
414997
1881051
1881028
1324386
1881053
1881062
4597
1881077
1397744
302369
14404
1381765
1881094
1881123
1881133
14404
639755
1881117
52364
1579755
918009
1881183
770
643900
1743493
1862019
1392864
1536087
987716
1374772
1701095
1600345
1335662
1881372
1608156
1881379
1881387
1327866
1881324
1646453
1641166
1324835
414480
1881473
1881478
2549
1765104
37552
13636
569078
1881585
1835855
1603753
1881601
680856
1881624
1835642
1517274
1881692
1881694
13275
1622287
1708118
406236
4446
883983
1881762
355901
1881855
833271
636432
1140433
1877680
1268580
604606
1385541
1881986
1881987
633631
1882014
3821
1823627
324464
1765810
1519019
1003
1882121
1882146
1445803
1851279
929146
1517078
1882221
1882173
1293213
1882259
1281303
1295056
1307314
1882308
1587104
1882324
459782
131762
1882366
1167684
1882416
1882426
1882453
6257
384100
1371869
1882520
1882608
1569819
1882406
6400
1882653
1563359
1882560
1356970
393
1441737
303932
2402
1059993
1882821
1286206
1140000
6191
1278792
475035
120138
1882955
1307086
1883093
2150
889596
1883154
1437204
1378887
1437990
1883132
455004
1873910
271201
222965
303770
1883370
48628
4875
1883431
1275131
1646830
1140968
1883489
541083
419124
1447318
361044
109907
1767358
1883748
1883611
1883735
1883257
1518806
1476815
63910
1579893
1883809
233278
716850
1884002
7709
640721
1425855
1884048
1418238
1173237
1820
1266
6823
711158
491759
5796
1884126
1884071
1884180
752279
701
23102
1884256
94312
1396606
594725
1884312
1756022
1884332
1283905
61344
1884378
1883988
1454848
581328
1291356
10127
1368772
1817592
1884580
1757
1884597
1851631
1884611
1400897
801
1884644
9634
10705
682254
701
753806
264395
1884774
1884838
1884804
435710
1884809
1833452
5585
1650092
1884721
1461074
1700841
485279
838491
1884994
1304900
1143448
1884983
384340
1885101
1529140
1389563
1353007
130475
1885027
1053437
1495176
1884136
210414
722937
46094
1885198
531644
1885327
1885313
1046513
768924
1885362
856293
1571497
1884654
54668
1885382
260042
1605869
1885491
1572716
20310
1343403
217333
929296
155124
231093
1885581
1672719
1236
1885634
701
1885649
1885672
1410916
368463
1220095
952
746508
683331
1642438
11617
1885771
1885802
1885832
1885813
1659238
1253717
101043
525847
705328
625669
1867681
1592435
717
1697342
4875
1885189
1273223
1529680
1886022
1496517
957096
1885662
1778053
4538
1886003
1344748
1435051
1886114
1286836
905392
1298282
1886201
1886260
1284247
1633015
1886354
1886364
1445093
1562879
1053260
673174
1743306
1451693
1090677
189610
30438
1886483
2393
1006534
1886497
1719200
1886524
1269952
1886557
701
1886591
15907
734017
1886628
1886634
877285
1558226
1282287
1247825
1886665
1557323
936260
1395489
48171
1886704
380059
1873571
18644
1886862
1240279
1740579
623466
420242
1886893
347713
383399
320172
1392312
311725
1533735
16648
1497283
971318
1553599
1886967
1854142
1886972
1572815
1075702
1886986
1559124
13232
1625650
3821
2258
1887194
1832503
1887307
913452
48171
1611705
553817
1887363
1638892
953287
1803
1887455
164993
1368801
188411
1454270
1344446
1625707
1887525
1887542
1887545
18622
4042
1887638
1821016
3071
1887668
1397474
1346681
1789712
1887702
1887715
10084
1436928
1830130
53484
36861
1773940
2378
405826
904135
1818074
134845
2592
1888028
1511477
1559735
1481805
1299029
1888139
1888143
66012
1428075
1266389
1888230
250962
1888261
711318
1117656
1398055
1052659
339108
1358
1760752
364076
1343779
1412399
1877815
73948
622568
1888435
1888464
1888365
1321878
1888506
149629
1888517
232393
1331409
1888611
676161
1888647
1025401
1293179
1522599
1888671
1523848
1579335
1785392
1134728
1007841
1888753
521899
1774
1531138
429566
1782970
489
1335930
526813
575386
1269515
252069
1888964
10562
813131
355919
1763753
1289528
1295353
531503
1889211
1889244
1784843
1889252
1889118
4634
88165
267418
1364937
1609977
1889355
1635892
1889369
1889374
1339868
1275897
1403672
1889413
760235
1476370
241374
1084447
1889533
1281573
1889541
1889602
352391
1889619
1889647
4039
1889687
260356
206041
1889713
382716
1647489
1398744
1785199
1889905
43150
1890028
1370290
4844
1861588
1503622
1813193
1862208
1890088
871
1453631
1890195
1890166
1115245
1068
1890194
1890287
1508292
1890378
492880
179280
213201
1375
1621441
243961
6400
1074874
1890310
277
1267320
1890374
1890310
1889488
651569
1890768
1890771
1604623
1890780
1890611
1890830
1416793
1890797
1358593
1325318
1890866
1777907
898439
1890922
1890959
1890917
1178109
1891015
733804
1891071
1878435
959722
1707123
1891072
1891088
1891206
1330436
735916
174896
1347630
1408100
574976
44301
1886808
1891292
1891451
1815370
515985
1277129
1769195
213426
709743
835859
521596
10466
758611
1890825
692447
192964
1777883
1891682
1320081
1891739
952
1606265
1269725
765737
1891959
294628
2870
1891986
783368
6515
2945
1033759
1892177
431221
1892186
1892228
1892236
1505262
1555719
3763
1329630
1492802
1892291
1485462
4597
1014175
1140879
1892394
1892397
1892384
1810922
1820
198345
1745759
331
321075
1291918
1308696
3297
1277886
6257
4958
325238
1509344
1370035
1892523
998335
389439
799364
1892756
1524401
1892696
995617
635406
1892635
1481648
398540
1298833
342
1893006
1867388
93505
1872479
3297
1134114
1428792
92129
1893250
1893272
761428
2871
1893176
312959
478555
2422
471903
1879607
25741
1519670
1800912
10744
1893494
883437
11124
34009
867031
1784557
1608466
1893711
1893739
681812
1509376
1286878
1893801
1893824
1665590
1352488
78816
23688
1893913
1507234
432
1359290
1893701
1894046
1279302
127279
1894065
1894072
694386
435672
1894070
616880
1893260
610252
480047
746365
36059
1702307
1572744
218246
370591
1894246
329913
1878678
1732336
1460924
1713498
1894452
1894202
1894548
1482666
609750
1894528
6831
98293
98354
1894656
1596595
1893972
1894676
98354
1414562
185111
983440
1840358
1539495
802
1271348
1368110
1480563
3513
1383842
1894975
1862092
1475
1895050
438010
1895161
933077
545999
738840
1494471
2258
9357
36746
1287483
1815774
1769075
1895440
1113016
102267
688619
1895494
1493
1803138
1360988
177161
142416
1748414
253
679660
1895645
867262
972537
1304305
1895923
1282788
1895932
86872
2920
3086
1874679
540284
187556
1749417
1896169
1050972
15964
1489775
1896213
1896297
1896331
8978
650513
1896146
1701146
1896409
113798
160830
1896482
228269
1896445
1896553
1150782
2422
1896321
1486356
1687377
314943
1896650
1406653
1285218
421304
1896731
20426
1161361
1896819
1878160
1893436
1896687
1604101
1110078
528551
2702
1897096
1299810
1897139
1897150
1380585
1489933
718055
170461
1605987
330240
1757
1897202
24748
61437
770
63353
1276742
1897474
1897429
1897449
1493
1897540
1897417
1164367
1897661
13232
18669
1897746
1396906
14955
1362662
1880766
1897814
1897828
585759
1897843
1897925
1895222
1495692
1225402
1897865
275954
1898031
182243
1880337
1898023
1898082
1898087
576857
1898147
1897995
472441
409101
217590
10713
8666
1250925
1898130
1486278
1898205
725577
1640872
1638080
1898181
1898316
1564189
664319
1753132
1898126
1825513
1898431
1549670
1327053
446049
1702238
1265721
1509815
1897996
7049
1630637
1898579
384621
1898675
1791345
1898673
1279081
1898824
1211255
768800
1071727
275415
1598748
1518506
607721
1606354
2596
1175893
1899118
1899138
1899133
1898604
10948
424897
1899236
623930
1628823
1899285
1724530
726632
1899405
1899337
1596005
1433015
53799
1476673
340675
1324103
1899587
1394809
920331
910385
1899823
1076753
1047154
1899918
1650775
1545969
92263
1311104
1899965
1039492
1731048
1900103
8701
1414955
642176
1295380
1365383
1862364
1873093
1727253
1866691
660275
111439
82874
645197
1345946
1900494
1900136
1737555
566806
104193
1317176
340276
932148
1447990
796032
598690
1502911
1277449
1900806
1702328
849515
1397734
36643
1901021
1732607
1257479
988220
1901027
1621872
1901063
46897
1002431
1901129
4972
1901217
1340197
1900702
1901185
1520917
1873643
791883
1860242
1901481
1901691
1901642
206095
1022935
1901662
1615519
46069
1612999
1901761
1812119
651750
570202
1901625
3621
132357
1901902
282744
345781
390705
1901996
55248
1902055
1902088
678728
1392584
498833
1902281
1902223
1045058
1902331
311590
1364990
1696295
336061
1902392
1902423
1902408
1902537
1360126
1902597
107493
1877415
1336174
1353950
1902591
752419
1687576
1902701
562419
1902735
1501923
1368593
204258
1304668
200864
1054952
536417
1126354
1304841
1281211
565479
134623
1903043
1903069
346728
597140
1136876
465940
1902908
1351387
1903235
1903178
621867
1903125
159858
53997
494534
1803966
1902200
493368
1903360
954805
1292152
432120
1310959
6400
1455002
1427818
1572322
382749
1520176
1903599
132312
1903619
1092541
1903678
1903741
44720
1903838
1903932
1408457
1342435
2393
533278
1903978
1904067
1094112
1484972
1904202
2900
499534
1904287
473001
1904372
1523257
1717519
1288681
471291
1904401
1162
1692706
1592567
1903922
1403806
1904545
1904175
1904698
1087048
1904124
1121263
1904806
776342
1904898
1703381
1582730
1149129
1765307
1905069
1556103
1556330
5279
1549921
659210
1905161
54080
1905436
917975
1557165
673847
217403
1905479
1348119
770
1905442
1266
42721
1581151
95098
100437
1905188
1325516
311005
1905945
1905955
699165
823134
1906110
783
1305342
78522
1839072
1270677
1906
1672136
1008604
1458319
1574973
1906327
1906426
1906543
1789458
1906747
22896
1906751
5790
66845
3038
1589007
1490368
1271444
952064
2318
1907153
1813470
1733
1894978
119027
1907309
1907485
1618575
694872
1360126
73285
1907514
1177606
1907785
1907778
1216495
1905039
1440097
10183
1907904
1903589
1907922
1908066
1817666
8401
686245
1908071
1908017
1501933
1796700
1607373
1907780
1908269
1202
757395
1416244
465412
1908391
2327
1318756
854467
554174
889144
447153
217794
195397
1127088
330490
1908652
1577910
494297
1908489
26353
1908639
1908807
1326270
684446
1908843
1908699
1908844
1588995
301282
1908507
1165313
593191
1328190
1740950
1426615
1909213
446519
1515144
505931
215013
316502
192419
793104
834674
1909512
1663702
10640
464363
1909571
1498517
1343847
1909766
226446
1909533
1909873
1909961
1909970
1837430
1909986
1659272
144378
1268933
1303945
1469721
1137962
1910151
347998
1287757
1910230
1211756
280383
92782
1909862
687660
1910251
1910143
1280298
1910551
1909930
1412375
1910665
783
612557
1910347
76573
1910685
30143
1910760
1909318
594583
1500913
1910922
17594
1910941
1910903
399142
456600
1580554
1910817
1910873
1346306
1911124
4702
1911262
240077
167927
1864618
328043
250411
1571048
1911391
1911299
57924
1911392
460434
343543
1324819
1506471
1910619
1911746
1911526
3721
1911744
1899861
948052
1444708
279604
10713
76135
1277568
489845
622494
1269120
1911890
1912054
1912180
1304361
1912016
182303
1912184
1791588
1600283
1338677
1912420
18599
1912433
596461
1320851
571888
444969
1038
1912569
465393
666190
1912462
1275776
1664246
1667705
1911633
57517
1396514
1483672
1442099
1912709
1912996
1912983
5554
486447
1285021
1281654
606731
1913085
1904091
1460784
1913256
1588317
1912217
1267219
489182
1077746
1391688
663
1850162
268501
1913479
6012
1750004
1414015
1202
67343
1913718
1875462
685966
1737081
1913841
753399
1913823
869118
578667
1913944
1913873
1326565
3417
1913392
1913124
1387304
15433
1914162
1914090
1113480
1434135
72327
1902861
1913990
1517345
1393261
1914354
1914360
122033
1914348
299940
1382865
1914549
761310
1279833
1914606
1914486
1702927
1914591
1913521
1357338
1092644
1773729
1914616
1914915
18806
341911
1316245
1915189
474010
1523266
1915269
112589
1915363
1777207
1879148
1915356
61138
592398
1366112
361597
501878
1806138
3302
568046
1903220
1915560
1048969
1915598
1915419
1136490
1806459
40505
1915795
1915636
1915953
818016
1915949
851603
580451
1012331
1894581
12843
1916201
1916302
83431
1916295
1856808
4958
1916419
762539
725548
1916569
1916637
407717
1916510
41104
1916711
1402528
17068
257898
94135
362034
1916763
1755080
1463243
1916958
1916859
1916457
477464
769460
55022
1273553
194239
217980
1916559
1917188
606343
419127
830793
18599
56823
1917034
1578601
1917389
1130881
1389314
1917579
1478357
14350
4311
971343
1917682
294029
1460754
1058452
1917622
50057
1917684
89763
683
1097291
1917851
249085
1917716
1493886
1523960
1890816
5
1917985
1488327
438956
70646
927718
284271
355929
1495254
1893064
547458
1918379
1198701
1788593
1915753
1815019
1918429
1918359
6341
87825
1918660
581323
123127
1623769
7432
1887024
133631
290179
368687
1611630
921897
927547
235512
501996
604441
440881
1918857
309157
8701
155314
1918704
1919177
1393290
429160
1919321
1311506
1326252
1898348
1919229
1395730
7170
1530121
1681266
138830
69578
1390631
583346
1919576
1919249
1665814
322277
1919379
1142914
1919627
1440226
1919784
30438
1919828
1919739
1409102
266450
1917981
105483
663550
1920046
1918973
1703368
76610
205
655407
601146
1324408
1920212
1512835
1919764
1920238
1213108
1920135
1920316
393
711847
1348746
176485
70242
273224
1920503
1920516
1920462
1596365
1751
149991
1903261
1920720
1589902
1920763
1269292
444066
1289411
141115
517520
1920754
657008
339067
1623606
800627
1920967
1320183
1921079
1920816
646465
1920980
42993
1515256
4538
1918456
1591207
677296
1032487
31001
1385578
1921503
1492048
1867803
1921535
665270
1520676
322140
1614761
1614091
1422788
668907
20519
1608193
5154
1921608
1425068
1622343
1299940
1622319
1197799
79590
1290022
1696850
344149
1460702
537456
11184
1922317
1820931
1922300
1922204
238132
1527936
1920392
1922555
1429753
1922538
796740
1902282
1224917
1922661
1863065
1426412
1922675
1277482
1412842
1486924
1287574
1922915
1923023
686113
207553
1923067
1921780
239126
1923081
1275173
992159
1772199
1921750
1923113
210449
205495
1086300
1595175
227198
269060
561898
1835850
1533167
488243
11704
1130431
136181
1923609
34777
717
1923760
1923777
642028
1923677
1026391
1565089
140785
1165221
1923940
1924020
15410
203225
52815
346296
1924108
331
1923810
1924139
716548
1281508
1924030
576554
1923321
1924340
415828
175890
1357674
1889095
888669
1275453
1730590
1616615
1924693
1911924
158663
1085092
1790217
1339482
1278745
1493517
577542
1609266
1924818
2870
1925259
1897788
1383559
1886000
1924529
530458
1812960
652317
1384751
604819
1925256
12500
1229389
1126467
1439102
1456860
1301042
627667
712716
534071
55622
335103
715834
894661
693730
281395
1925674
1915452
1581274
1602027
1291198
648771
225155
353166
1345104
1925906
249194
1925841
1762335
952557
984907
1752320
1878701
23747
1926238
1618750
1926243
1925541
1926318
1926330
267545
286397
210355
1430441
507048
1926436
1926074
1926519
1354119
1469211
1926558
9775
881331
1926506
1926404
4702
1386201
599613
164349
1613135
1926632
864962
1466480
328749
1926853
1926965
1465419
1926993
1926842
770
1927019
1926920
14832
303564
1926950
1266306
1302177
72817
639974
1461970
4538
1710460
1927132
1289726
332757
1866298
113479
405862
72020
154767
677274
1927344
1927401
993
1927455
1927463
1747200
603812
1927552
477137
1927519
121136
1568833
1827471
1927655
1838014
1927663
690
679371
1927723
1927733
1927759
1927772
741579
1927328
1927814
1927854
3028
1927730
1927898
2647
1927929
441
22498
1927858
1868796
1646884
732956
717
102262
1928030
951240
618922
186132
277
1429087
1928114
483485
1928172
3417
1925815
373420
1455981
1263720
640406
643548
1928377
1928436
962129
1928456
1928465
98000
1928484
807813
1927552
1866289
460538
1375321
1928521
369455
1212
1928471
214750
376757
681053
1928682
52363
735000
1928613
436553
1358964
1368624
485859
1012809
1928804
338357
1103250
7432
316678
1929054
13474
1928968
1928976
1929037
1929129
6823
1929089
1031938
3074
62459
590206
277
1465079
1927618
1929276
1928524
1929180
1929333
1929340
1929353
3513
1929383
123406
670562
1491588
1792892
492562
1929160
1929432
1929241
693
1918523
1929422
262331
1457310
1572445
1929572
1466247
1929213
1929552
1929594
846960
152812
108760
411256
1308647
548553
702104
1561761
1929749
1922747
2378
1735079
1929785
1929660
1387746
1422635
1129289
420912
1794802
1929900
6507
356038
1928792
1929842
348263
1929995
1929899
800593
1610595
1930043
1930056
1929917
1930098
216753
1930156
74833
1634927
1347725
1468580
111190
1929291
826758
1528784
12642
1562178
1651867
1930444
135472
420186
1030475
1930416
1924377
1930595
1930664
779657
1930646
1930617
1246384
1467917
1930771
1930659
1876475
1930847
1301411
650808
1928619
1496630
1930945
1930952
1930855
1705587
672932
3743
463029
1345501
1930901
1930898
1326956
1931116
1867849
179561
158684
1800787
1931119
127153
82675
1617796
1931240
1928446
1931246
1324481
1386035
1567893
1334122
1380589
1303407
1817509
1310420
989380
1341860
1931432
225719
1549152
9982
3621
909608
1931501
1931251
1471327
1931544
336614
1310073
931024
1850654
50618
1931374
1931572
1931603
470311
1931540
73959
1931621
357341
1372258
1931652
1931567
1931660
1931669
1931679
1931697
1255594
1368666
87965
274524
1931743
1931727
1931753
1931757
1462953
1931681
1053369
1491368
1931797
1285953
1886048
1931847
1931793
13482
1491902
232907
1887032
1931867
1931910
1931918
1350337
1495960
4311
1931948
213508
106225
1456680
7008
165677
1617434
10977
234887
121710
8978
2549
1365806
1558324
1931885
452333
1625264
1533611
900732
1470367
1932082
474409
1931954
876706
880804
1341885
1932112
1092163
1125153
731882
1932138
5010
79761
1931853
1592297
1327738
1932225
1932245
1932255
10350
1932289
1932143
436218
465190
965446
1119630
1641477
1268131
1932058
1118225
1927909
1724068
248345
1704516
1817179
651438
191511
1024303
1932400
2265
1881448
1932353
1361031
403765
1550229
1925099
1870307
1932446
1932465
288576
1932488
1386637
1932290
1647074
1441637
98354
1932320
1932491
1414546
1932373
1932545
1932513
1311091
1932244
1570
1932563
1282508
5635
1932601
1932606
1932596
494370
312311
1280513
1236
1605270
676
1932693
1932330
1793363
1624405
2549
1107814
1757833
1932754
5010
4702
384316
1914013
855205
1932504
328870
1455166
2340
10346
1932715
1317056
1932736
1448689
1360888
1608718
9472
178773
414979
736892
1932948
434049
1932979
1932981
305363
1932990
1876987
6467
1932522
2248
613228
1932790
3074
2647
1932955
5154
2643
1244511
156314
1282328
186281
1933001
33469
671335
50443
1933103
607783
1933056
1933031
1933152
1887763
5585
1308516
100712
918526
1023422
1513020
466705
1933138
639491
2061
1933266
1522796
1933210
521629
1030142
1933127
1933301
1933337
1933343
255296
1932689
1933356
1672
659609
441699
1933365
290294
1629446
1272217
1275365
1933391
1335674
1303227
332377
1041796
133495
1336940
1369083
1752682
165696
1933432
1933453
1933397
1933489
221420
1933483
1525488
1613
997085
1933448
1605295
1536030
1350075
134332
1933680
1411095
1933589
9406
527818
163083
1933682
174507
1877334
209737
1394789
539590
744558
1497221
10064
1933816
1933826
1451748
1618283
94604
1933865
1933819
1933896
10640
1710032
1933887
1933973
12742
1933953
617020
1587077
311318
87781
1934063
13370
586948
1934103
460753
1934137
1618517
1934060
1934054
216652
1934211
1933774
1934188
206533
1387608
1165375
616856
1934240
1934310
2871
1611129
1934287
1934354
301221
465
71119
1515386
1934444
605802
1603902
3763
461087
864726
485714
1338767
9406
1294661
717478
1934575
701152
728336
1064418
1934634
1934709
263110
1934749
1439
1448516
1901348
1384617
1934768
1733
1691566
178903
1934809
1934387
1934856
1934873
642668
444063
5367
1934874
1934924
1934931
1772640
1497928
820987
1805174
1566473
1311290
113239
1934951
1300303
1934940
253865
1120771
713536
7489
677258
1934998
1935088
1935115
347811
154059
1458823
1933141
655282
1326732
662248
1935189
677924
1934681
1253285
324042
1446542
1219534
1935293
1935289
1348631
1658326
56884
336198
570756
1935460
1372980
4719
1935433
1393111
115674
1935427
117235
1935411
1391936
33330
220469
391463
1935597
991087
1935614
1935630
1269374
80301
836678
1935649
1935667
337673
1935669
1935690
1439466
302057
497606
886165
1495153
1107117
1935729
1935757
1040441
1935809
762924
1376609
1399418
1608748
1935805
1935797
1935875
2422
1935857
219727
95912
1397685
13106
1723995
1306767
1935967
1935709
1936008
1936038
952
1935847
1415299
1936055
40593
1751670
1936083
1769823
1390871
1882238
1936172
196585
1936209
1936170
1936247
1558748
639888
212727
1050115
6257
541173
1443517
417700
1461746
301375
1936291
1292110
125043
1936189
992390
1936450
938487
1936516
312294
587896
1936504
441
433
1935590
1936540
52037
1380741
1936580
1259399
1936303
1681350
1936126
1178814
1473071
1936659
1936645
1936705
1516076
1936583
1469979
1936726
739217
1936798
1936832
1381740
1936853
1936775
1934328
1393099
1936824
204667
1936934
1936858
1395492
1618582
1936984
22723
1936989
1582302
1936980
341536
1617326
1936822
1936969
9905
1868893
120253
1340010
1014410
1937036
1642749
1937024
356552
1937152
1365556
1916507
1934450
1336233
1936945
7432
1890233
1937143
1937103
1174940
1612690
1937021
1937259
1305981
1937341
770
1937333
2708
1448841
1431194
1937411
1546056
1937523
1937495
1274901
1937448
3003
683
1937445
30688
1937571
2708
1114719
686170
414308
39392
279165
224763
168943
1937650
1287238
1937718
1937682
1937706
1937663
1784458
1937787
249833
83140
1937837
486696
1424670
198700
1347518
489
654881
1937922
1937875
1937940
1652116
247846
1607357
1938034
1678473
1937903
1924435
1937967
1938047
207167
1621050
1938090
662800
1538682
193650
360085
1938183
253
1938181
1938179
80617
1938177
1937964
1937112
1938079
2710
1373662
1791441
1352748
1938178
62400
1504091
1938307
1510348
357839
39244
1938274
3621
1938289
1309231
1489494
500698
11184
1669889
1435552
1938341
1938458
1938239
1938408
1597876
830043
1938537
1938548
1369185
1572353
1938140
986443
1358897
1580143
1938599
882623
1938683
1938784
5585
1515411
1938584
1938822
696815
6823
1095492
747333
1938891
1938977
1938863
8089
1939016
1326636
1939038
1939047
1188195
1938923
412173
1939014
316351
1939100
1591053
1939113
318593
1938974
545535
479821
1492341
1939136
1939263
411567
1130109
1300638
752359
337867
1209313
1939364
1939275
487122
1256187
1939411
1939414
655042
1276419
1778535
222447
1472303
1939419
1939236
1405933
1939424
115798
1939508
1939457
1939521
1939378
129222
1939559
153065
2870
1435262
1938968
1526930
1939453
1939387
1306189
601622
502755
1939736
1226475
127880
1365555
1230
1939680
1938404
1939814
724983
1321647
554625
727337
1375124
1648482
1939946
1939888
204802
90223
1939782
690
1443412
1939885
1720267
843303
1412998
1424560
1939980
1940013
1940038
1939981
1940164
1874169
1939602
1940155
1940127
1940144
331
1605724
740586
146240
1940329
1308245
1940373
1543845
1429265
1940273
27000
993
1540477
1940424
1940480
1940353
1940369
802365
151797
1605709
1720597
1940435
2937
248322
1940581
278717
1332765
1939789
953144
1314525
1458882
1940214
548751
25267
1936334
1940509
1922531
93976
1939547
1568716
1648753
305559
1940809
1940814
1940497
5790
4958
1940929
1737704
617617
315327
1463286
1820036
1940769
1940316
1941014
1827045
683458
12500
1935378
1413902
1940968
1940704
547532
131719
190229
1941016
1252280
485532
1941048
1291509
1057691
1940998
1940467
1364025
1332311
1941233
1941239
1778373
4400
1940731
900039
572263
1941331
494109
1370757
1529296
1897225
1803447
1941438
1844429
1636735
560142
1941316
733165
1941569
1316035
376991
1501906
199907
1627456
1775217
1287093
21067
1708255
1674287
1941549
1941717
1384139
1941658
1941729
1700268
1941649
10331
363462
1941447
213274
1941275
1350274
1293669
278660
1941770
2422
1877629
704751
1065244
1750139
460094
5154
1941902
1941871
278936
372989
1941967
1501000
504954
1307626
1459687
735761
812790
1942077
1942232
1942140
1942112
826661
1942287
671690
297232
489924
1942372
1942310
241565
1942284
1942424
18635
1051430
383491
1721060
1942455
1942472
1020694
1726296
269790
1941122
1539182
46959
521526
1942512
839656
642836
45282
1942678
1942718
5585
1942739
1285965
1942226
1942705
1942802
1942621
1087691
388078
1397056
1060088
1942702
1942665
1942730
988592
1942833
1520979
1892208
19903
1401309
339544
264977
1120848
29502
1942938
4706
464800
1943127
885412
360732
630122
1451729
1942957
1315600
1407017
619666
1943026
1851131
1943081
1943319
433
1943341
602193
1409524
1943222
13834
1943439
1495567
1943339
1346247
9970
731475
1943534
1603567
741436
1943494
1007858
140919
582528
453908
1748892
1943544
83408
1943350
1943520
336708
1943529
1460519
1943455
352841
1281490
367425
1257798
624211
31001
127754
1943896
539605
529099
1604924
1943937
743372
717
1943790
1777877
21122
1941996
286781
1944130
530620
595892
1943837
1943938
1430502
1330770
3872
1943868
1944268
1944306
1380075
4059
500394
1944015
1944217
1943297
1370495
1944400
1944145
1751
733100
1331519
1301597
1493
14785
1944287
1423965
1552614
1438054
1944604
1569
1390286
1672900
1567585
1944722
117379
427109
1488476
1944905
1944808
1944468
837443
1944872
1464517
1944750
49200
1944829
722202
1944836
351043
485
477176
1944946
1315916
1161378
1945129
826923
677227
1945163
1945183
1944565
98175
1090364
1745524
1346543
1528353
1292154
4657
1287169
1945330
979430
844046
1944892
1944424
1781582
103412
491934
1945535
1945536
1945424
1945486
1945328
810204
1945631
150947
9604
1943138
256935
1945769
441
1945310
301874
422755
975865
1945905
1945416
441
1358035
1946046
1141836
2708
1945880
1945676
782860
1946191
566377
1021600
1945205
1820790
1945298
62342
1946207
1354818
734930
1439745
1399250
405576
1946366
1946273
1946002
1946428
1791826
1651538
1946459
1945915
1939990
1946358
1946177
1341372
206080
818193
450285
1946575
1357049
1004647
1946237
1459138
1946452
758625
1944799
1565943
1820335
1946829
671
1579181
1946873
758608
1946809
36874
1945572
1578924
1946296
1946788
1946935
1319147
1690543
14164
1946780
659899
1947112
1459365
18622
1946980
1251587
1946990
1947064
1946988
1751
1947287
1285700
66803
1947042
17619
1591919
1161392
392677
139954
1576354
6012
868126
558857
1947260
501158
1349214
1147749
334230
1947498
69532
1321916
1947246
1306594
952
169708
14350
1947514
166297
1947671
15947
1947460
1274124
10183
1056419
1183949
1947917
545038
1493
1966
1634207
1923954
1947859
764580
1948094
1947976
929953
1567822
1948174
1948068
1948003
1947938
1164917
1948296
1424334
1948385
17865
1948121
1947212
239782
1392708
1749921
809883
1696787
719620
1948701
1427051
1811268
1461631
1948519
223806
5367
1093599
82220
422716
774907
1948278
1893454
1948230
717
913361
1268237
1946675
127084
1948897
118919
1946455
1949165
1411107
1948846
5585
1303127
1949249
1810906
1949282
1949408
1949263
1949290
1779925
413805
1949277
1949403
1578864
1949619
1577047
1141746
1949602
1057524
1949640
850508
1156437
1949546
1949795
1544085
1301888
1533975
221038
6860
1353713
6823
642819
1950014
1950026
1949506
1534399
1030152
1949915
1407412
967206
1557756
457691
1105937
1537937
1949270
1950182
260042
259625
1291229
1947937
1605429
1950012
1320591
577403
1443229
1908547
1818923
1950272
3513
1950208
437126
1950317
424482
548220
1365833
1950644
1950253
1205813
1274885
410789
763842
224
1949180
1318214
1045536
2422
1945953
1412937
1181744
1147641
248460
717
324092
1951153
645610
2184
1516398
1302698
1409928
465168
1951284
67250
1051086
1950993
7681
881751
1262494
1951256
9820
1389725
1951489
609000
1659438
1604809
525628
953530
125815
1951486
649549
554260
678845
1951038
1386424
1275854
489795
394827
1587921
1951639
1216479
1177388
1952130
163550
1508726
1752517
690420
253696
4538
4958
477590
1950312
1946927
397128
1952268
1952499
1952514
1819354
661389
1821701
1952613
359292
1320582
1952670
1765430
1951592
1952300
1325184
1949459
1952612
1952730
1376280
1913027
1952733
256161
1508470
1855755
1732292
1805113
1952864
805766
1952779
1410976
625369
1493
1422535
1952546
1594519
25267
1617673
17961
1601937
1953092
1312140
1134068
993
678
108550
55611
379966
1953370
1701202
397498
1643134
1632164
120068
1953106
237645
1506722
1953537
1474162
448758
1445120
1942975
1949324
590827
1953919
3754
653223
328000
1494043
1953853
1510998
1953599
862684
65838
1953965
1953969
1365784
1953971
885619
243196
1954215
1953624
1328130
1954185
1954069
1115026
1615635
734116
129494
1954454
7219
1954609
1953424
1711294
631854
1186965
4538
1954557
1250975
757388
1954699
1954791
273850
1954906
228843
1953909
407677
9472
1532801
1955055
1954692
605349
1954875
1954488
1287481
10261
1954837
464583
361014
1108360
1954674
1955430
1757
1314592
1955570
1733816
191724
763827
1952737
1955567
2327
1570677
821826
743516
1955666
1429059
542036
446333
2762
119380
1751
1955690
762953
1955697
1955946
2839
1952608
9790
1955795
1955988
962102
1955260
1954663
148776
1306006
1956107
1672043
788136
1514991
222306
1537260
1067867
1956023
1817425
9472
1955906
253266
466698
743794
50435
4059
1736038
1956939
1956676
1183326
722900
1283148
676
930270
1011299
1471
1957136
1662
1202575
1957416
1957134
1956080
769914
1442735
692137
1957383
1651062
744378
21292
1957477
1124638
870516
1576467
1956095
445053
142547
1343323
3086
1957909
1957945
803149
1957375
741554
1957695
907244
1956167
1957972
1957365
246737
1957291
8701
1200849
1953735
1282778
701
1958250
1958284
1159284
240492
282395
1779441
253345
184879
13275
654384
402
1485511
1958306
1344260
1958307
1338874
1958650
205
1957231
1389595
631436
1957635
866830
1047459
1870916
1957935
1957980
1053732
127151
9967
1710531
1958862
356112
1958697
1275640
1946007
1807354
773417
28700
1958897
1959317
1958858
1434500
1539885
1554345
1329079
1959427
1949540
409153
1095480
86425
755679
1959469
1589652
1959540
1959935
75188
1439452
48876
572884
1959956
899332
489
1183834
560811
1621297
1360400
429310
1959926
517244
1720329
180568
13370
24416
1554592
740627
777341
1960474
1960164
1960435
1716311
758280
230160
1384250
1960567
1960523
1960723
1960738
614793
1960561
1953410
1960688
2705
1960528
1960345
1960590
4947
1960693
1547759
1724758
1961067
1571245
717
1550444
673902
1612780
1326734
927413
343463
1273383
644197
41945
1961512
1237815
201846
297789
672838
716949
111825
642481
1297633
1681375
1452360
17961
1961519
1667809
1960163
918
1961828
1568651
1961432
1177131
1897461
1637743
1962052
546895
1961893
1962089
1332878
1962177
1617206
809849
1962282
85732
1810947
1553740
6257
1072962
1867430
1271363
431540
1623908
952
1434138
432
651482
648972
1155604
1563332
15189
1962437
1962452
1962772
1962042
1961876
1962904
1237604
1962807
1962507
1279973
10453
4597
1962671
1961859
221705
301982
1222856
1962848
269315
1963133
1962832
186728
1055222
1963210
1156670
1962824
1961805
1962512
1963386
1963056
1963440
1533714
1963238
1294790
1962960
997436
1455396
1505650
384018
15788
1963272
1074267
1663112
1963785
1574201
1963700
1963768
1504
791991
384825
802
1964153
518010
1306425
1059331
241388
1964304
9930
429619
1292037
1497747
2870
1148989
1548429
1323358
1949330
1863540
1065833
1964583
1756813
1291861
1964517
417686
1123655
782002
759568
15964
1964687
143569
1965012
1962748
535594
521258
1964772
1965123
1358261
1964833
1348622
1629383
1964971
1965196
1371658
285038
1964528
1962111
1783
1964779
1964974
1924518
585107
1336914
239785
1965238
740788
1965253
733198
1956371
927933
1169703
429753
79729
1163968
1752093
1965387
1277116
14832
1965179
1965832
1963945
624592
1965913
1623510
402
1607116
1965274
1416570
75678
1965824
1965288
1245317
1631544
1556749
1478499
1331730
1284520
1803
952748
1955875
1464951
1966260
5699
1942910
1330487
1966292
1210369
1966597
6400
633707
1966344
1343986
1966239
1966613
8852
1607768
1322498
1963357
1966586
1573677
1535616
1513258
1568128
402
1966843
1331491
2900
1967211
1967067
1967294
1939915
1967325
129464
294099
1967076
1967361
4538
1967492
1047926
1967300
1967343
1967595
1343488
664482
1967417
1421937
713429
615656
1424966
1967843
1014440
1967824
1514236
1967904
1759449
192202
330760
1967645
1861890
2265
893983
213485
1170864
1879382
1256831
1968043
1643455
695203
1332046
1968219
57195
1369044
1137153
11184
9790
1243214
1968686
1968294
1967799
1968668
770
1969069
1967163
1417374
1297016
615656
1323291
3086
612550
1797197
1964724
1633389
1968957
1967217
770746
1969009
927933
1969824
1968879
1947026
1969460
1969670
1969756
249303
1970029
1969724
1339535
1969985
11540
1966469
1969560
1375
1970091
1308211
1970059
1614976
1290726
28300
1969215
1970192
1352107
1969767
1610714
1970309
1688846
1916276
1970474
1423411
1586872
1869142
1445012
552851
3302
1970414
107570
1489622
1970467
1968569
1970919
1970821
380784
1970610
1970442
31898
1932333
1971146
1274881
1313781
1971223
1937364
136762
1970961
1193334
1354215
1970964
1971189
322308
195071
1970541
1394659
1971252
1971515
1971653
1340594
1971748
1971905
697916
1971658
1873607
1971778
711360
1757
1445581
483844
1970595
1971780
1531670
1971259
916760
748299
386017
569816
1972229
1972049
140157
1969255
1972415
12368
1434895
8852
1478790
1705559
442344
802
63255
162536
1972434
183201
1964819
1334947
1539170
929359
104486
309604
1888905
87888
1594773
1504873
445700
55356
248421
1972384
1379488
1939092
967291
1071880
999933
1972992
1505439
859669
1973337
1486781
710163
939311
614889
1947219
1966842
924274
1176514
1524198
501142
1929234
259666
1451919
1323024
1148320
1944337
1973307
1817956
27532
1973860
1974037
1974080
770
1973347
502032
1974212
151215
582887
1616228
463501
589245
1267624
1973836
464742
234455
2647
1377220
15731
1888408
1974145
727002
1974235
1974610
1627898
1005424
44144
1974506
126267
460364
1486364
44301
1265170
1975026
1357552
4597
1974087
4719
1711334
1305515
1277259
752189
619454
1975180
1523079
1974770
1706849
1962098
1975382
1975096
1791329
1975491
1636041
71551
1975009
1122940
402
952
1033773
1975765
1280922
1975874
1975920
1305133
1975684
1975570
29264
1364129
1975882
527072
1975846
1975407
1959884
1598409
1976050
433
1466146
475203
205
1212
588720
1569919
1975606
1416651
1851021
164811
1783345
1976548
1976377
1365835
1976282
1524588
1976386
404795
1929215
96997
663
1976807
1976635
20004
1976875
706599
936999
1289162
344136
1976775
1475
1976988
382737
1296578
1976847
1522368
1530879
1624693
1976718
1817828
1977336
1631193
283222
1977458
1032457
1977043
302321
6833
109751
1977624
1976831
260212
1371646
690119
225196
1977320
522471
1977716
1447993
1976219
143033
28812
1977474
1977822
328376
1977768
1970719
1977249
1976930
420339
505745
1977629
993
1977508
1977386
331115
1300879
3
1977579
1650735
1977632
1977527
1818400
432851
1977992
1978078
1903968
640073
1977593
1978426
1452070
1710920
1527076
1978249
160687
1978301
1978381
496739
1978625
1978643
1978306
1281853
1402774
1964575
1978769
822168
1904171
1978339
1369043
133268
1977297
1454711
1978630
1629248
1978943
1282338
212290
1978949
1430998
56796
814689
1488666
1716104
1979205
46917
1979409
330861
269828
1979375
1979447
1312759
1978457
102215
1005534
1945097
248439
1979582
1979553
1723752
1367960
301852
1979415
1979793
327209
1178336
1565428
2549
1979713
1435344
1472
1295522
527845
95828
1980219
323849
1978694
4972
642460
1394523
1614293
1524602
1292568
1980333
1339403
538205
496927
1978677
1460200
1384665
1331640
1979489
1615355
1980542
1980295
1538729
478834
1980278
197452
612594
649787
633803
1979964
393
1980782
1980289
1980745
1980598
1469273
11540
972265
1979355
951282
50289
1981036
1980842
40176
5279
1980723
1981239
1888807
686970
10640
374904
1981335
20426
219214
1980286
1291237
198004
1975578
115872
1503995
1981497
1981159
1476488
1981532
543520
192734
459597
165545
186142
341839
1981145
1981839
1338075
1981745
51696
763531
657718
923988
989589
1981934
1139278
1760815
819204
1982038
393
1945025
1981895
1344778
1981632
156509
409595
538709
1314769
979313
1982173
1981538
1471
1308345
244311
1982174
1309508
1570475
757261
195436
68170
105779
359410
1298158
272274
722903
1982551
331
1982528
8401
1979972
1072058
1662
1607318
838124
315086
323198
1983075
1553423
1983210
358086
1390683
3047
1375682
1977689
1641199
1341262
1501958
1301122
1983402
998274
1130491
138358
1983502
1983493
2708
1270320
1983183
1658419
1983473
1459740
1983225
1343096
496610
1983670
1688675
1092776
358460
141905
1885705
1982353
182193
1983713
1982807
925428
266599
418678
1983464
1984044
1923698
574549
63207
1841679
4902
28581
768115
1984267
1984037
1339126
1984285
1272581
75622
1984430
6257
997167
1743300
1657261
1650768
1324896
516659
1983726
3038
1301321
261316
9790
10705
1984697
1981463
685782
1337050
1984873
1294342
1985099
3071
1837
1984993
1984922
4719
265618
1985206
513344
430934
176112
1369353
1985096
1985324
429495
2643
917299
1985243
1985143
433
1275076
10705
1397148
1298429
1985465
795880
1087104
1869911
50766
1348727
1985732
9790
1985735
1985791
1143879
1985743
1985769
132742
1983281
1948811
1985635
1985956
1275121
8083
277335
375562
521219
1986085
1984776
261126
1986019
1986411
1439
936349
111367
1986464
1667838
1986311
1400879
1986516
1971409
508631
1295046
1986603
883222
63602
198490
213901
1986675
1971082
341138
524772
1986853
1786389
1986857
1791548
170627
1986803
1984920
1743844
1986988
1987010
1397588
1987160
596113
1369401
1358182
140062
1279569
17440
1986478
1987233
796859
1362405
530646
736100
1987268
1987281
1987456
1987686
1551503
309764
1604306
94408
1987700
1987294
1527510
1986586
1984558
203180
1817098
1574269
1987389
1416087
1987866
1987675
1987819
436900
1987952
1987531
154868
1589078
196552
1005589
1334717
1987826
1281317
1988326
1629949
1010328
1869350
1987923
689846
1450903
599044
1988594
1196663
1988416
1420982
1329358
1988618
1653928
1988115
1988218
1988401
1659670
1968535
1988664
1988776
1988779
1988704
316376
1299433
1587585
1988820
1988840
235611
1988819
1988821
1921751
1988680
1988653
1357242
1305359
1988962
1611385
1966984
2871
1794186
1989075
745754
4597
167263
1989256
1989218
1989340
535070
1344238
1989042
1989334
1989397
1868532
1989513
1625448
1989504
1819857
1985265
918
500206
1475201
20850
1989495
613151
1845591
1989739
174704
1617779
1905408
1079297
1989757
1989888
2061
246860
1989843
1140459
788450
1507766
1989727
1990041
47228
1757
1990084
1281705
1508876
402
1989760
1893126
1312361
1467177
1564114
1990238
1252298
1311490
1316605
841745
1990259
1990183
1423451
1107972
1990153
56391
648991
600454
1570242
1989266
5554
1987006
685545
1368605
13232
147331
232623
3
1988690
689317
1159745
881258
73122
1562434
1990781
313808
1629
1495003
219012
997492
1713058
1008053
904241
110519
34134
1989048
1991023
1990829
1990923
104702
1556703
1356691
1990479
1991106
1991278
1991324
1990730
1991174
1983209
1502235
1489667
1087131
614392
1302124
952
120469
1991393
1809182
1991516
429207
1991122
1991514
1991352
1991506
1632681
1991646
500512
1991802
715235
727457
1751
1991910
1552974
1404168
1070676
1991962
1966300
1394123
96835
488484
1992130
1991745
1991786
556925
1549056
1356280
757333
1285394
118417
1751
1992589
299
1991343
2074
593676
1992698
1909731
1992855
1992050
1992557
680552
1992674
1936454
1475892
1993163
1958580
1993110
1939571
1402117
1986625
713
1959873
1993180
127538
1022760
1993375
1814699
1993322
1063902
618469
1244711
1955002
1993473
1993419
1366002
1425628
1961765
1993650
1993577
1614270
146924
1083463
1618217
20051
26270
1874249
1993340
1993538
11184
1308783
1991445
1386155
1994008
1473054
1751113
1486047
1477976
1993894
1993476
10935
1009604
397481
1993959
2570
1190908
438977
1949105
1993908
1828819
2710
1624290
145415
1056106
1994284
1994217
1498420
1994036
1994159
601117
1282994
1850733
1251856
341561
1994557
472818
76005
1504
383450
143277
1994804
78643
2327
1994982
1481031
213783
1994741
701
1994338
216586
1994501
1457248
1994992
954560
1868761
1995303
1557171
117092
1214593
1055771
1754993
635454
1808905
1300611
277
768660
1994797
869141
1994969
1995586
432968
1472667
1565642
1995676
1995634
1683934
2050
1445300
1995225
971218
1995513
1995210
779117
1995703
1871346
1389939
1536270
290699
296645
1995776
1839111
305015
1995127
1612419
400233
1958638
1995997
1995562
702387
1996016
888540
1353573
1277317
1995906
1937477
508305
1392477
446948
1407072
1943138
1866589
1996300
52693
820618
1996439
13275
1641795
1996558
589646
682686
1996437
485862
485994
1996578
14164
1328371
321855
203629
960423
1996790
1622600
1996815
1996848
8089
1996843
1996698
1925265
1996444
1312158
1478232
1996915
849832
2945
886842
1997152
1492323
1766071
1279781
1997020
1330398
1996788
1380412
3274
1485132
1997459
10948
1997339
48008
1967957
1642939
1997589
1345489
1997153
855840
1997440
1300979
1997436
1573777
1997817
1542530
1997706
332166
715559
1997937
1997556
579276
1617157
383825
2940
1447269
1729393
1822534
6652
1423721
764216
562120
1998074
1997381
27566
374887
1997357
1998297
1998307
1997990
1997534
1489475
1549046
1322556
1998349
2422
1877119
924702
1336965
1991949
4184
1503967
1202551
1303055
638952
952
1164831
1998482
1322371
259916
1998526
254584
1996989
1998383
261176
1997988
119807
1181962
1998596
1998077
1998558
1998505
1998495
593493
1998450
456569
300095
7681
1998372
1998650
569892
1861423
672601
908726
1739562
1998878
548554
176820
476006
776305
1998756
1578884
1998275
433492
1751626
1422832
212411
590178
1998940
1998337
383576
156483
1999010
1293299
748533
1999180
139184
1351844
203139
899816
1999304
1999134
1062953
1999259
1735506
1999341
1305672
1999335
1999237
1999336
706279
1633477
1999191
1460148
1999267
1620830
1329059
275216
1385185
1999651
1999288
1999472
1386161
655938
2393
1934868
1350590
1377988
1421012
482334
1472386
1999890
37411
1984773
1999381
1236676
1999786
1999792
1552444
500817
1999789
1999717
1302584
1999949
428146
1988205
1454826
2000369
1996164
2000072
1266
2000310
79892
2000499
1886976
747082
2000334
2000551
3
95753
1341647
2000194
195848
1995950
1269356
1999222
1751
1951274
1284088
1569
2000738
2000240
2000651
2000637
573114
2000855
2000308
1372504
1423210
10935
2000490
2001149
2000667
1485864
413169
1563195
152965
1659209
2001222
2000870
1979806
2402
1431593
1862389
1496399
1181744
738083
1310062
100798
1670858
215156
17777
1383477
702957
573361
2000781
1680988
2327
1631300
317841
997790
2001306
1820046
2001473
1990834
134662
4538
2150
2001712
2001878
2001346
1374821
1768204
2001840
1582767
2002014
816247
2001869
2001752
1916772
2001725
2001985
1486089
2001885
2002252
2002044
1046286
1658725
2002138
504930
1366609
1293693
5326
1199285
5
1628308
2061
2001297
1998996
3365
437161
732465
473898
524541
812892
6257
2002837
107666
1315328
2002738
655415
1530284
1639837
13572
2002785
484515
1879443
2002959
1378224
2002900
134757
2003020
1441873
367247
2003024
1400604
2002557
15947
2002788
1003074
541665
760647
1961501
1873436
1297073
1656455
305405
2003397
1901679
724639
296622
1238925
1473020
2001780
1914374
1720695
202715
2003597
933029
1534216
2003492
1996001
2003231
1994129
2002947
869554
2003552
2003486
2003745
1418858
1985120
1763781
2002617
1889633
2003587
1873524
2003890
2003992
1212
1320815
1730947
690313
628355
2004090
1986553
574812
1452624
2003335
1409028
2004316
1919908
2004273
639641
1887166
1848129
2004163
1902481
336079
615123
732120
2004594
2258
2004515
1477793
1282480
28991
1464084
2003233
2004685
2004758
2004216
439448
1597523
10908
1314635
1532336
2004748
625545
2004840
2004487
145952
2004709
2004996
2004823
608360
2004907
320940
2004872
1580831
44062
546652
8852
2004509
2005129
2004934
1156
2005060
565252
582519
1997493
1610795
2004324
1600318
14844
2005083
1142892
75228
2005278
81279
2003103
479435
1159449
61388
2005426
2004309
350728
1936937
2005198
2005435
2005586
2002356
3743
2004893
644323
638011
1631292
2005352
1309565
1314566
2004938
702188
532337
2005871
24335
2005816
922361
537500
9472
2005822
479658
1573073
1717708
2005874
654260
4538
717718
2006021
543484
1023697
1324803
109920
1416547
2005287
2006061
2006227
1440369
2006114
2005730
2002087
1839681
1798019
1315447
68104
2006095
2006249
2006189
2006270
736461
1733
2006359
2006357
1957263
2006317
1776836
2006153
2006345
812
485
1494420
2006574
1978875
1487424
1950592
1758229
1849893
1994298
1609369
2005193
2006719
2006710
2006879
577074
2006905
2006893
2006798
976615
1294679
1607070
2006187
298499
1303181
1537095
1039589
2006963
2006825
1314488
1280389
2006970
1627127
2007036
758625
303991
2007060
2006974
504332
1054324
1811588
267055
1489309
10289
456104
5279
1673493
2007282
405288
1939986
1150822
3028
676635
388809
1392545
2007406
2007401
1349060
256084
2006985
59453
1641981
2007323
1867684
1937423
16278
9809
2007606
2007491
275876
1479278
2007667
57307
2007604
2007418
391506
486180
2007717
2007741
515626
1293099
2002228
1613
2002822
1369384
581247
4597
2007370
1195194
2007563
1885143
2007838
2422
2007928
359203
1065887
2008005
2007892
2007965
2007947
1772135
51553
2006509
944907
2007939
4597
1430248
1357753
291114
2008053
1266
1432380
2008151
1301455
2008063
1340284
2008035
1877695
2008163
383765
2007859
2008164
2008171
472927
23710
1802078
604812
1569
2008144
1965079
1130000
836776
994671
2008268
1528
996926
1583424
2008331
624735
2008454
673297
1994337
339904
1615000
2008490
609830
2008598
2008540
1296001
2004268
2008120
2008669
1949727
2008607
2008671
2008247
2008741
2008757
2008758
1091182
432852
28356
2008787
474307
2008870
1284195
1814589
687455
2008829
693
1439252
1702749
1348169
2008939
1993898
378122
697420
1569153
450633
1391767
153533
540727
1404262
1006691
1956512
2009095
74332
462036
2008980
2009223
571532
571566
2009334
2009272
951961
901289
2009265
278942
124257
981401
3550
624194
2009460
852255
880772
656582
1167871
690836
1362746
2009459
1336937
1489852
2009578
1314555
2009541
1614569
2009517
725543
1603881
1318305
391262
2009554
1423817
2009666
136183
2009758
371171
2009789
204553
1477388
331957
1264704
555749
24199
1395351
1354161
1298639
1733757
1417620
49218
1697199
2009823
1662777
1682346
448432
354190
1660319
117062
257033
79340
2009921
908862
1292421
1437292
1409952
558963
1783
72498
110213
499816
2010135
1672737
1545190
734724
378170
783
883288
2010265
2691
2010333
2010328
9790
1528
2010373
778952
1696153
1396571
1574449
2010456
1323621
1058357
391306
1141788
2010546
884822
122277
1488073
2010725
1268926
2010721
1733
1162
2010791
2010794
555715
2010871
2009914
1615112
1593437
2011003
2564
2010983
1716295
2010988
2011028
2011040
496289
1999380
1003236
1202
2010851
39
2011250
1570129
1936939
1321143
2011300
1626814
2011233
1430538
694019
2011416
679506
1499943
398812
1789484
12982
1547229
2011604
2011511
36350
252881
2011718
2011777
1125502
2011759
218750
2011817
19177
2011431
375115
2011912
1399960
1587221
375708
1629894
1790518
2011908
89275
979372
1927488
1943330
2012012
365643
771673
1338917
2012046
101101
2012057
84374
2012091
2012230
2012177
511213
2012144
2012261
386056
1498138
2012435
2007133
2012482
109929
1034017
264188
1717380
1567418
744275
139730
2012450
476639
2012429
666526
624811
2012047
1287875
2012719
1053628
2012353
1514230
2012750
1940492
1312791
2012630
1840904
1287401
2012782
672353
2012820
2012813
666535
3297
2012904
383013
2012893
1836095
2012958
2002060
1074332
358812
307861
2013034
2012957
2012869
979191
435085
687437
2012988
414092
1876767
2013126
869600
2013037
2013294
52682
1246534
2013152
2013258
2013133
2004743
140273
956892
2013256
2013260
269463
660313
917347
14164
701425
1159267
314288
2013356
2013677
1313921
2013575
1023245
735193
1659696
1417655
1182470
1741681
553163
2013862
2013760
73580
1988536
5989
1519965
1977438
2013978
1238424
903400
1999438
380894
1605665
1955991
1009398
2014127
1068854
1552657
2422
2014320
2014449
2014327
257543
11710
2014597
1325997
1774273
1494590
6048
1912799
952
952
1504673
1537500
1022044
2013353
1142628
2014693
1679099
1419438
1951037
13211
513601
1469857
615122
2015123
1301678
2008603
1504480
1256187
1507624
2015066
1265482
2014788
672583
331
2015258
73313
1716567
1544691
99490
2015476
76138
2015623
2015455
1948762
389399
1374635
2015613
2016029
374138
2015769
1942054
1868655
1321126
539251
240158
708416
2015332
5902
1145317
1390461
407357
1407661
1364044
1413925
2016155
1891114
2015307
1205550
1710961
2016430
742925
2016280
1634181
1339800
106793
1732953
891086
1422104
490649
2016686
888428
631520
994341
2015964
1502749
2016415
256771
2016952
1538228
2017169
1330503
916273
640883
2017009
1430
2017145
1166415
2016790
1101276
1626263
2017081
508053
2017493
1940696
1451991
2017444
4947
2017276
2017393
4042
2017792
1147981
180783
2017849
1702973
2017636
490769
2017875
2017794
2018214
2017465
2018240
2017895
2018107
651938
2015479
2018110
1482931
848380
72963
2018140
1314498
1310409
1887784
272386
2018381
1851334
447893
247148
1663140
2018281
1597713
2018199
1212
293025
818899
235310
149206
1291478
77576
2018031
1108895
2019032
1893332
116575
1555901
557395
1607310
205844
253018
1833292
589269
994032
1602
1202
439017
22321
1382249
1303664
2019348
1415177
1125644
1854228
1503631
2019624
41582
2402
1041424
1539435
9953
1944374
2010876
936838
9634
1573420
118106
1214445
729373
190423
269328
1534063
3805
1720523
2019807
722403
1747307
2019929
1029587
363695
1591709
2019859
1936044
188583
925711
1339839
1655478
750238
2019093
2020039
1955572
755765
2015570
3777
2900
2020586
1563363
1030128
1391949
2020676
2020774
1952994
82033
124868
2020902
2021025
2021107
6012
1444940
2017294
863163
2020948
1446034
4634
2565
2021393
2021001
2021424
9970
2021149
2020853
100162
20426
1355389
2019628
2021094
2021408
2021465
683
1685
1560465
2021410
1147336
1266
1511299
2019914
715450
13834
1873193
1812508
2021839
237083
2021774
1106324
2021805
440680
2022006
1463340
1644289
1308971
2021691
1131818
1955075
1908850
2021719
1169270
1874405
1242046
2021470
2021977
326010
42355
518308
2022080
1607973
1508421
2022283
1253626
227900
1329138
38170
2022414
2022494
1583566
2022384
2022844
2021804
1786109
1079397
1421535
1325497
1297319
143976
5154
2023278
43044
1477805
1282137
2023208
459769
2022722
1515096
2023191
252246
2023301
287357
1568345
1975557
1511337
260622
2023123
1359492
853288
2023844
1955697
1820553
2023722
2023174
2647
653718
2023655
1514973
227657
1942431
1253899
916367
93971
1937196
475010
206120
2024049
1951456
763531
586320
1294567
2022809
637158
686130
15707
1810333
1110583
1942309
2024334
1415592
1820
2024519
2422
2024549
402
2024755
1044865
499358
191674
2024266
1517635
2024933
2024852
2020427
1317227
3821
836525
2024859
855578
1329936
2023932
1778257
714658
2011485
2017889
2024947
234591
111135
2025360
1726320
2025285
1826466
2025437
2025337
2025122
2024749
1136000
1382354
1977909
2025453
133313
2025545
2025723
153190
1619259
46897
1379625
2025281
2025958
475843
2025409
2025681
998452
1942997
1989279
905486
40174
1306901
1941934
2025783
1289975
1480651
2025919
19054
2025275
2025991
2025828
722380
2026151
952
1290967
2026211
2026213
2026278
1516319
1820
1236
33696
2708
643977
168586
1399542
1284853
1054361
3777
913654
1618718
749089
584026
32424
2024954
2026528
9401
2026697
1992022
623556
2026767
1273777
1416940
994768
1878433
467018
2026472
2026468
2026715
2026876
798784
2026770
2026604
1332340
612005
346606
1940017
2027063
2027064
2027072
6323
1679229
314084
314568
2027017
1396006
2027183
300223
237982
1726078
2020391
1502506
516105
581593
1296288
2016460
1523631
1090472
1983301
11659
2027244
137215
2027482
130400
417656
1321086
1818289
409211
1569472
2027529
713142
1288500
1141974
2027745
10524
1968539
1287323
571214
2027643
2027826
623556
2027893
2027520
2028044
2027461
1461885
2024316
2027582
2028029
2028215
1549300
2028252
1782215
2028256
195827
309128
1436926
1617011
371189
248582
16002
2028498
1404874
688677
1053526
812
1916631
17070
2012435
1765589
63620
760042
504423
1643267
2028636
2028509
12821
1820766
1620420
485696
1065225
1415717
2028920
2029106
1640779
2029087
2028670
426100
1436645
2029094
2029193
2028614
2811
2028888
466470
351578
2029260
1279807
2029070
1346809
2029234
219233
2029338
86386
754945
791127
43980
2029324
2001367
2029161
2029259
1874066
2029475
1613292
2029572
1583362
2029439
361873
1575630
135937
2178
1568033
2029701
2029184
126240
2029581
2029511
841792
2029670
169991
230486
2029827
2029923
2028113
2030013
2029872
135781
687035
1323605
7219
2029752
1360018
43625
2030059
438213
63961
1696754
156485
1033028
1508507
510973
2030182
2029605
2647
1334302
66504
1409514
2030241
1770584
1752139
2030443
1467067
1327317
1713084
1720845
228938
791393
1455508
311621
342
932423
2030804
1128678
1703895
287607
1202
66983
2030708
645359
2031040
1414634
1202
23615
200387
2031137
526048
724449
1435392
1634981
2178
1736541
2031284
1108560
92460
290342
2031375
2031042
8547
1515518
618104
30871
1773211
544528
2031904
1272515
393
1628083
77753
52053
1464193
2031580
1934535
1114209
2032141
1328656
5279
2032272
2032103
1630150
1574793
2031781
2032126
686189
960279
286507
2032330
2032264
2032456
1621961
291002
2032520
32784
12642
1513889
188758
2032347
219554
1423642
2031879
2032822
1313174
2032744
2032905
2032800
2032794
2032382
2032791
1423618
6082
1250303
2032992
1304541
1741136
506461
1347236
1212
2033222
1524172
2033252
2033452
2033501
2033389
2033148
553850
2026627
44065
1387838
2033556
2032769
2032968
39
2033530
2033458
676046
2033422
1300920
2033875
1592162
2033074
2033464
2033653
708367
1313405
1274496
2033923
2034035
1569
1530557
2034033
2034096
1330588
768006
2031087
845493
710440
1111526
9361
607153
1970477
2034136
224763
922562
1573021
1994067
2034376
1717327
2178
946218
2034283
442220
1589275
2034177
2034498
2033774
1591899
2034539
234426
2034793
2034758
1150357
2034865
2034959
2034831
1113477
2034868
13904
2034932
3028
1979611
1465299
2034135
2034943
1292066
2035158
39
1061062
1691636
1537896
2034859
467907
366508
2035275
2034997
550352
1304016
198107
2035115
2035407
17777
4400
2015164
1671949
2033462
2034249
261048
2023811
1308888
2035544
1045838
667651
1375
1240068
2034810
1938593
131679
676
1390821
2035828
2035363
1288998
414288
1566602
1789662
2035971
1541157
463428
581281
6604
2036109
1498389
509400
2036066
1995701
1318668
341548
1639236
1463110
2036411
2036071
1591520
1911988
2036327
2036266
1657915
1134067
148986
659074
2036613
1868552
1175
987139
2036433
2036489
708080
2036638
703278
1746532
704322
637305
1774
2036595
1350921
434435
1342989
635601
1979588
257084
1524430
183702
2036618
2036522
9634
1114394
27627
1390299
3
13472
2037122
713467
1537842
2036713
31889
1217382
2037261
2037288
2037297
2037217
2036811
210152
2034319
1682541
1516110
918
2037515
1486058
2003219
1276633
1740930
311933
71743
1408220
2037681
1456581
1340238
1424392
1576704
653763
314600
2037342
1510127
1665364
2037700
384907
2037289
2976
913195
2037784
2038011
2037789
1021376
1356812
2038123
737947
2037802
1651857
191686
1637154
171507
1215262
1513427
10524
714128
448275
2038099
2038392
2038042
1717608
1840374
1315
2038447
1748537
1509935
1611514
71326
2038419
4875
1967281
1459641
6257
141267
1504
1405689
2024470
1464812
2038726
2038732
1291338
2038710
2038820
567008
1365168
422557
1439
1608592
1734434
2038190
1316624
810901
871088
709931
2027836
693967
2038819
2038982
2039047
2039067
1433462
2038884
243633
1584451
558066
2039031
1387663
3071
1626521
1604185
2039231
1620663
2039190
1756904
1575188
880804
181265
654772
716008
2039401
1549176
1608378
2039572
265627
998306
1443210
2039116
2039324
276870
1982586
1630522
1822654
1347822
1939751
151192
656906
1466239
2039657
1380912
1897365
2038964
1614383
734754
1950252
1059578
1634473
2040168
1936417
2025015
1937164
1625377
1201355
23392
1300934
54303
2040330
2040110
7170
1944796
951293
423958
1488263
566141
2040438
2037718
1621430
2040378
2040508
942948
2040539
2039720
2040389
2040316
2040586
505209
2040642
2040632
355410
441
2040684
988452
1612994
2040727
2040741
2040620
2040075
1300365
1444
1405829
2040644
41680
2040651
1819316
2040857
2040860
4657
1671179
2040950
2040768
196367
2040886
321905
562668
1427777
2041099
1363802
1291393
1936744
2024821
570185
2041256
1349344
1906875
109806
817713
1350856
10084
86130
1966391
460199
1555134
71278
1427276
2038742
2041375
1462575
238915
500333
1813818
2041260
229637
2041349
71743
3071
2041336
978880
2041298
440307
2871
1451989
112062
2041481
622287
2041466
2018998
1072289
1778235
390852
1935814
2036938
1276948
1937055
1300185
683
1162719
2041824
1050569
2012912
1541825
421113
36217
1774
2041602
2042066
1126224
704562
1285682
455887
859914
287401
1860218
2042017
2039742
2042261
1390221
1486082
1793031
1633371
894587
758931
2011186
237902
774300
2042200
2042406
2042129
2042065
2010157
1413662
2041818
2042547
1551101
1393822
1925788
2042524
2042503
1740674
2042625
384778
1270351
2042833
1111959
2042449
1873832
1604295
43964
1620256
2042933
6507
178590
2042953
2042856
2042612
1239423
2042823
1443257
320323
1472916
2042756
2022379
986686
1471722
2042039
2043084
296623
1407216
1707348
1295907
2042886
1331912
1867
2043005
397006
665423
1286627
772046
2042735
1476147
2043301
2043321
1914385
2024675
546997
146685
1486472
2043275
2043123
2043442
992011
1805841
64902
2043405
2043382
2042968
1620152
2043189
31276
540775
1580548
1162
2043528
1072279
2042281
1949443
54503
2043526
1427739
1733318
899369
2041005
1418188
310809
450513
1481146
440806
583976
2258
2043852
2043901
1333048
374593
5585
1658800
2043827
1638326
1236
355166
2044058
1743979
347140
2043687
1137704
2042862
1336178
1629
2044029
58885
2044153
2043825
88673
1658576
11704
1445021
7945
2043815
2044232
29645
2044101
1328676
1774
283327
1279244
2043614
2044426
2044254
941795
2044434
2044499
1368335
2044414
2044431
746223
1899924
2044024
2044540
80274
7059
1466269
2044636
1276508
946826
1404012
2044561
2044695
1843331
2044457
1516491
1286524
152927
1552529
1536272
2044906
1368815
502243
2044817
1368775
155970
2044605
2044887
2045011
2044979
23710
1453940
2020385
2044986
2038524
486754
2044760
1570463
1599464
2045061
1642080
1878180
822870
1294164
2040794
214223
1576756
2045281
1489082
2045171
2040324
2045046
2040925
2045210
2045384
1844218
580515
2045181
432
1307788
1628695
2045487
18649
745251
2045596
2045395
2045461
2045617
2036075
2045452
6384
2045540
1296733
2045663
1272592
416762
1670949
2009376
1653538
923151
1119884
1695945
1980977
656261
721958
330618
393
241584
1577167
637098
2258
428926
1535547
2046121
2046107
2046266
1689052
1405551
2046319
2046331
1910684
611082
2026095
1498807
10948
75479
1964573
1738647
2046592
2041063
2046312
553009
2046499
594395
2043971
396998
1001589
2046707
1307333
1585772
1267776
2046790
1622170
1552992
1305689
123126
1310870
114106
2047072
2046978
5773
194609
2047118
9967
1043133
425666
2047408
2047427
640866
2046838
387877
2047531
2047548
2047334
422457
915272
1355980
1341436
995349
1436509
2047582
1522100
2047816
2047638
6430
2047834
1901270
619514
1010016
249650
825106
1641127
717
2047930
1746755
671482
1586057
2048126
2945
2048159
624730
1170741
2048059
1236475
801
2048094
1145276
2048214
541446
206075
1385104
2048375
1375931
1383415
2048223
2048435
2870
1867918
928757
1001296
2048164
1455627
1521816
2048682
5773
2048640
2048632
2048537
1474986
1315952
320370
259516
832346
2048773
723244
1170407
298206
13232
2048976
1554268
1294287
2035967
2043158
2049258
1128086
1794300
491083
1975519
2024271
2049285
755448
919491
2047269
2049310
1520599
28670
662029
2049473
2049460
1016390
2048871
8015
2049676
2049628
2049585
892258
433
1471401
402
484497
2049819
2049801
1944290
1213973
1299485
2003548
221226
1260041
166045
2047050
1606379
14321
2050024
717
2050025
2050097
2049840
1117573
3014
1484925
1542639
2049953
353048
1416020
24745
1243604
915021
2050225
433
2050294
529356
14017
18649
1292832
792394
29406
301013
6113
51382
34572
1774
1703634
2050477
990428
1966
1537336
55699
2050573
1330871
1396796
120670
342
2050615
565628
1404316
73378
2050624
2050625
948228
154467
1359521
134636
1751
2050771
1269047
1606500
743332
2049280
2050835
1257344
2050950
1080205
2050956
433190
2051006
2051043
837712
1838134
911329
1941011
1385505
1396859
2006196
2051259
1427958
70060
1440456
2051414
2051397
23892
840224
978716
1410389
2051491
1560067
2051563
2051584
2051626
2051658
1935473
329590
235397
407279
2051706
2051805
235344
2051311
1395053
2009518
2051991
2044967
2051806
2051693
2052035
136485
993131
2052130
2052136
1618398
412203
422047
120339
521020
1387229
672824
2052184
1277732
1322567
1175480
365533
1735061
2052480
150618
1962294
2052693
2041764
2052680
23746
2052800
2052849
2053025
740043
106003
1273271
1501520
458479
519182
2053138
1419060
319014
2052967
2053194
1937868
469887
1463538
1722498
1466946
425707
412168
700950
10750
2053657
1161382
2053710
2053532
222341
2046788
1787683
481665
2053872
1530267
2053842
402
2053959
1785626
2053874
2040026
225307
2053410
1733061
1370068
2054029
2054206
1567215
2054178
1821219
203300
1821138
584705
1100157
1810102
71326
361757
2054468
2054452
141488
2054537
1820528
219576
2054744
2054668
2054634
710480
2054823
2054925
2054696
2055029
2054775
1174323
1397096
39619
2055167
2055223
970834
1497719
67772
352057
1354749
713701
484202
496428
1663284
40318
79872
1146016
737956
928276
1322817
331
1350605
3813
2053473
465
2055369
2055798
2055615
2055899
2055897
1001616
886488
2055244
1560085
3821
613101
697685
1404488
19229
2056332
1303109
2056470
213341
5585
1167818
1512256
533200
254782
1526317
2056759
416342
1315
2056713
2056933
1982
280780
2057101
456750
2057046
1731101
356395
2040946
191664
25802
1430953
166143
2057162
593456
828285
483104
2057418
853536
1322177
25569
29487
2687
2019570
2057549
1728726
690889
2057662
1959825
275915
2057373
2049710
2057663
2057599
1432971
1675778
100080
1314915
19659
1213147
111770
1367365
1545173
2058023
604033
2057937
2053250
343337
5
1430280
2058297
325677
1266
2058267
1409168
441
785455
86224
2054145
493290
527303
1510922
120892
640894
1933903
580671
129753
1555713
1623896
6823
1556473
178903
512014
2057967
4311
2059128
2022681
918
219177
2059134
1058886
1421913
1441904
2059027
2030142
5635
1418724
1987046
2059255
2059293
2059302
1254099
1122400
338104
1245547
2039992
402068
203139
629801
261425
142451
472818
514941
2059870
2059843
2059901
1553415
2060108
1878204
529297
515497
1598681
1145763
1654730
51599
2060299
1554691
1027662
1367907
162090
1763806
1288266
828172
2060535
2702
1523000
1820
2060167
2048121
1309002
1731766
2060837
2061
1271017
2060735
2058194
6257
585736
341561
31001
31373
574166
2061206
352720
1733
1814182
2061069
2060979
1291640
2059506
2061306
2061302
1959012
630066
1072986
2061595
2048358
5061
1459115
538937
313150
2046322
2061814
1966149
1825126
2937
3882
256484
2061999
2061425
277
211418
2061547
12946
1046385
2062140
2047332
1902335
1459598
1835476
2062335
2062264
2062150
676967
35826
2062346
461052
1566110
1442378
2062525
1400844
28581
2062449
1621089
2062603
2061
2039506
2062539
630196
589877
2062883
480913
492280
456115
1350938
2062895
1230825
252062
1375028
620647
714626
1365271
1417843
1241236
2062906
664775
2063311
1556456
167220
2063459
449581
207133
1572544
2063677
1749007
1226362
1079097
2063838
689859
447610
612041
2063862
2064016
1279668
2063793
2064132
2064033
2064034
1854945
1990701
1442929
124025
1398889
2647
2643
2063994
1267713
269522
1568002
2064441
2064584
205
2064536
1011270
1428594
2064603
1337710
1403117
2064344
2064667
2064558
235348
1433129
1308726
1001346
1993636
2063390
2064894
1965843
2708
1981829
6051
1721915
2065021
570501
2064970
479170
329985
18253
1398885
1617908
2064962
1391229
2065183
1430637
1314710
2065401
1045167
1431284
1281439
1410229
111075
2065466
1284978
1530051
1988194
2065249
2065404
2065344
2065329
736553
2065612
2065502
2065527
293048
1767461
2065589
2065471
260218
730649
2065778
2065469
2705
721566
1425532
2065021
441
2065760
2065592
13347
1890266
586913
1168558
8852
2065105
1615662
2066054
1087609
689654
1414444
517663
2066413
1455012
2066328
957617
1967341
2066508
2871
3071
73844
1997049
1431088
335371
1262796
706809
700042
2056728
2066836
1618645
433050
4947
2040339
3513
13211
49883
169420
1519303
2066936
1388953
279162
2066961
2066834
1381057
2067056
2067207
205
1350458
1844339
1403283
2067090
2067312
1513716
14350
2067486
1784850
2067480
439240
493011
2067525
13370
2067547
45609
1321211
402399
1781297
741952
842990
2067685
1558844
18599
2067307
2067045
2067775
204787
1339882
1252855
2067829
524964
39244
2067852
2067481
1469853
2067976
2001436
595205
1655838
2068073
1323208
2708
2068273
1142491
1281359
2067401
1941604
1595664
470263
1565957
2068391
1438108
668135
2068247
2068685
300095
2068388
431628
2068742
993
637071
1647977
1753844
809973
2060996
1504126
567989
2069068
637042
2150
1423919
1631729
1548393
5796
1359231
45939
1028482
794289
193776
2069406
2069383
299
1469275
1783012
2069459
1926201
1773129
2069536
216432
7432
1333576
61260
1282108
2024224
2069626
1531461
1212
2069704
2069276
590978
2069776
14955
1392710
2069671
1932789
2069844
130872
2069933
2069965
616145
2000250
2069825
2069852
1964177
59900
1492393
1393162
1950961
2070005
2070077
229391
2070129
1043924
1521766
2070083
245263
9287
1299109
3621
2070133
2070203
2070173
3797
291389
1652862
1302936
505943
23284
88665
467262
1140606
2070364
17068
250633
1617135
1133686
111292
1072565
2070450
260502
1420300
2070460
2070526
60816
1480957
2070538
352260
277917
219880
2070632
1148587
675950
79029
2070611
508059
2070689
2070718
2070710
729648
676620
2070805
2070803
165294
2070942
283908
2071069
2071032
2071053
1711552
1394020
348909
1646155
287501
277
1402701
2013226
2069915
2071242
1630067
2071395
1282444
2071517
2378
487602
1575707
1446948
2071678
1702280
2071725
2071692
723373
1909953
2071775
1762517
1292716
2052700
1315311
2071953
19291
1315803
97524
2072061
2072129
937129
2015281
855706
18635
685795
2072410
2072454
142684
2871
2072571
2072605
1000792
1708020
2072651
2353
2072497
1889594
2072736
153144
2072898
305591
673789
717
1558569
463454
2072902
702956
1629
1318142
2073021
1331854
947366
1457148
2073212
1457835
663
2011134
1060580
126441
2073350
1511964
2052565
2073321
975801
100524
1774
2073412
24472
925358
1444
2073525
1904349
2073596
1060839
2073575
2073614
2073553
1343926
2073768
1831
2073271
1127219
740091
82421
2057569
2031656
949583
2073926
2073240
2074007
2073161
4538
101390
2393
1968695
3621
2074043
271280
1372200
2074137
43392
1417623
479490
1284098
1320065
2074157
1629
2073815
2074317
687536
2074529
2030897
808680
749376
1453535
948253
2053619
223824
838234
13497
2074681
1506367
30050
1389458
1845899
475471
1479528
1138407
108501
2074757
94575
752510
2075030
4958
2074979
2074980
2075028
1796644
2075117
154773
1129505
1885271
1538250
763521
537685
1672
725072
205936
2075370
1802040
2075433
880137
2422
2075524
2075527
13879
205
2075520
7580
460982
1389292
1389501
1084327
2022105
2035924
2075866
1089568
1391141
555427
719752
85265
1154210
18338
110558
1961205
1954758
1000190
649369
1741148
2059888
1375
3045
1691237
2076284
1411537
2076429
2076279
1626614
1497097
1447525
2076461
869830
733244
1323918
2076512
7198
1548322
695118
2076551
2708
387685
2076608
2076562
2076647
539347
1902027
767070
2076689
2076639
889034
1622433
2076737
1530210
484843
729137
2071964
1332649
705060
2076895
47583
2871
1412317
1151012
1875919
636051
458428
976471
2077212
1341602
673925
641342
6113
1342019
740380
2062861
133313
2077157
1066419
2077342
2026737
337163
1621344
8745
2077265
1651308
2077484
1934303
1993767
2077356
1893507
1266
2077420
454941
611098
641012
325565
2077580
2077684
2077690
1472
1350353
1650771
1423118
901518
13572
1716058
1278698
1693930
1328546
173206
1147948
2078088
2015241
1359524
2078049
475138
1349504
60782
2078154
2013642
2078207
2078299
1536391
2078399
367360
2078378
1658911
2078417
1380045
1516260
743509
2078392
2078405
2078494
2078491
14017
1560529
1205360
10640
2078578
676
206491
1374403
1771288
61782
2078726
432
2078770
1375316
2078773
990331
12071
846196
4576
1961822
24266
1278590
2073329
286341
1488229
496697
1603819
1680933
1944182
2079147
1266
2079239
2079176
2076237
2079284
2079287
1688564
2079335
465823
4597
1271029
2079300
2079390
1502060
2079279
1345991
2079363
1504958
2079429
1257645
644992
2549
2079526
1286168
57367
829313
1063137
2079587
1322020
2079676
3114
1995285
2079645
523199
2075301
6536
1171056
1384168
2079776
1780461
1977022
1894647
2079937
2079965
670007
53024
1381245
2079983
931386
1903059
2080067
2080117
2079963
1057000
1617789
1733
5154
2080290
2080274
1371007
182962
299
157692
1383969
377795
2080414
1552059
2080431
417256
19539
2080190
393
717
69548
1351284
2080642
1602120
2080643
2080660
1278630
2080695
1405066
1295385
2080596
482541
1646576
2080875
1274155
211841
1134655
2080933
2080952
1588143
1068066
2080593
1949222
1957777
2080978
1215840
1363216
1097735
2023039
2081045
2081085
1535407
2081047
2081158
1282160
1377322
177204
2081182
283570
1166951
2081229
964039
2081279
2081302
2081265
1755611
1003345
669794
2079314
2081351
1820
1893313
2081374
2081364
999156
2047498
416053
1127887
2081415
1824169
2081434
2081401
1384816
1963712
