1003 975
1003 981
1009 1006
1009 1010
1009 980
1009 990
1009 996
1010 1006
1010 1009
1010 1029
1010 980
1010 987
1010 990
1010 996
1029 1006
1029 1009
1029 1010
1029 987
1029 990
1029 996
975 1003
980 1006
980 1009
980 990
980 996
981 1003
981 1006
981 983
983 1003
983 1006
983 981
983 990
985 1006
985 980
985 996
987 1006
987 1009
987 1010
987 1029
987 990
990 1006
990 1009
990 1010
990 1029
990 980
990 987
990 996
996 1006
996 1009
996 1010
996 980
996 990
