93536
88047
97756
06810
98310
08096
76177
72653
92612
92069
29209
84321
39564
95864
12009
27513
48083
91204
33970
15116
32068
78229
34638
70668
24019
29671
81001
43204
30066
93277
76201
26241
97526
80751
42724
98642
85281
78750
27103
45449
08065
44622
13219
22407
33178
86326
85044
32514
22015
46350
77071
82801
22079
27516
60102
67133
95935
43065
90631
62301
45322
27606
58103
04274
01060
98366
01801
67060
14424
70570
67211
85203
85641
36832
06615
85546
77573
80906
53083
28054
27801
77706
31217
43113
90623
46143
48188
59718
78233
27534
85715
84065
73651
34113
93720
37887
80422
10024
33060
44004
47032
75650
76123
75287
43617
89403
92596
75474
93023
79904
84121
18831
95123
76522
49858
32526
43201
12740
38730
30680
11230
70115
75247
94558
10583
57006
37854
45669
04210
06461
22436
27103
40119
16335
31763
32701
37920
08865
68845
78411
13212
92101
02446
85324
97229
16801
98563
38356
91942
72908
44147
32606
45449
70726
59255
16311
63141
18040
25177
29414
63114
49321
94507
12203
77878
27127
31904
65336
79070
74041
38305
38261
16613
63368
95679
06770
36117
97401
66611
48240
07728
95616
48122
72677
48130
29681
15613
17055
68106
67005
57719
75035
24502
86333
85122
12020
20636
68450
09123
29485
80134
33417
75150
46807
30350
99517
31548
14150
98270
63125
37379
42256
76901
44720
26452
95747
55433
49002
17569
75935
32080
10993
03458
99504
92081
72019
13204
79830
31907
37660
29576
56215
93662
92582
17057
21222
44138
87120
97477
08638
59804
22030
10924
86314
66762
46151
40213
33604
75452
04736
58324
28037
77044
63069
28025
72653
94117
80863
01010
70711
46803
69361
78239
68502
85205
53220
31098
45120
95370
91711
33308
85206
23860
33647
75159
47150
64152
42071
18534
18344
77619
72730
83869
33709
89131
22192
93654
14301
48239
75771
76705
80640
20115
49302
85142
08332
60527
90046
28021
00966
11703
31088
66604
40509
34638
17901
89108
23061
81147
27589
87109
30068
83704
30560
61530
83704
06762
35634
46750
60177
31069
98807
41076
66220
34606
22204
78006
54601
15202
78390
53901
38261
14425
33905
44129
92107
04103
37681
43701
55125
45154
83704
02653
79904
28146
70390
75189
72672
68510
88310
92105
87121
15236
35045
60901
03819
90713
85635
23503
48439
06484
98626
37067
48532
68506
65301
97420
39474
35976
44720
87025
83687
20850
10923
71292
15129
30305
98168
77459
17315
39466
83401
30096
42301
19943
52240
61265
52761
33175
60513
12822
07821
44146
90260
20720
76450
61443
72855
78372
22025
48706
59808
33458
37042
97213
11755
42069
98332
73159
48198
46037
06484
74063
89135
71929
98036
66203
18951
84405
76180
02446
89183
30114
95765
23518
48026
17740
29569
43055
17724
12110
48105
66604
32202
99504
30265
32459
57104
76527
08872
80906
33760
77365
97058
44203
16146
89148
81230
01913
44134
47446
87144
35950
60169
63343
95070
80923
91306
06478
40071
25070
90212
76557
93618
74956
99223
34653
95687
60442
97532
98444
37138
72633
98270
80922
27405
31322
07836
32750
45373
88101
41051
98272
34952
75248
45241
55327
98371
37922
64050
64628
57105
26034
23693
33433
29130
33611
12065
90066
85128
85301
15438
61103
83440
46928
62703
54452
97471
44047
15106
92544
34288
29710
44273
27613
86409
53189
48017
90004
49221
38863
72032
80108
14482
15642
93306
98295
30363
21157
97223
48821
98155
78230
43068
45255
45381
15954
66204
22406
58504
55025
32352
02093
14850
47150
17406
23086
02019
23818
37804
30126
16865
99223
61111
17752
75491
64133
78746
80231
06851
45424
77385
16921
99654
84414
46307
28642
06483
84005
30019
25427
32465
53538
71439
30149
55720
97006
79925
62557
05821
02642
77422
23707
16335
38575
37122
44024
10535
64772
97504
32779
04005
29617
79733
17702
48185
30021
33431
37043
85342
43609
78022
02149
73096
79413
75038
92065
16830
29640
26062
68847
22042
93436
80021
29646
96720
10021
18324
42262
73034
65401
10965
31060
13203
34232
31028
02301
73013
16428
68822
08648
77584
43569
98390
06790
60616
27526
14760
78602
60060
15627
37148
46143
06339
18436
43147
23117
56001
85635
60102
27360
37830
15045
55434
54481
75088
43338
03054
48377
53924
76148
41729
68133
47001
99615
64064
11961
21224
17901
03753
26330
68360
33458
36527
85353
47122
72801
78712
77375
31808
28544
94509
85745
78223
95610
17241
30101
44077
99021
11768
97225
82072
92065
37355
62526
92705
27560
16803
98034
76710
49690
35045
33709
93030
30017
23015
53004
77845
02780
55959
01748
79922
39179
98662
79930
99208
97457
63114
75756
18062
86047
19020
06811
48103
48080
42056
60154
31701
20735
96094
15057
08230
75140
92392
22315
97471
23464
64730
07979
17222
77546
42211
28412
80304
37601
67731
20187
70512
29609
53132
84629
45013
11735
23005
53577
43130
21701
62863
84121
83607
28227
53154
15445
27301
06776
08822
88101
21771
08210
98294
63801
30461
20653
80134
17815
08872
45042
99501
72019
25260
59802
24175
53150
85118
11375
77630
78657
55411
17821
33830
62521
17516
64146
96785
60193
80010
87111
20181
90034
86004
63118
07204
14616
80232
36804
20740
84642
17112
84121
15216
76132
37664
12304
14722
67218
55123
37710
60014
39525
85284
97222
32720
59601
25510
40245
89178
21078
28348
73054
38573
21114
33830
99022
08055
28314
32065
33405
06010
32308
43085
85022
85143
33625
62060
