79705
64733
05158
32127
46161
41702
60073
63376
03102
33901
70634
23139
56336
27410
61726
79938
01464
83501
19046
46227
71104
89108
78109
58503
75140
37664
61285
73162
27205
45874
19702
01463
92025
46534
84074
46902
67010
97321
77536
34231
56241
30504
68504
10940
21755
28469
60630
12528
29160
28348
35579
77410
01420
04280
33073
65781
19096
46218
48438
15147
73064
76905
56303
74012
75089
69001
10536
32962
29555
56721
51001
93004
40119
34209
37129
89406
36330
38060
97266
74455
46580
06418
37379
60423
32934
85119
92618
53154
98028
19460
98604
29439
15436
84092
03062
30541
68112
28086
47374
74107
29696
04084
68418
95682
98387
83876
84720
38103
28348
77351
75035
32438
93711
01475
36580
80910
92503
61705
26525
19425
75229
44691
46041
83854
72422
92058
78245
95662
37601
60126
55376
29532
08826
22193
92505
48166
26554
03901
84101
56360
17257
47150
89121
14304
23464
06712
48892
17517
80224
63376
02492
33991
34744
73069
44216
40214
99925
72758
61319
48323
19074
70764
43014
73052
56381
76119
53213
33055
22172
75042
42328
80012
84028
10552
82834
37308
95357
46041
10314
98106
83201
58761
85032
64133
08088
95966
37122
99503
89460
93309
04347
29640
98444
80744
23083
43219
20695
83318
85707
46544
36869
20678
91773
21915
31550
34134
32548
26354
97526
25314
20715
93033
95370
85365
97051
92423
36092
45068
22180
12010
59404
93630
32539
95662
40291
46060
89084
46561
28905
42223
30223
59029
24540
72081
95618
08562
63766
98556
92881
31763
56636
61008
70401
98663
77479
70647
59501
80004
92405
70582
92663
45036
42776
58201
32569
92344
50228
73669
09063
84074
64106
77346
83634
66002
83113
33028
94546
16735
37191
42732
23608
28562
48603
93657
73036
34436
46405
33896
15216
28391
50325
12009
33433
27051
63031
05641
70438
70535
30240
26807
41101
35581
56267
77905
16506
44691
33071
42653
80910
02744
73140
51351
37803
73018
90505
92391
48186
99688
03225
95822
80229
06516
62241
20607
61103
94541
38053
98375
32174
95567
06890
99336
19054
05871
78155
80623
26347
36539
27215
37659
33708
37066
37160
02132
31206
16602
17225
15956
39531
66741
07660
64494
92084
86336
41230
71360
75243
06402
04110
02777
82601
37153
60901
60475
47424
04450
94580
34957
28277
20155
62476
77070
32180
17740
98467
77535
01082
73020
36559
14222
39426
56601
34113
63080
12804
76116
30101
84065
28518
82009
98229
22652
95685
75603
48866
70816
40744
07645
36863
09382
31093
06418
71474
72764
33569
16823
55352
02333
84043
50595
75567
04459
97498
48089
50511
19565
27350
60177
44846
76543
07035
85006
98075
90717
53214
55445
44321
17350
23454
53115
85326
32073
47240
78664
74365
53222
98273
99207
44107
71903
85128
46970
77502
68128
13203
38133
87020
28613
66215
28451
55129
13786
33614
19713
27025
60417
48161
72104
92310
42754
65202
12189
97367
45383
16929
83540
98577
92823
97045
33322
33154
78125
65101
23867
84095
84648
51563
32244
34604
43320
48186
76801
33461
82301
89408
92108
32506
85353
77379
63376
99352
65583
23226
83406
42602
15320
35504
91024
35956
64501
08048
06013
55391
46733
96002
45120
42333
74801
56401
32207
29148
06447
02719
43844
15905
89060
32566
93960
21218
17017
44012
61531
99403
75098
44837
32086
94941
79906
70460
78112
83402
03060
27302
85023
13032
22963
80916
21128
06066
29369
48154
