21209
45377
80521
85308
29229
68503
11758
02780
37642
77551
98028
33401
80241
80465
20109
84067
44321
43701
91740
84404
27106
92508
41169
43235
65807
76063
76016
33609
65101
32220
95111
33015
34655
34639
90808
73703
97015
78572
92683
63031
87144
03857
83714
98801
98029
77005
60481
12946
30506
98626
85396
41759
20016
92543
76033
85128
28574
06489
28540
84081
98103
15824
34608
98466
02333
30060
32536
78247
76021
33010
37042
30233
60637
72756
23072
73170
32246
98249
35758
77901
77327
22554
31419
28348
18201
97267
83854
80222
59901
32579
28574
78240
40744
84041
85118
83709
92109
02891
23805
44134
28115
89014
83686
36693
64055
89143
84660
30041
99505
85635
15801
60115
82009
62626
18052
97301
99336
01020
23434
75416
65202
85374
30547
32583
11218
73505
77573
20877
83854
20112
67025
32738
95008
44278
70546
72401
32701
71104
33304
20762
45140
48188
45150
34639
83843
63376
27613
75060
76016
27596
66212
55008
49346
84070
42701
69001
21234
62301
64050
45385
81224
94122
75052
48340
91307
02053
49507
84601
65742
73456
32526
44321
77015
79821
78254
98270
75771
92071
60586
33042
37128
20878
76643
84044
33626
14774
30102
44135
85546
84078
48657
38501
39573
80128
97006
58201
42301
63044
72076
80226
96204
93405
66062
91752
67801
89183
35235
18411
93437
31909
74464
43560
64063
32566
23434
33414
62450
02061
77511
98203
80017
49341
45377
33322
30135
84065
51301
44432
18419
98195
15824
53219
72956
64055
27834
01028
21114
54129
53012
32257
21037
46237
35007
52317
20147
76137
83835
59860
77573
32507
49546
43314
30474
47805
97080
95621
25177
32310
30046
95621
85024
55057
23832
59923
92203
79606
89048
14138
23303
19382
47523
28540
32095
07803
06074
80123
66409
62234
78046
64086
82601
59801
37757
46227
12586
77573
98391
65251
98026
84041
51106
63130
55434
75253
93645
30240
98023
98230
55378
73741
29485
92395
50702
19120
04240
83704
93551
89801
97305
92672
62837
48842
06489
11385
85635
29615
85024
32931
77365
60506
70435
45458
33711
43130
80031
56003
60420
78249
32244
01516
27360
46184
30188
80928
33527
95124
37804
76227
06374
93908
68845
33185
27520
97321
55106
50616
33401
80017
85248
78220
39503
04105
60194
80723
28518
19152
97838
04275
79607
32305
46220
73077
72417
94582
43219
84117
32829
17701
63090
94565
23452
03104
46385
48858
35952
18240
80212
92027
47714
48239
30215
81008
03465
37807
66202
53214
92823
45247
01077
21154
76179
97051
65610
72756
48439
80903
48421
75165
94619
97408
23462
76522
02806
85615
33433
84405
34769
37214
78240
40504
38320
37191
66056
12582
33157
38008
84010
80922
45013
43228
90713
95472
33025
95630
60089
69361
98277
85044
30533
49686
80918
85707
84118
12409
75901
70118
58721
99206
48827
89119
93704
85367
80601
85286
32309
86046
48310
20755
29536
12962
99352
89108
92154
45459
23508
92054
89506
27513
28584
23432
17078
