61455
97045
02169
46755
79106
87401
11357
59722
99507
46260
07039
18328
53024
10956
04042
42134
73099
73099
85044
41101
13903
85365
94110
14569
74337
30290
53183
86001
27519
17011
19355
49022
81233
98422
53954
61231
14760
29662
90042
65203
11967
30120
79424
37146
39773
64029
33618
19702
19135
10977
63017
18015
45347
48047
35811
77301
61065
76063
11201
98117
75119
60139
86001
87112
99163
74857
77007
45373
67005
15068
46321
78154
80233
97202
80128
56601
21075
35811
24323
02726
15227
84074
70508
45821
15063
30710
45377
84124
89129
28409
49315
73521
47952
74134
59602
22302
32205
06450
33139
48446
58601
30101
25704
78840
89410
40601
78028
78251
94563
04401
30005
46120
61201
79756
98501
98204
28906
65542
53704
49053
77340
23236
43123
44022
48080
76063
23231
21215
77082
62821
46526
89436
29640
10520
95076
85345
44143
66109
19901
81050
90292
77075
72921
97214
48371
99336
48381
29710
37601
19446
90504
55107
33913
91329
77505
64701
52240
39042
14040
01923
39074
19958
48146
45656
20653
89015
30906
19087
37738
27106
01119
37846
62095
73507
85925
93063
37356
03908
87111
40242
72734
56303
99218
87111
75166
54216
44663
35741
30513
91320
46970
80817
96714
40218
72364
80538
56572
22193
79351
76148
98528
99006
14609
89410
44442
33304
34737
22701
28090
75853
97479
72081
28562
34475
92683
80503
85283
08742
35802
42345
95240
90242
47037
99212
98277
48316
84004
22442
79072
47408
11735
98422
80916
98012
18052
10925
60540
83646
08087
93021
92307
65786
46356
06787
21742
18419
27263
80013
27981
22031
20155
85705
09459
43402
33179
29630
82716
58102
58040
77562
02816
98275
90274
34116
19943
28262
15946
92683
34747
78642
55371
46901
80108
61534
32259
55306
77545
22060
98439
28739
14903
67212
27278
85326
60518
07036
23454
32137
66502
07726
61821
20740
20695
45895
32533
84109
75149
98019
30265
28673
46160
63366
55040
44667
54017
02743
29910
47403
06260
43140
79124
80020
55128
49461
01960
93619
75006
62446
35811
70435
97641
27041
84401
20707
33436
60560
07871
68801
46530
62223
29073
46953
50158
38967
60047
37130
74829
36113
77469
55963
95125
29067
18837
76112
79922
07410
19808
99338
39503
88012
23430
77461
02538
15301
75006
32305
75189
84326
29702
11782
53045
93245
29388
24354
30752
60180
23061
84106
24482
98178
33607
89108
76513
98682
58103
84601
25148
55811
13167
85044
50647
76905
47401
24701
15239
45040
49307
95531
45150
47201
43044
80233
44483
53089
08759
84021
95826
76484
70601
98444
04924
24151
85119
62650
98597
95726
02451
47591
78249
92126
30013
18235
41169
30518
48891
28722
33331
80210
85051
67124
03470
22030
06040
95337
44070
37040
43128
32226
39208
30517
95357
93292
23454
67357
98168
75068
32905
50111
11370
44657
58341
63020
32257
84057
67207
45311
27235
49032
70706
