90113   0
16387   1
8200    0
16394   0
90124   1
13      3
65550   1
7911    0
57364   1
57367   1
8217    0
49186   1
35      1
65572   1
57381   1
42      1
41004   1
28680   0
49206   1
49218   1
57411   1
106565  1
24649   0
57418   1
81999   0
57425   1
65622   1
32855   0
16472   0
41055   0
49251   1
8292    1
106597  1
57452   0
49262   1
49265   0
106612  1
32885   0
106615  1
98429   1
41089   1
55379   1
32899   1
41093   1
24713   0
98444   1
106641  1
16534   1
98456   1
106651  1
57501   1
98470   1
8359    0
68295   0
173     0
90289   0
188     0
106689  1
194     2
106694  1
32972   1
98516   1
98523   1
98531   1
106724  1
57574   1
41191   0
65777   1
41204   1
41205   1
33015   1
8440    3
82172   1
106752  1
49410   0
31446   0
73995   1
106765  1
41233   1
106770  1
45102   1
90392   0
16670   2
49443   1
106790  1
24872   3
41257   1
4146    3
49456   1
12831   0
106812  1
33085   1
41280   3
41284   1
33101   1
8537    0
98650   1
41310   1
41312   1
57699   1
54674   1
41334   0
98689   1
106891  1
102466  1
49550   1
16785   0
41363   1
27374   0
8605    3
8613    0
49575   1
8621    0
74160   0
49604   0
25030   1
65992   1
49611   0
41425   3
49618   1
467     2
106966  1
57823   1
74213   0
106982  1
41456   0
16887   1
8697    3
98811   1
33278   1
33279   3
8704    0
8705    0
16470   0
57862   0
76545   1
521     3
73816   0
82452   1
82458   0
98845   1
8736    0
25122   3
33320   1
107054  1
98864   1
25137   0
8754    1
57909   1
16916   0
5557    0
41537   0
107075  1
82502   1
107084  1
25166   3
41551   0
90705   1
98898   1
107093  1
98905   1
8794    0
107104  1
16994   3
27409   3
57962   1
8811    3
17005   0
98928   1
41587   3
57974   1
66174   0
98946   1
17028   0
41609   1
107153  1
90776   1
98969   1
33448   1
25262   0
25263   1
107187  1
41654   1
49847   1
69037   1
25276   3
107200  1
99010   1
107207  1
712     0
57463   0
58063   1
66257   1
66258   1
49877   0
25306   3
95695   1
65492   0
33515   3
75218   1
41710   0
8943    0
33536   1
49922   0
58118   1
58120   1
41741   0
107280  1
791     2
107288  1
41757   0
49953   0
107298  1
33574   0
99111   1
33577   1
99114   1
33584   1
66361   0
17212   2
107326  1
25409   0
33602   0
99139   1
58180   0
41799   1
99151   1
848     2
41809   0
42467   0
50008   0
107353  1
41821   3
99166   1
58216   1
99180   1
107373  1
879     2
17269   2
9078    0
99193   1
17274   3
24726   2
41872   1
32920   0
17302   1
41879   0
50084   1
86423   0
8349    0
9138    3
9142    0
30196   0
50108   1
9150    2
17346   3
50119   0
91082   0
9167    3
99281   1
41944   0
41946   0
58331   1
107484  1
17375   2
17377   1
58343   1
74728   1
46588   3
50154   0
41964   1
9197    3
25584   1
58354   1
99315   1
58360   1
99325   1
58367   1
17412   2
9221    3
91151   0
74775   1
1050    2
82688   1
99365   1
25638   0
107562  1
50219   1
33836   0
91181   1
9267    3
42038   1
99383   1
99385   1
9274    3
17469   0
7674    0
107590  1
99404   1
2914    3
1108    0
66646   1
99416   1
9305    0
58458   1
17499   0
107613  1
17503   2
4283    3
99428   1
33893   1
50278   1
33897   0
9330    2
72553   0
66683   0
107646  1
107652  1
42119   1
107659  1
25740   3
105325  1
1168    0
58514   1
71194   0
58533   1
25768   1
50346   1
58539   0
105061  1
50356   1
50361   1
58557   1
99522   1
1220    2
66759   1
45261   1
107732  1
50392   1
25817   2
107740  1
17633   0
66786   1
42211   3
91367   0
34026   0
58603   1
83181   1
94419   1
99573   1
58614   1
25847   0
41172   0
107771  1
17663   3
99586   1
42246   0
42254   3
50455   1
42264   0
42266   3
83229   0
91422   1
107807  1
50470   0
99633   1
25906   3
50484   1
9526    0
25914   3
43914   0
34111   0
83267   0
42312   0
1354    3
83282   1
1364    3
107862  1
54842   0
99679   0
107873  1
107875  1
9572    0
34156   0
1394    2
30270   0
25977   3
17788   0
91519   1
42371   0
25990   3
58945   1
9610    3
42379   3
9613    0
83342   1
42383   3
99730   1
107923  1
17820   0
26014   3
42401   3
107938  1
1444    0
58790   1
83370   0
26032   2
58803   1
34231   3
50621   3
42436   0
34245   0
1487    3
34257   1
17874   2
34259   1
26069   0
107990  1
99801   1
1498    0
58698   0
58845   1
91615   0
108003  1
1508    0
26087   0
35512   0
9724    2
17920   2
17931   3
34322   3
99859   1
50711   1
1565    0
58912   0
9761    0
108068  1
1573    2
42535   0
26157   0
67120   1
108084  1
99893   1
42550   0
108087  1
58937   1
1601    2
108106  1
108113  0
50787   3
34391   0
91739   0
99939   1
99940   1
108133  1
67180   0
58992   0
99954   1
50803   1
108150  1
56521   1
42619   3
34430   0
91776   0
108162  1
99971   1
108169  1
43970   1
50831   1
108177  1
1682    0
99988   1
26268   2
91805   1
108190  1
59046   1
18088   0
83625   0
108203  1
42668   0
108146  1
34478   3
42672   1
108214  1
1723    0
67268   1
99958   1
100041  1
50893   0
100048  1
90403   0
18132   3
26326   0
108247  1
26329   3
83674   1
91868   0
26335   1
1760    2
294     2
18150   0
100071  1
108273  1
34548   3
42741   1
108282  1
50939   0
108284  1
91903   0
50945   1
50947   0
1796    3
43705   0
83724   1
42767   0
43992   0
26390   2
42781   3
42783   0
91937   1
108327  1
41251   0
83756   0
59183   0
42802   1
26419   2
45365   3
26441   3
100179  1
51033   0
26459   3
10085   0
108390  1
34663   0
51048   1
18281   2
10090   3
59243   1
45374   3
108415  1
100224  1
42881   0
42883   0
26505   2
83855   0
1938    0
108438  1
108443  1
59299   0
42930   0
5790    2
67511   1
34746   1
26556   0
10173   2
100286  1
34751   0
67521   0
1988    0
34757   0
51146   1
108495  1
42961   3
83928   0
34777   3
10205   3
59358   1
42976   0
100322  1
51174   3
108519  1
100328  1
108524  1
2029    2
2030    2
5800    0
18428   0
92158   0
51199   3
100358  1
10247   2
83978   1
51218   0
43028   1
31166   0
2072    3
43034   0
51228   0
106842  1
43039   1
108577  1
2084    3
18469   0
18471   3
44039   1
75824   0
108593  1
84020   0
108600  1
51259   0
18493   2
18495   2
75840   1
84040   1
84046   1
100435  1
34904   1
108637  1
43102   0
59495   1
92265   1
2159    3
43125   0
26743   2
100472  1
43129   0
10362   2
43133   0
43135   0
26754   2
59526   0
108684  1
43150   0
43154   1
108692  1
100503  1
100505  1
100507  1
43167   3
10401   2
75944   1
43177   1
59562   0
59566   1
26805   0
2230    0
59081   1
2232    2
52994   0
108733  1
59583   1
18626   0
43447   0
18637   0
51410   3
10452   0
38606   0
42902   0
107006  1
38607   0
2269    2
43230   2
18655   3
43232   1
42704   3
43237   0
100562  1
51439   0
108785  1
43252   0
26870   0
10488   0
92410   0
108795  1
51454   3
84225   0
26882   0
108811  1
100620  1
100625  1
15406   3
42713   0
100635  1
108833  1
92450   0
35112   0
100650  1
76076   1
43309   0
51502   3
100660  1
92475   0
10561   0
84291   0
2373    2
51529   1
2378    0
10574   0
100691  1
100695  1
51555   0
100709  1
10601   0
26990   3
35183   3
45635   3
108419  1
27002   0
18811   2
100735  1
67973   1
44097   0
45463   3
100750  1
35216   0
18834   0
2452    2
10647   0
59804   1
18845   3
2462    0
35909   2
100770  1
3142    0
84401   0
30907   0
18871   2
18877   0
43454   3
27074   3
100805  1
35272   0
18889   2
10701   3
51662   0
51667   3
43489   2
86438   0
2534    0
100841  1
56646   0
35310   0
59897   3
43514   0
100865  1
68107   0
84493   0
429     2
18961   3
51751   3
35369   2
43562   0
51755   0
76344   0
43585   3
51786   3
43595   0
35406   0
35409   2
105571  0
76373   0
35415   0
43611   0
100957  1
2662    0
19048   3
61884   1
100973  1
100974  1
10864   0
53827   0
27251   3
100980  1
10872   3
43642   0
2684    3
43189   0
76420   1
2694    3
52719   0
107839  1
101010  1
27284   3
92823   0
43672   0
43681   0
10926   0
22301   0
19121   3
84664   0
11380   2
35514   0
35520   3
27331   0
35527   2
35528   0
7287    2
27343   0
51923   0
43736   3
51929   1
43192   3
101087  1
101090  1
101091  1
2788    0
84717   0
43758   0
49619   0
27386   3
37333   0
11009   2
43781   3
60545   1
51980   0
76557   1
35601   0
101139  1
43798   0
35610   0
101147  1
27420   3
2851    2
11045   3
101159  0
2856    0
84777   0
2859    2
27446   3
101178  1
2884    3
27465   2
11084   0
2895    2
84822   0
93020   0
19298   0
52069   0
43880   3
101226  3
68459   1
27501   0
19315   2
52086   3
35703   2
68472   1
68476   0
93056   1
84866   1
48278   0
19337   3
68490   1
43916   0
43918   2
55746   3
52115   0
52119   0
52121   0
60314   0
45551   2
43933   0
19362   0
35755   2
52142   3
101299  1
35764   3
93109   0
35766   2
27575   0
35770   0
52155   0
68545   1
27586   2
52169   3
19403   2
52177   0
52178   1
43987   2
101335  1
101336  1
93146   0
35805   3
11232   0
3041    2
27621   3
35814   0
27627   3
44017   0
8702    2
19449   3
52226   0
19462   0
19463   0
52233   0
93196   1
19473   3
101397  1
85014   1
11287   0
68633   0
101402  1
27677   2
52259   2
35878   3
98823   1
52268   0
11309   2
19505   0
44593   0
52279   0
44090   3
101435  1
19521   0
44101   3
35910   0
101450  0
11340   2
52302   3
19537   2
85080   0
46949   0
101473  1
11363   0
34662   0
52334   3
52336   3
101492  1
23742   0
19575   0
101497  1
52353   3
76933   3
44176   3
39115   0
101528  1
101529  1
27821   2
65303   3
52403   0
36022   3
97481   0
101563  1
6005    0
93376   0
36034   3
40140   0
3280    3
52434   3
52438   1
44249   2
3293    2
27870   3
19679   2
52432   0
11495   0
52458   3
3282    3
59263   3
11528   2
53869   0
101649  1
60691   1
44309   2
52213   0
52508   3
77087   3
19744   3
27940   3
11562   0
68907   1
36140   3
44334   3
19763   0
101598  1
3382    3
85303   1
36153   2
52540   0
27969   0
15585   3
19787   3
60748   3
52564   3
19798   2
27992   0
68956   0
3421    2
93535   0
73237   0
11624   2
101741  1
101748  1
44405   0
85366   0
28030   0
101759  1
36227   3
59286   1
101767  1
44427   2
93582   0
3471    0
28049   3
12867   3
44443   2
37885   2
85410   0
22427   3
44452   3
52647   0
85420   3
44461   0
44463   3
77232   1
52660   0
96159   0
93628   3
101821  1
36286   0
28097   2
77250   3
11716   2
14302   0
53836   0
36300   0
36309   3
52695   0
11738   2
19936   0
3554    2
69094   1
85479   0
93672   0
101869  1
44527   3
28144   0
77298   0
52729   0
36346   3
93695   1
52737   1
36356   3
28166   3
3592    3
101899  3
28172   2
52755   0
52757   0
28185   2
28192   3
60965   0
104369  1
3624    0
93737   0
101931  1
28204   0
44589   3
36398   0
93448   0
77365   0
3640    0
44602   1
85564   0
20033   0
11842   0
52803   1
44612   2
77383   1
84957   0
51127   0
77388   0
52818   0
36435   0
44630   3
20057   0
101979  1
3678    2
61023   1
52832   0
101988  1
28262   0
93807   0
36467   0
20084   2
52853   3
28285   3
69246   1
44672   3
44675   0
85639   1
11916   3
91506   0
36495   3
44690   0
44699   2
102044  1
44701   3
36510   2
11944   3
102063  1
29299   0
69304   1
26570   0
28350   2
52929   3
85702   0
61128   0
11979   3
77518   0
52946   3
28380   2
44770   0
69347   1
93927   3
102121  0
52971   0
3820    3
36589   2
85742   0
3824    2
12023   2
94847   0
3842    2
77099   1
20228   2
44808   2
69385   3
77584   3
53011   0
85780   1
44821   2
44823   3
3864    0
36637   0
44830   0
105150  0
12069   2
85798   0
53033   0
14301   0
88030   0
3895    2
53052   1
53053   0
69441   1
26590   0
53900   3
85836   0
45709   3
77649   1
20307   2
3924    3
45711   3
21135   3
69470   3
102239  1
20321   2
12130   2
21408   0
102245  1
61287   0
94059   0
3948    3
10216   0
44916   0
102264  1
107160  1
12184   0
102307  1
102309  1
94119   3
102319  0
94130   0
4019    3
20405   0
94134   0
53176   0
28601   2
61372   0
69571   3
94148   0
70305   0
102355  1
45017   2
102363  1
28639   3
53220   0
4774    0
34812   0
86062   0
69612   1
69622   3
45047   3
69627   0
53254   3
45063   2
53256   3
45076   0
20506   0
41647   2
94237   1
102430  0
28709   0
102439  3
53294   3
102448  3
53298   1
102451  3
45114   0
69692   1
53312   3
20546   2
104459  3
86084   1
102470  1
12360   0
28745   2
102476  1
37510   0
45152   0
102501  1
53351   0
23911   0
61551   3
12413   2
4229    2
45191   3
20621   2
44397   3
10264   0
86162   3
69783   0
22555   0
77993   3
8903    2
53422   3
20663   3
86203   1
102591  1
12481   0
37062   2
86221   1
90919   0
12495   3
89464   0
86227   0
45268   0
86229   0
66255   0
86239   0
53474   0
45290   0
43047   2
32125   0
45299   3
53503   0
102658  1
94467   1
12555   2
78092   0
102669  1
94478   0
86292   1
28951   3
102688  0
45348   0
105862  1
34244   3
45358   3
102709  1
78139   1
102718  1
69003   0
37182   3
102725  1
53575   0
102728  1
102744  1
61793   0
78178   0
53606   3
53611   3
86386   0
12661   2
102774  0
108607  1
45436   0
61823   0
12672   2
37252   3
61832   0
53644   2
94605   0
86415   0
29072   3
78230   0
52524   2
53661   3
53670   0
102828  1
45493   3
12726   2
37305   2
102844  0
53693   2
53694   0
4554    0
37330   2
94675   1
86485   3
20952   2
29148   0
37344   0
86497   0
35642   3
45541   2
11687   2
86508   0
21245   2
12785   2
75859   3
70139   0
61948   0
102913  1
29187   2
94724   3
37382   2
102921  1
21002   2
53771   0
41730   0
12814   3
86543   0
12821   2
86554   3
37404   3
92082   1
52656   0
29221   2
78377   1
12844   0
45613   2
53806   3
74504   1
15795   2
62005   0
102966  3
21051   2
53826   0
103179  3
53834   2
86604   1
45646   3
45649   0
86613   0
37477   0
78439   3
70253   2
37486   2
86641   1
103027  1
86647   0
37503   3
78465   0
70276   0
103045  1
45702   2
85441   0
37512   0
45707   3
103052  1
28098   2
37519   0
78480   0
21137   2
37522   2
103073  3
86690   3
53926   3
53929   0
50351   0
53934   2
45748   2
103093  1
56778   2
103106  3
4803    2
53960   0
53973   3
37594   0
4832    2
78564   3
103143  1
45801   3
53995   3
37612   2
86766   0
103153  1
37629   3
103168  1
4867    3
4875    2
54028   0
94993   0
94995   0
94996   3
21275   2
23622   2
78625   0
86820   3
70438   0
45863   3
86831   0
37680   3
70449   0
37685   2
45889   3
86851   1
51342   3
45913   0
54110   0
45922   2
86885   1
37735   0
101863  0
103280  1
19944   0
3712    0
37758   0
13184   0
37762   0
97771   0
86916   1
103303  1
5006    3
86929   0
73198   0
86934   0
37784   2
45979   0
21405   2
54176   3
54399   2
21428   3
13238   2
86967   0
51359   2
29632   0
21441   2
95181   0
54227   0
5078    3
54236   3
29661   3
47934   0
37856   2
103404  1
70638   0
87024   0
29685   2
46071   2
29693   2
103427  0
95238   0
89601   0
46097   2
99161   0
103448  1
28164   2
54301   2
87074   0
46115   3
37270   0
103464  3
29738   3
103467  1
103471  1
90974   0
103478  3
29752   3
21567   0
34998   0
46151   3
46152   3
60940   0
54346   2
78923   3
37967   0
108728  1
103506  0
71867   0
54376   3
78953   0
54382   0
13431   2
108735  3
29821   2
54398   0
89621   0
54414   3
103569  0
46231   3
87192   1
38041   0
54429   3
87198   0
38047   3
46240   3
37744   0
54436   0
46245   2
103590  1
13480   0
54444   3
5299    0
21685   0
13494   0
87229   0
95422   0
94581   0
104651  0
54470   3
29898   0
46283   2
87244   0
79053   0
38098   0
103636  1
46293   2
46295   0
70873   3
54491   3
46300   2
54497   0
38120   3
13546   2
79083   0
108754  3
103670  3
5368    2
70906   3
21763   2
38148   3
46341   2
62728   2
87306   0
29965   3
29968   2
35914   2
5398    0
46360   2
58245   0
46368   3
46370   2
38180   2
54565   0
38183   2
38186   0
103723  1
54573   3
54575   3
13616   2
38194   3
103735  1
5439    2
70976   3
100576  3
95556   0
92385   0
87372   0
79182   0
62801   3
21844   0
54613   0
54615   3
5465    2
30043   0
103773  1
95584   0
95589   0
79209   0
54634   3
13682   3
38259   2
58831   0
85291   0
103803  3
54652   0
48704   2
21898   2
52802   0
38289   3
13714   3
30099   3
54676   2
13719   2
13724   3
54687   0
87456   3
103846  1
46505   0
46506   2
21932   2
46513   0
21938   2
46517   0
2292    0
103873  3
62921   3
38349   0
54735   2
103915  1
5614    0
47357   2
103924  3
46581   0
71162   0
22012   2
103933  1
46591   2
103948  1
103953  3
54805   0
71190   3
54810   3
95773   3
46622   0
103969  1
22061   2
46646   3
71226   2
103998  3
104001  1
21430   2
5702    2
22099   2
104029  0
5727    2
104033  1
63076   3
54892   0
22132   0
82878   3
30333   2
46735   0
5777    0
79510   0
50230   0
54942   2
13992   2
13996   2
46765   0
79537   0
54966   0
5825    2
38602   0
18722   0
14030   2
46799   2
46800   0
22230   0
30424   3
22233   2
41935   2
22243   0
95975   0
55017   0
38992   0
38646   0
55033   3
85632   0
46851   0
38660   0
55055   0
46865   2
67886   0
96026   0
46877   0
14112   3
87842   0
14115   0
55076   0
5925    2
5929    0
69255   3
46046   0
46904   2
63290   0
46908   0
46918   2
46919   2
38728   0
16012   0
30545   0
46930   2
5973    0
96087   0
22364   2
55134   0
14180   2
71525   0
79718   2
104302  1
39230   0
30584   3
46980   3
71560   0
87945   0
104333  3
104342  1
47002   2
29116   0
47004   3
55621   3
14249   2
6060    2
22449   2
63410   3
104374  1
6073    3
71612   3
104383  1
30662   0
55239   2
30684   2
38877   2
71646   3
6111    2
38881   2
14309   0
22510   2
25597   2
71664   2
71670   0
96248   0
22529   0
88067   2
47110   2
96263   0
47115   2
104461  0
104464  1
55317   3
38937   3
55322   0
47131   3
55329   0
104482  1
56126   0
47140   3
88105   0
21511   0
88110   0
63542   2
14391   2
104507  1
63552   3
55368   2
104522  3
88140   0
55376   3
38995   3
40633   0
79966   0
51557   0
96355   3
22628   2
63589   3
54289   0
104554  3
96370   3
104573  1
104579  1
96389   0
39050   2
6286    3
104594  0
30869   2
14490   2
84335   3
104619  3
80056   0
6331    2
14709   2
80070   0
47304   2
88267   0
14540   3
47309   0
85710   3
39127   0
107245  1
80089   0
25637   3
63718   0
96491   3
104689  1
104690  1
104692  1
80117   2
37930   3
6401    3
104706  3
47364   3
106198  3
63756   3
55570   0
47385   2
104730  0
71964   0
47399   0
20188   0
22838   2
47417   2
63802   3
71998   2
47429   0
55622   3
80200   0
14665   2
31051   0
39245   0
96593   0
44771   2
55636   0
96601   0
55647   3
31074   2
80228   0
6504    0
47465   2
14698   0
47467   3
104821  3
55673   2
63866   0
47490   3
22915   2
104838  1
31116   2
40685   2
6544    0
6547    0
55700   3
48878   0
14745   0
22941   2
63902   0
88481   2
14754   0
31141   0
22950   3
22951   2
47530   2
6576    2
6579    0
22965   0
14774   0
63929   3
104892  1
63934   3
63937   0
47554   3
72097   2
39370   2
80333   3
80338   0
80362   0
96750   0
6646    0
47608   0
104954  1
14846   2
2131    2
64005   3
39434   2
64012   3
104973  1
104974  1
14864   2
39446   0
55834   0
47645   0
47646   2
23074   0
68017   2
72237   2
96821   0
80439   0
25695   2
105022  1
88639   0
66494   3
64073   3
39499   3
52871   0
80465   3
31317   3
31318   2
88667   2
105057  1
9318    0
47718   0
80490   3
105070  1
47729   0
72307   3
47733   2
31350   3
55931   0
39549   3
80512   3
31169   2
14984   2
105098  3
24343   0
35266   0
105118  1
105124  1
39590   3
105127  1
47784   2
96940   0
25714   3
31408   2
105142  1
105147  3
47804   3
6846    3
105152  0
56002   0
80585   0
6861    0
105174  0
47836   3
47839   3
39656   3
105196  2
105199  1
6899    2
93993   0
56058   0
105211  3
6914    2
105220  0
15110   0
105223  1
105226  0
80653   2
97039   2
105233  3
65326   2
72472   3
23322   2
39711   0
64289   2
47912   3
58503   2
15148   2
31546   2
15166   0
98101   0
105282  2
15172   3
64325   0
97098   2
56139   0
31565   3
47953   3
23378   0
23383   0
31583   2
107664  3
97127   0
28476   2
39788   2
64365   3
64366   3
56176   2
15217   3
56178   2
64379   3
23421   2
23423   2
105348  1
44865   0
64393   0
56203   2
29848   0
105363  1
39828   2
15253   2
97174   0
105370  3
15263   2
31648   0
23458   3
105379  0
31656   0
91293   0
97212   0
105405  2
39876   0
105434  1
56285   0
97246   0
97250   2
21670   2
7144    3
105450  3
31723   3
89071   0
56304   3
23542   2
48119   0
39941   2
105481  3
56330   0
7187    2
105499  1
39964   3
48157   0
48160   0
23593   3
7214    2
48176   2
7218    2
97333   0
7222    0
97340   0
105534  2
31807   0
97345   0
23620   0
72774   2
31816   0
105547  1
97358   0
40020   0
40021   0
48221   0
56414   3
97375   0
56416   0
15459   3
56420   0
27153   2
97385   0
23671   2
105592  2
40061   2
7297    2
64653   3
56466   2
40086   0
48282   2
56502   3
97463   0
72891   0
23741   0
97470   3
103627  2
105673  3
40138   2
56523   0
105676  1
55842   2
81102   2
48337   3
64728   0
42191   2
40160   2
105697  3
7395    2
48359   0
15594   0
7407    2
105712  2
51753   3
91348   3
48379   0
56577   2
32004   2
6794    2
40199   3
105744  1
97556   0
105749  1
64792   0
48409   0
89376   3
105761  2
97086   2
48420   2
17628   2
23858   0
105779  0
56630   2
56634   2
97596   2
97600   0
56642   0
15685   3
7494    2
105809  2
97630   0
48481   3
44945   2
58626   0
15728   2
97656   0
64889   0
32122   0
5354    3
40322   2
40326   2
23943   2
105867  0
23948   2
64915   3
40352   0
97698   0
56743   3
97704   2
105906  0
56755   2
23995   2
56765   3
81342   0
9461    0
7623    2
40393   3
32202   2
105932  1
97746   3
89564   0
48607   3
32229   2
97769   0
40426   2
69543   2
65004   0
15854   2
32241   2
15860   0
105975  2
97786   0
40443   3
97791   3
40449   3
36263   2
40458   2
73229   2
15893   2
65051   0
24092   0
48673   0
15906   0
24099   0
73254   3
24104   2
36786   3
11714   2
54536   3
24115   2
40510   2
32319   2
73280   0
27536   2
3804    0
24133   2
48711   2
56925   2
56926   0
47717   2
48737   2
40550   2
106088  3
15978   2
40558   3
15983   0
106097  1
32372   2
15993   2
65148   0
106110  3
32383   2
89731   0
32393   2
106122  2
40587   0
7820    2
68206   2
106135  3
106138  3
81564   3
97950   0
106145  2
106147  2
7852    2
24238   2
48817   2
19059   0
24521   2
27252   2
64117   3
57026   2
57027   0
16075   2
29986   0
106193  2
40662   2
40664   0
7898    2
106205  2
24286   2
106208  2
32484   3
24295   3
24296   2
16107   2
40684   0
24301   2
57070   2
65265   3
106452  2
106237  0
57086   3
48900   2
81878   0
16143   2
48912   3
89877   0
98070   0
53209   2
48922   2
7969    2
106274  2
48935   2
65320   0
24365   2
106286  2
32565   2
98104   0
98109   2
48959   2
89920   0
6795    2
98124   0
98127   0
98128   2
57169   0
40789   2
106341  1
106347  1
99288   2
98167   0
24443   2
8065    2
106372  2
49030   2
106377  0
73610   3
57231   2
49050   3
8100    2
81833   0
98218   2
49070   0
58696   0
40883   2
15006   2
24502   0
106428  0
98237   2
24566   0
68257   0
106441  2
106446  2
16335   2
32724   2
103758  2
98262   0
40925   2
73706   2
57323   2
90092   0
58706   0
24558   2
24559   2
24563   0
98294   3
91476   0
98299   2
57341   2


########################################################################

To unsubscribe from the PROJPETITION list, click the following link and send the email generated:

PROJPETITION-SIGNOFF-REQUEST@LISTSERV.ALBANY.EDU
