467
2859
6794
8704
8794
9142
9221
10085
14391
14665
14846
14864
18811
19462
21245
25030
25262
25409
25638
25695
26556
27420
27969
31169
32004
37512
40086
40160
41363
41654
43034
43150
44699
45922
46071
46295
46918
47399
50356
50803
52233
52268
52647
52757
53503
53693
53836
53926
54028
54429
54444
54565
54676
55621
57364
57367
57823
63937
67268
70873
70906
74775
76557
79053
85632
89601
93196
94467
96491
99166
100322
100328
100625
102744
102828
103569
105127
105779
106377
106724
106982
107288
107353
107732
