13
194
429
467
848
1050
2084
2159
2373
2684
2859
2884
3041
3421
3924
4283
4803
4832
6060
6576
6794
7187
7820
8065
8217
8697
8704
8794
8811
9142
9150
9221
9274
9526
10085
10173
10401
11944
12069
12130
12726
12821
13724
14391
14665
14846
14864
15166
15406
15795
16387
17212
17274
17874
18495
18811
18961
19048
19403
19449
19462
19473
19537
20307
20546
21002
21137
21245
21405
21428
21430
21938
22230
22915
23671
24133
24365
24559
25030
25122
25262
25306
25409
25638
25695
25714
25768
26014
26032
26419
26441
26556
26743
26870
27074
27251
27252
27284
27420
27465
27621
27627
27677
27969
28285
28350
28639
29072
29693
29738
30333
31169
31546
32004
32202
32383
32899
33278
33320
34257
34746
34777
35369
35527
35528
36034
36346
36495
36510
36589
37252
37512
37784
37967
38877
38995
39050
39590
39941
40086
40138
40160
40458
40662
41004
41055
41089
41205
41284
41363
41425
41654
41872
41964
42038
42254
42266
42383
42436
42741
42802
42961
43028
43034
43039
43102
43150
43154
43167
43642
43880
44039
44527
44589
44699
44808
44945
45017
45102
45261
45365
45436
45493
45613
45702
45711
45863
45922
46071
46097
46245
46293
46295
46360
46368
46646
46865
46918
47115
47131
47364
47399
47417
47554
47733
47836
47953
48176
48337
48420
48900
49030
49186
49575
49618
49847
50084
50346
50356
50392
50470
50803
51033
51048
51146
51410
51454
51667
51755
52069
52233
52268
52336
52524
52647
52757
52853
52946
53011
53052
53294
53503
53611
53693
53836
53926
54028
54227
54429
54444
54491
54565
54634
54652
54676
55134
55621
55673
55700
56176
56178
56414
56634
56743
57364
57367
57574
57699
57823
58216
58331
58458
58514
58533
58557
59046
59081
59583
61128
62801
63290
63929
63937
64012
64073
64365
64889
64915
65550
65622
66257
66646
66759
66786
67268
67511
68472
69304
69385
69441
69692
70638
70873
70906
70976
71964
74775
75840
76557
77250
77584
77649
78139
78439
78480
79053
80056
80338
80465
82688
83181
83674
84046
85410
85632
85639
86084
86203
86292
86485
86554
87192
88667
89601
91181
93196
94119
94134
94467
94724
96370
96491
96750
97039
98218
98262
98650
99166
99281
99315
99365
100322
100328
100505
100625
100650
100841
100865
100974
101087
101335
101598
101767
101979
101988
102063
102245
102476
102501
102728
102744
102828
102913
103303
103478
103569
103636
103915
103953
104302
104333
104482
104522
104573
104690
104973
105127
105199
105348
105370
105547
105744
105779
105932
106097
106110
106208
106377
106689
106724
106982
107288
107353
107373
107484
107613
107664
107732
107740
107990
108087
108162
108733
108785
108811
108833


########################################################################

To unsubscribe from the PROJPETITION list, click the following link and send the email generated:

PROJPETITION-SIGNOFF-REQUEST@LISTSERV.ALBANY.EDU
