61455
21209
20016
80521
68503
80241
78154
97202
77005
33139
98103
30005
60637
80222
91320
19355
94122
75052
46237
59801
60194
32244
76522
93704
98310
59722
85281
22015
04042
77573
77551
53183
27519
92596
27127
34655
03857
87111
82009
99336
70546
27613
55040
95621
19382
12586
65251
08230
02726
27596
79705
29229
13903
84404
78572
60481
73521
22302
37042
43123
87109
44022
35758
18052
85374
63376
21234
48188
32526
77562
02061
74464
96720
06074
95124
21154
80918
28584
37129
07039
22079
73099
98366
90623
63130
85044
64133
64029
91740
65101
60139
63368
92683
76901
84124
32205
40504
58601
78251
15824
77340
23236
23072
83704
73507
36693
22193
98277
60586
28262
49341
30240
92672
04105
46385
94619
73162
37379
92618
59404
33433
77007
92543
28574
33308
85345
20653
37356
83686
89143
99212
85128
73456
17406
76137
37130
30046
13167
78249
63801
27520
33401
30215
12582
70634
29209
37664
60630
76905
40119
11357
75035
47150
33991
56381
53954
61231
39773
75247
33028
48603
74857
77905
29681
44691
75035
68450
80229
80128
70711
46120
42653
45656
01119
89014
15801
72417
23434
33073
29640
75119
97532
84004
76016
42701
46970
43402
65742
92071
33042
14774
44135
30019
42301
66502
80020
15824
64055
47805
29073
23430
72801
14138
24354
93645
24701
44483
27360
30518
19152
95630
80601
41702
34209
36330
32438
14304
08088
37122
80744
89403
31763
77878
34436
63031
56601
24323
28409
75452
75771
83704
83704
62821
44278
15236
35976
62095
56303
37042
53115
89410
06478
47037
32701
23503
06787
97471
98155
55306
98439
67212
55720
75149
97504
35235
15627
20707
07803
11782
29615
85024
47591
79607
95337
32127
46161
10940
10536
97266
03901
48892
80012
58761
85032
89460
45036
32174
06890
61443
32533
98390
93245
76710
23061
24482
08759
33830
06040
05158
83501
61705
75042
04347
43219
50228
12009
77535
55445
75166
85326
68128
43068
14903
07036
20695
47122
61319
73140
62476
19958
54216
32073
72104
08087
15438
06483
11961
49690
33607
48323
83318
77346
37803
87121
10965
98075
13203
66215
27025
22442
80916
63376
75253
66204
73052
12804
72364
23518
33614
11735
55963
19808
33709
19120
86046
43085
74012
26554
06712
44216
19074
70535
26807
20607
27215
37066
71360
75243
82601
94580
34113
31093
55352
44846
07035
53214
78664
87020
28613
65202
12189
45383
83540
82301
15946
99223
65583
35504
47403
55391
27041
74801
38967
32207
43844
21218
32086
79906
78112
70601
85023
22963
85118
21128
06066
32905
80922
33830
67010
68504
74455
92058
48166
56360
17517
84028
53089
98444
23083
32539
24540
70401
95567
78155
26347
33708


########################################################################

To unsubscribe from the PROJPETITION list, click the following link and send the email generated:

PROJPETITION-SIGNOFF-REQUEST@LISTSERV.ALBANY.EDU
